date,combined_equity
1996-04-01 00:00:00,1.0
1996-04-02 00:00:00,1.0
1996-04-03 00:00:00,1.0
1996-04-04 00:00:00,1.0
1996-04-08 00:00:00,1.0
1996-04-09 00:00:00,1.0
1996-04-10 00:00:00,1.0
1996-04-11 00:00:00,1.0
1996-04-12 00:00:00,1.0
1996-04-15 00:00:00,1.0
1996-04-16 00:00:00,1.0
1996-04-17 00:00:00,1.0
1996-04-18 00:00:00,1.0
1996-04-19 00:00:00,1.0
1996-04-22 00:00:00,1.0
1996-04-23 00:00:00,1.0
1996-04-24 00:00:00,1.0
1996-04-25 00:00:00,1.0
1996-04-26 00:00:00,1.0
1996-04-29 00:00:00,1.0
1996-04-30 00:00:00,1.0
1996-05-01 00:00:00,1.0
1996-05-02 00:00:00,1.0
1996-05-03 00:00:00,1.0
1996-05-06 00:00:00,1.0
1996-05-07 00:00:00,1.0
1996-05-08 00:00:00,1.0
1996-05-09 00:00:00,1.0
1996-05-10 00:00:00,1.0
1996-05-13 00:00:00,1.0
1996-05-14 00:00:00,1.0
1996-05-15 00:00:00,1.0
1996-05-16 00:00:00,1.0
1996-05-17 00:00:00,1.0
1996-05-20 00:00:00,1.0
1996-05-21 00:00:00,1.0
1996-05-22 00:00:00,1.0
1996-05-23 00:00:00,1.0
1996-05-24 00:00:00,1.0
1996-05-28 00:00:00,1.0
1996-05-29 00:00:00,1.0
1996-05-30 00:00:00,1.0
1996-05-31 00:00:00,1.0
1996-06-03 00:00:00,1.0
1996-06-04 00:00:00,1.0
1996-06-05 00:00:00,1.0
1996-06-06 00:00:00,1.0
1996-06-07 00:00:00,1.0
1996-06-10 00:00:00,1.0
1996-06-11 00:00:00,1.0
1996-06-12 00:00:00,1.0
1996-06-13 00:00:00,1.0
1996-06-14 00:00:00,1.0
1996-06-17 00:00:00,1.0
1996-06-18 00:00:00,1.0
1996-06-19 00:00:00,1.0
1996-06-20 00:00:00,1.0
1996-06-21 00:00:00,1.0
1996-06-24 00:00:00,1.0
1996-06-25 00:00:00,1.0
1996-06-26 00:00:00,1.0
1996-06-27 00:00:00,1.0
1996-06-28 00:00:00,1.0
1996-07-01 00:00:00,1.0
1996-07-02 00:00:00,1.0
1996-07-03 00:00:00,1.0
1996-07-05 00:00:00,1.0
1996-07-08 00:00:00,1.0
1996-07-09 00:00:00,1.0
1996-07-10 00:00:00,1.0
1996-07-11 00:00:00,1.0
1996-07-12 00:00:00,1.0
1996-07-15 00:00:00,1.0
1996-07-16 00:00:00,1.0
1996-07-17 00:00:00,1.0
1996-07-18 00:00:00,1.0
1996-07-19 00:00:00,1.0
1996-07-22 00:00:00,1.0
1996-07-23 00:00:00,1.0
1996-07-24 00:00:00,1.0
1996-07-25 00:00:00,1.0
1996-07-26 00:00:00,1.0
1996-07-29 00:00:00,1.0
1996-07-30 00:00:00,1.0
1996-07-31 00:00:00,1.0
1996-08-01 00:00:00,1.0
1996-08-02 00:00:00,1.0
1996-08-05 00:00:00,1.0
1996-08-06 00:00:00,1.0
1996-08-07 00:00:00,1.0
1996-08-08 00:00:00,1.0
1996-08-09 00:00:00,1.0
1996-08-12 00:00:00,1.0
1996-08-13 00:00:00,1.0
1996-08-14 00:00:00,1.0
1996-08-15 00:00:00,1.0
1996-08-16 00:00:00,1.0
1996-08-19 00:00:00,1.0
1996-08-20 00:00:00,1.0
1996-08-21 00:00:00,1.0
1996-08-22 00:00:00,1.001909125877893
1996-08-23 00:00:00,0.9980817830464981
1996-08-26 00:00:00,1.001890943726675
1996-08-27 00:00:00,1.0094419911275219
1996-08-28 00:00:00,1.011571121035153
1996-08-29 00:00:00,1.0056819222556337
1996-08-30 00:00:00,1.0018545794242388
1996-09-03 00:00:00,1.0268168548314693
1996-09-04 00:00:00,1.022836781929843
1996-09-05 00:00:00,0.9941908026858401
1996-09-06 00:00:00,1.0018182151218027
1996-09-09 00:00:00,1.0094456275577655
1996-09-10 00:00:00,1.0188294358013896
1996-09-11 00:00:00,1.0209585657090208
1996-09-12 00:00:00,1.0075092284530456
1996-09-13 00:00:00,1.0055910114995437
1996-09-16 00:00:00,1.0074910463018276
1996-09-17 00:00:00,1.0074819552262184
1996-09-18 00:00:00,1.0114438459766268
1996-09-19 00:00:00,1.0036455213192146
1996-09-20 00:00:00,1.0074546819993915
1996-09-23 00:00:00,1.0017182132901037
1996-09-24 00:00:00,1.0092692606909506
1996-09-25 00:00:00,1.0074274087725643
1996-09-26 00:00:00,1.0055091918190624
1996-09-27 00:00:00,1.0093183524992393
1996-09-30 00:00:00,1.020764016690988
1996-10-01 00:00:00,1.0055582836273511
1996-10-02 00:00:00,1.0092147142372965
1996-10-03 00:00:00,1.0264641210978396
1996-10-04 00:00:00,1.0226367782664447
1996-10-07 00:00:00,1.014991183679264
1996-10-08 00:00:00,1.0226185961152268
1996-10-09 00:00:00,1.0207003791617246
1996-10-10 00:00:00,1.0187821622082227
1996-10-11 00:00:00,1.0206821970105067
1996-10-14 00:00:00,1.0186112499867734
1996-10-15 00:00:00,1.0112711155400556
1996-10-16 00:00:00,1.013018420272108
1996-10-17 00:00:00,1.0072819515628202
1996-10-18 00:00:00,1.011091112242997
1996-10-21 00:00:00,1.0243695372775228
1996-10-22 00:00:00,1.0225276853591365
1996-10-23 00:00:00,1.0148820907719558
1996-10-24 00:00:00,1.009145622062668
1996-10-25 00:00:00,1.007227405109166
1996-10-28 00:00:00,1.0301278245682721
1996-10-29 00:00:00,1.0319514943354404
1996-10-30 00:00:00,1.005291006004446
1996-10-31 00:00:00,1.0359042940102396
1996-11-01 00:00:00,1.005272823853228
1996-11-04 00:00:00,1.0129002362891908
1996-11-05 00:00:00,1.0358770207834127
1996-11-06 00:00:00,1.0263986653534547
1996-11-07 00:00:00,1.0147820889402566
1996-11-08 00:00:00,1.0224095013762193
1996-11-11 00:00:00,1.0185821585448245
1996-11-12 00:00:00,1.020558558382224
1996-11-13 00:00:00,1.0242149889921697
1996-11-14 00:00:00,1.0185548853179975
1996-11-15 00:00:00,1.0109092907308168
1996-11-18 00:00:00,1.007081947899422
1996-11-19 00:00:00,1.0263168456729737
1996-11-20 00:00:00,1.0223367727713473
1996-11-21 00:00:00,1.0242368075736312
1996-11-22 00:00:00,1.0223185906201293
1996-11-25 00:00:00,1.028036877178199
1996-11-26 00:00:00,1.018329426642894
1996-11-27 00:00:00,1.0204585565505249
1996-11-29 00:00:00,1.0318278557071578
1996-12-02 00:00:00,1.0357133814224504
1996-12-03 00:00:00,1.0357042903468414
1996-12-04 00:00:00,1.0318005824803307
1996-12-05 00:00:00,1.0356097431605076
1996-12-06 00:00:00,1.026055022695434
1996-12-09 00:00:00,1.031696944218388
1996-12-10 00:00:00,1.0335206139855562
1996-12-11 00:00:00,1.0203003718349282
1996-12-12 00:00:00,1.0202912807593192
1996-12-13 00:00:00,1.024100441439496
1996-12-16 00:00:00,1.0450917350207092
1996-12-17 00:00:00,1.0450826439451002
1996-12-18 00:00:00,1.0259822940905619
1996-12-19 00:00:00,1.0259732030149529
1996-12-20 00:00:00,1.022145860183558
1996-12-23 00:00:00,1.0526827831542358
1996-12-24 00:00:00,1.0621429564329758
1996-12-26 00:00:00,1.018300335200945
1996-12-27 00:00:00,1.020200370003229
1996-12-30 00:00:00,1.0584501615205943
1996-12-31 00:00:00,1.0584410704449851
1997-01-02 00:00:00,1.0584319793693762
1997-01-03 00:00:00,1.0584228882937672
1997-01-06 00:00:00,1.0526100545493637
1997-01-07 00:00:00,1.0602374669853263
1997-01-08 00:00:00,1.066032118578512
1997-01-09 00:00:00,1.077325052700029
1997-01-10 00:00:00,1.0944217294903407
1997-01-13 00:00:00,1.08677613490316
1997-01-14 00:00:00,1.086767043827551
1997-01-15 00:00:00,1.0849251919091647
1997-01-16 00:00:00,1.0830833399907784
1997-01-17 00:00:00,1.0849070097579467
1997-01-20 00:00:00,1.0965054040199267
1997-01-21 00:00:00,1.090692570275523
1997-01-22 00:00:00,1.090683479199914
1997-01-23 00:00:00,1.0983108916358768
1997-01-24 00:00:00,1.1019673222458222
1997-01-27 00:00:00,1.111732955665025
1997-01-28 00:00:00,1.1019491400946042
1997-01-29 00:00:00,1.1059110308450124
1997-01-30 00:00:00,1.1077347006121807
1997-01-31 00:00:00,1.0982563451822227
1997-02-03 00:00:00,1.0982472541066137
1997-02-04 00:00:00,1.100070923873782
1997-02-05 00:00:00,1.1058655754669675
1997-02-06 00:00:00,1.1095220060769129
1997-02-07 00:00:00,1.1058473933157493
1997-02-10 00:00:00,1.104005541397363
1997-02-11 00:00:00,1.1058292111645314
1997-02-12 00:00:00,1.103987359246145
1997-02-13 00:00:00,1.0981745255017417
1997-02-14 00:00:00,1.0999981952689097
1997-02-18 00:00:00,1.101821865036078
1997-02-19 00:00:00,1.0999800131176918
1997-02-20 00:00:00,1.0886688968449567
1997-02-21 00:00:00,1.082856063100553
1997-02-24 00:00:00,1.0846797328677213
1997-02-25 00:00:00,1.082837880949335
1997-02-26 00:00:00,1.0941308150708522
1997-02-27 00:00:00,1.0864852204836715
1997-02-28 00:00:00,1.0904471112340797
1997-03-03 00:00:00,1.092270781001248
1997-03-04 00:00:00,1.092261689925639
1997-03-05 00:00:00,1.0962235806760472
1997-03-06 00:00:00,1.10385099311201
1997-03-07 00:00:00,1.1017036810531609
1997-03-10 00:00:00,1.1016945899775519
1997-03-11 00:00:00,1.0980199772163883
1997-03-12 00:00:00,1.1038146288095738
1997-03-13 00:00:00,1.1132748020883139
1997-03-14 00:00:00,1.1114329501699276
1997-03-17 00:00:00,1.1092856381110785
1997-03-18 00:00:00,1.1016400435238978
1997-03-19 00:00:00,1.0979654307627342
1997-03-20 00:00:00,1.1016218613726796
1997-03-21 00:00:00,1.0939762667854989
1997-03-24 00:00:00,1.1016036792214616
1997-03-25 00:00:00,1.096096305617521
1997-03-26 00:00:00,1.093948993558672
1997-03-27 00:00:00,1.093939902483063
1997-03-31 00:00:00,1.105538296745043
1997-04-01 00:00:00,1.0978927021578622
1997-04-02 00:00:00,1.0978836110822532
1997-04-03 00:00:00,1.096041759163867
1997-04-04 00:00:00,1.1036691715998297
1997-04-07 00:00:00,1.107325602209775
1997-04-08 00:00:00,1.107316511134166
1997-04-09 00:00:00,1.1112784018845743
1997-04-10 00:00:00,1.1131020716517426
1997-04-11 00:00:00,1.116758502261688
1997-04-14 00:00:00,1.116749411186079
1997-04-15 00:00:00,1.1112420375821384
1997-04-16 00:00:00,1.1054292038377347
1997-04-17 00:00:00,1.1054201127621257
1997-04-18 00:00:00,1.1014400398604993
1997-04-21 00:00:00,1.0937944452733186
1997-04-22 00:00:00,1.0937853541977096
1997-04-23 00:00:00,1.0937762631221006
1997-04-24 00:00:00,1.097738153872509
1997-04-25 00:00:00,1.0977290627968999
1997-04-28 00:00:00,1.0958872108785136
1997-04-29 00:00:00,1.0958781198029046
1997-04-30 00:00:00,1.0842615433897067
1997-05-01 00:00:00,1.0842524523140977
1997-05-02 00:00:00,1.078439618569694
1997-05-05 00:00:00,1.0764144905670303
1997-05-06 00:00:00,1.0764144905670303
1997-05-07 00:00:00,1.0764144905670303
1997-05-08 00:00:00,1.0764144905670303
1997-05-09 00:00:00,1.0764144905670303
1997-05-12 00:00:00,1.0764144905670303
1997-05-13 00:00:00,1.0764144905670303
1997-05-14 00:00:00,1.0764144905670303
1997-05-15 00:00:00,1.0764144905670303
1997-05-16 00:00:00,1.0764144905670303
1997-05-19 00:00:00,1.0764144905670303
1997-05-20 00:00:00,1.0764144905670303
1997-05-21 00:00:00,1.0764144905670303
1997-05-22 00:00:00,1.0764144905670303
1997-05-23 00:00:00,1.0764144905670303
1997-05-27 00:00:00,1.0764144905670303
1997-05-28 00:00:00,1.0764144905670303
1997-05-29 00:00:00,1.0764144905670303
1997-05-30 00:00:00,1.0764144905670303
1997-06-02 00:00:00,1.0764144905670303
1997-06-03 00:00:00,1.0764144905670303
1997-06-04 00:00:00,1.0764144905670303
1997-06-05 00:00:00,1.0764144905670303
1997-06-06 00:00:00,1.0764144905670303
1997-06-09 00:00:00,1.0764144905670303
1997-06-10 00:00:00,1.0764144905670303
1997-06-11 00:00:00,1.0764144905670303
1997-06-12 00:00:00,1.0764144905670303
1997-06-13 00:00:00,1.0764144905670303
1997-06-16 00:00:00,1.0764144905670303
1997-06-17 00:00:00,1.0764144905670303
1997-06-18 00:00:00,1.0764144905670303
1997-06-19 00:00:00,1.0764144905670303
1997-06-20 00:00:00,1.0764144905670303
1997-06-23 00:00:00,1.0764144905670303
1997-06-24 00:00:00,1.0764144905670303
1997-06-25 00:00:00,1.0764144905670303
1997-06-26 00:00:00,1.0764144905670303
1997-06-27 00:00:00,1.0764144905670303
1997-06-30 00:00:00,1.0764144905670303
1997-07-01 00:00:00,1.0764144905670303
1997-07-02 00:00:00,1.0764144905670303
1997-07-03 00:00:00,1.0764144905670303
1997-07-07 00:00:00,1.0764144905670303
1997-07-08 00:00:00,1.0764144905670303
1997-07-09 00:00:00,1.0764144905670303
1997-07-10 00:00:00,1.0764144905670303
1997-07-11 00:00:00,1.0764144905670303
1997-07-14 00:00:00,1.0764144905670303
1997-07-15 00:00:00,1.0764144905670303
1997-07-16 00:00:00,1.0764144905670303
1997-07-17 00:00:00,1.0764144905670303
1997-07-18 00:00:00,1.0764144905670303
1997-07-21 00:00:00,1.0764144905670303
1997-07-22 00:00:00,1.0764144905670303
1997-07-23 00:00:00,1.0764144905670303
1997-07-24 00:00:00,1.0764144905670303
1997-07-25 00:00:00,1.0764144905670303
1997-07-28 00:00:00,1.0764144905670303
1997-07-29 00:00:00,1.0764144905670303
1997-07-30 00:00:00,1.0764144905670303
1997-07-31 00:00:00,1.0764144905670303
1997-08-01 00:00:00,1.0764144905670303
1997-08-04 00:00:00,1.0764144905670303
1997-08-05 00:00:00,1.0764144905670303
1997-08-06 00:00:00,1.0764144905670303
1997-08-07 00:00:00,1.0764144905670303
1997-08-08 00:00:00,1.0764144905670303
1997-08-11 00:00:00,1.0764144905670303
1997-08-12 00:00:00,1.0764144905670303
1997-08-13 00:00:00,1.0764144905670303
1997-08-14 00:00:00,1.0764144905670303
1997-08-15 00:00:00,1.0764144905670303
1997-08-18 00:00:00,1.0764144905670303
1997-08-19 00:00:00,1.0764144905670303
1997-08-20 00:00:00,1.0764144905670303
1997-08-21 00:00:00,1.0764144905670303
1997-08-22 00:00:00,1.0764144905670303
1997-08-25 00:00:00,1.0803672803643316
1997-08-26 00:00:00,1.0678331198595954
1997-08-27 00:00:00,1.0842860845350688
1997-08-28 00:00:00,1.1053506373073936
1997-08-29 00:00:00,1.1053336444941115
1997-09-02 00:00:00,1.1171750210727334
1997-09-03 00:00:00,1.100688070770696
1997-09-04 00:00:00,1.100671077957414
1997-09-05 00:00:00,1.0927485055495294
1997-09-08 00:00:00,1.10063709233085
1997-09-09 00:00:00,1.0841501420288124
1997-09-10 00:00:00,1.0966503169069846
1997-09-11 00:00:00,1.113103281582458
1997-09-12 00:00:00,1.117039078566477
1997-09-15 00:00:00,1.1130692959558939
1997-09-16 00:00:00,1.117005092939913
1997-09-17 00:00:00,1.1255524780207837
1997-09-18 00:00:00,1.1215826954102004
1997-09-19 00:00:00,1.129471282191521
1997-09-22 00:00:00,1.1215487097836363
1997-09-23 00:00:00,1.1254845067676555
1997-09-24 00:00:00,1.1004331785714652
1997-09-25 00:00:00,1.1004161857581831
1997-09-26 00:00:00,1.1254335283278094
1997-09-29 00:00:00,1.1168521576203745
1997-09-30 00:00:00,1.1128823750097911
1997-10-01 00:00:00,1.1049598026019065
1997-10-02 00:00:00,1.1293183468719825
1997-10-03 00:00:00,1.1293013540587005
1997-10-06 00:00:00,1.1088616139593617
1997-10-07 00:00:00,1.1213617888375338
1997-10-08 00:00:00,1.1213447960242517
1997-10-09 00:00:00,1.1331861726028736
1997-10-10 00:00:00,1.1292163899922902
1997-10-13 00:00:00,1.1291993971790082
1997-10-14 00:00:00,1.14169957205718
1997-10-15 00:00:00,1.141682579243898
1997-10-16 00:00:00,1.1251956289418608
1997-10-17 00:00:00,1.1251786361285787
1997-10-20 00:00:00,1.129114433112598
1997-10-21 00:00:00,1.1330502300966172
1997-10-22 00:00:00,1.1290804474860339
1997-10-23 00:00:00,1.1705677475444154
1997-10-24 00:00:00,1.1659391666342818
1997-10-27 00:00:00,1.2074264666926633
1997-10-28 00:00:00,1.1705167691045693
1997-10-29 00:00:00,1.1869697337800427
1997-10-30 00:00:00,1.190905530764062
1997-10-31 00:00:00,1.1908885379507796
1997-11-03 00:00:00,1.1744015876487424
1997-11-04 00:00:00,1.1987601319188181
1997-11-05 00:00:00,1.2033547272023877
1997-11-06 00:00:00,1.207290524186407
1997-11-07 00:00:00,1.2527306140420897
1997-11-10 00:00:00,1.2527136212288077
1997-11-11 00:00:00,1.2526966284155256
1997-11-12 00:00:00,1.2813373616326782
1997-11-13 00:00:00,1.269132600277717
1997-11-14 00:00:00,1.2526456499756795
1997-11-17 00:00:00,1.223641531982188
1997-11-18 00:00:00,1.23614170686036
1997-11-19 00:00:00,1.2525946715358334
1997-11-20 00:00:00,1.2196377637450406
1997-11-21 00:00:00,1.2314791403236625
1997-11-24 00:00:00,1.2439793152018346
1997-11-25 00:00:00,1.2400095325912512
1997-11-26 00:00:00,1.2360397499806677
1997-11-28 00:00:00,1.2399755469646871
1997-12-01 00:00:00,1.2234885966626496
1997-12-02 00:00:00,1.2313771834439702
1997-12-03 00:00:00,1.2313601906306881
1997-12-04 00:00:00,1.2438603655088603
1997-12-05 00:00:00,1.2524077505897309
1997-12-08 00:00:00,1.2523907577764488
1997-12-09 00:00:00,1.2438093870690141
1997-12-10 00:00:00,1.243792394255732
1997-12-11 00:00:00,1.2602453589312053
1997-12-12 00:00:00,1.2641811559152245
1997-12-15 00:00:00,1.2523057937100386
1997-12-16 00:00:00,1.268758758385512
1997-12-17 00:00:00,1.2397546403920203
1997-12-18 00:00:00,1.260160394864795
1997-12-19 00:00:00,1.280895548487345
1997-12-22 00:00:00,1.2891135344184406
1997-12-23 00:00:00,1.2973315203495361
1997-12-24 00:00:00,1.28492911950471
1997-12-26 00:00:00,1.2890625559785944
1997-12-29 00:00:00,1.2808105844209345
1997-12-30 00:00:00,1.2807935916076525
1997-12-31 00:00:00,1.2807765987943704
1998-01-02 00:00:00,1.2807596059810884
1998-01-05 00:00:00,1.2972125706565618
1998-01-06 00:00:00,1.2971955778432798
1998-01-07 00:00:00,1.276558198254076
1998-01-08 00:00:00,1.2889266134723378
1998-01-09 00:00:00,1.3053795781478112
1998-01-12 00:00:00,1.3094471347917405
1998-01-13 00:00:00,1.2971106137768695
1998-01-14 00:00:00,1.2847082129320433
1998-01-15 00:00:00,1.2888416494059276
1998-01-16 00:00:00,1.2308504062322265
1998-01-20 00:00:00,1.2189750440270406
1998-01-21 00:00:00,1.2308164206056624
1998-01-22 00:00:00,1.222893848197778
1998-01-23 00:00:00,1.1978425200015874
1998-01-26 00:00:00,1.1859671577964017
1998-01-27 00:00:00,1.181338576886268
1998-01-28 00:00:00,1.1734160044783835
1998-01-29 00:00:00,1.1859161793565556
1998-01-30 00:00:00,1.2023691440320288
1998-02-02 00:00:00,1.1858821937299915
1998-02-03 00:00:00,1.1898179907140107
1998-02-04 00:00:00,1.1934112125822638
1998-02-05 00:00:00,1.1934112125822638
1998-02-06 00:00:00,1.1934112125822638
1998-02-09 00:00:00,1.1934112125822638
1998-02-10 00:00:00,1.1934112125822638
1998-02-11 00:00:00,1.1934112125822638
1998-02-12 00:00:00,1.1934112125822638
1998-02-13 00:00:00,1.1934112125822638
1998-02-17 00:00:00,1.1934112125822638
1998-02-18 00:00:00,1.1934112125822638
1998-02-19 00:00:00,1.1934112125822638
1998-02-20 00:00:00,1.1934112125822638
1998-02-23 00:00:00,1.1934112125822638
1998-02-24 00:00:00,1.1934112125822638
1998-02-25 00:00:00,1.1934112125822638
1998-02-26 00:00:00,1.1934112125822638
1998-02-27 00:00:00,1.1934112125822638
1998-03-02 00:00:00,1.1934112125822638
1998-03-03 00:00:00,1.1934112125822638
1998-03-04 00:00:00,1.1934112125822638
1998-03-05 00:00:00,1.1934112125822638
1998-03-06 00:00:00,1.1934112125822638
1998-03-09 00:00:00,1.1934112125822638
1998-03-10 00:00:00,1.1934112125822638
1998-03-11 00:00:00,1.1934112125822638
1998-03-12 00:00:00,1.1934112125822638
1998-03-13 00:00:00,1.1934112125822638
1998-03-16 00:00:00,1.1934112125822638
1998-03-17 00:00:00,1.1934112125822638
1998-03-18 00:00:00,1.1934112125822638
1998-03-19 00:00:00,1.1934112125822638
1998-03-20 00:00:00,1.1934112125822638
1998-03-23 00:00:00,1.1934112125822638
1998-03-24 00:00:00,1.204025559414007
1998-03-25 00:00:00,1.1933773326573152
1998-03-26 00:00:00,1.1631021148959135
1998-03-27 00:00:00,1.1778054181869715
1998-03-30 00:00:00,1.2039577995641098
1998-03-31 00:00:00,1.2343626956589353
1998-04-01 00:00:00,1.2292754496869112
1998-04-02 00:00:00,1.2547735980305592
1998-04-03 00:00:00,1.249686352058535
1998-04-06 00:00:00,1.2342949358090383
1998-04-07 00:00:00,1.229207689837014
1998-04-08 00:00:00,1.1932079330325722
1998-04-09 00:00:00,1.183377497567743
1998-04-13 00:00:00,1.1833605576052686
1998-04-14 00:00:00,1.1776190785997542
1998-04-15 00:00:00,1.1882334254314975
1998-04-16 00:00:00,1.2184747632679505
1998-04-17 00:00:00,1.2135510755542989
1998-04-20 00:00:00,1.2135341355918245
1998-04-21 00:00:00,1.2086104478781727
1998-04-22 00:00:00,1.203686760164521
1998-04-23 00:00:00,1.1979452811590063
1998-04-24 00:00:00,1.1930215934453547
1998-04-27 00:00:00,1.2494322526214205
1998-04-28 00:00:00,1.2240637826111962
1998-04-29 00:00:00,1.2183223036056816
1998-04-30 00:00:00,1.2035851203896752
1998-05-01 00:00:00,1.2084749281783784
1998-05-04 00:00:00,1.2133647359670814
1998-05-05 00:00:00,1.2084410482534298
1998-05-06 00:00:00,1.2339391965970778
1998-05-07 00:00:00,1.2390743417733399
1998-05-08 00:00:00,1.2390574018108655
1998-05-11 00:00:00,1.2288180707001048
1998-05-12 00:00:00,1.239023521885917
1998-05-13 00:00:00,1.2492289730717288
1998-05-14 00:00:00,1.2389896419609683
1998-05-15 00:00:00,1.2440430080080438
1998-05-18 00:00:00,1.249178153184306
1998-05-19 00:00:00,1.2389388220735453
1998-05-20 00:00:00,1.2385129864651396
1998-05-21 00:00:00,1.2286825510003105
1998-05-22 00:00:00,1.2388880021861224
1998-05-26 00:00:00,1.2490934533719344
1998-05-27 00:00:00,1.2490765134094601
1998-05-28 00:00:00,1.2490595734469858
1998-05-29 00:00:00,1.2541129394940613
1998-06-01 00:00:00,1.2796928669668959
1998-06-02 00:00:00,1.2694535358561354
1998-06-03 00:00:00,1.269436595893661
1998-06-04 00:00:00,1.2642675707924504
1998-06-05 00:00:00,1.2744730219782623
1998-06-08 00:00:00,1.2846784731640744
1998-06-09 00:00:00,1.27959122719205
1998-06-10 00:00:00,1.2947034261290393
1998-06-11 00:00:00,1.3204469118602464
1998-06-12 00:00:00,1.3204299718977721
1998-06-15 00:00:00,1.3510802053801565
1998-06-16 00:00:00,1.3254663979823733
1998-06-17 00:00:00,1.2488224139723456
1998-06-18 00:00:00,1.2640981711677075
1998-06-19 00:00:00,1.2385661428991108
1998-06-22 00:00:00,1.2692163763814952
1998-06-23 00:00:00,1.2896442187155932
1998-06-24 00:00:00,1.2896272787531189
1998-06-25 00:00:00,1.299832729938931
1998-06-26 00:00:00,1.2946637048377203
1998-06-29 00:00:00,1.289576458865696
1998-06-30 00:00:00,1.2435178691713404
1998-07-01 00:00:00,1.20285670200328
1998-07-02 00:00:00,1.2434839892463918
1998-07-06 00:00:00,1.2536894404322039
1998-07-07 00:00:00,1.2383798033118933
1998-07-08 00:00:00,1.2332107782106827
1998-07-09 00:00:00,1.2587907056835173
1998-07-10 00:00:00,1.2536216805823066
1998-07-13 00:00:00,1.2485344346102825
1998-07-14 00:00:00,1.2280727123512356
1998-07-15 00:00:00,1.2331260783983113
1998-07-16 00:00:00,1.2075940501297147
1998-07-17 00:00:00,1.2075771101672403
1998-07-20 00:00:00,1.207560170204766
1998-07-21 00:00:00,1.227988012538864
1998-07-22 00:00:00,1.2534861608825123
1998-07-23 00:00:00,1.2688436972070605
1998-07-24 00:00:00,1.2534522809575637
1998-07-27 00:00:00,1.279032208430398
1998-07-28 00:00:00,1.2790152684679237
1998-07-29 00:00:00,1.273846243366713
1998-07-30 00:00:00,1.268758997394689
1998-07-31 00:00:00,1.2738123634417644
1998-08-03 00:00:00,1.304462596924149
1998-08-04 00:00:00,1.3146680481099609
1998-08-05 00:00:00,1.2789136286930778
1998-08-06 00:00:00,1.2839669947401535
1998-08-07 00:00:00,1.309546922212988
1998-08-10 00:00:00,1.3197523733988
1998-08-11 00:00:00,1.345250521742448
1998-08-12 00:00:00,1.3299408846221374
1998-08-13 00:00:00,1.3299239446596631
1998-08-14 00:00:00,1.3503517869937613
1998-08-17 00:00:00,1.350334847031287
1998-08-18 00:00:00,1.324721039633504
1998-08-19 00:00:00,1.3196337936614797
1998-08-20 00:00:00,1.3246871597085554
1998-08-21 00:00:00,1.3298223048848175
1998-08-24 00:00:00,1.3400277560706293
1998-08-25 00:00:00,1.340010816108155
1998-08-26 00:00:00,1.350216267293967
1998-08-27 00:00:00,1.3812753964222828
1998-08-28 00:00:00,1.3961422579717133
1998-08-31 00:00:00,1.4012774031479753
1998-09-01 00:00:00,1.3347740311570473
1998-09-02 00:00:00,1.334757091194573
1998-09-03 00:00:00,1.3245177600838125
1998-09-04 00:00:00,1.3398752964083607
1998-09-08 00:00:00,1.2835943155657188
1998-09-09 00:00:00,1.3244669401963896
1998-09-10 00:00:00,1.3244500002339152
1998-09-11 00:00:00,1.324433060271441
1998-09-14 00:00:00,1.3244161203089666
1998-09-15 00:00:00,1.3295512654852286
1998-09-16 00:00:00,1.3499791078193268
1998-09-17 00:00:00,1.3448100827181162
1998-09-18 00:00:00,1.3397228367460918
1998-09-21 00:00:00,1.36015067908019
1998-09-22 00:00:00,1.370356130266002
1998-09-23 00:00:00,1.3498944080069553
1998-09-24 00:00:00,1.349877468044481
1998-09-25 00:00:00,1.3600829192302928
1998-09-28 00:00:00,1.3600659792678185
1998-09-29 00:00:00,1.349826648157058
1998-09-30 00:00:00,1.3906992727877285
1998-10-01 00:00:00,1.4161974211313768
1998-10-02 00:00:00,1.3855133077240438
1998-10-05 00:00:00,1.4110932351968781
1998-10-06 00:00:00,1.3804091217895451
1998-10-07 00:00:00,1.2934609675020448
1998-10-08 00:00:00,1.3343335921327153
1998-10-09 00:00:00,1.2985791727158325
1998-10-12 00:00:00,1.2781174504567856
1998-10-13 00:00:00,1.2985452927908838
1998-10-14 00:00:00,1.3035986588379596
1998-10-15 00:00:00,1.2678442394210765
1998-10-16 00:00:00,1.2831199966164384
1998-10-19 00:00:00,1.2524358832091054
1998-10-20 00:00:00,1.237126246088795
1998-10-21 00:00:00,1.2113488804326393
1998-10-22 00:00:00,1.2265284653720783
1998-10-23 00:00:00,1.2265284653720783
1998-10-26 00:00:00,1.2265284653720783
1998-10-27 00:00:00,1.2265284653720783
1998-10-28 00:00:00,1.2265284653720783
1998-10-29 00:00:00,1.2265284653720783
1998-10-30 00:00:00,1.2265284653720783
1998-11-02 00:00:00,1.2265284653720783
1998-11-03 00:00:00,1.2265284653720783
1998-11-04 00:00:00,1.2265284653720783
1998-11-05 00:00:00,1.2265284653720783
1998-11-06 00:00:00,1.2265284653720783
1998-11-09 00:00:00,1.2265284653720783
1998-11-10 00:00:00,1.2265284653720783
1998-11-11 00:00:00,1.2265284653720783
1998-11-12 00:00:00,1.2265284653720783
1998-11-13 00:00:00,1.2265284653720783
1998-11-16 00:00:00,1.2265284653720783
1998-11-17 00:00:00,1.2265284653720783
1998-11-18 00:00:00,1.2265284653720783
1998-11-19 00:00:00,1.2265284653720783
1998-11-20 00:00:00,1.2265284653720783
1998-11-23 00:00:00,1.2265284653720783
1998-11-24 00:00:00,1.2265284653720783
1998-11-25 00:00:00,1.2265284653720783
1998-11-27 00:00:00,1.2265284653720783
1998-11-30 00:00:00,1.2265284653720783
1998-12-01 00:00:00,1.2265284653720783
1998-12-02 00:00:00,1.2265284653720783
1998-12-03 00:00:00,1.2265284653720783
1998-12-04 00:00:00,1.2265284653720783
1998-12-07 00:00:00,1.2265284653720783
1998-12-08 00:00:00,1.2265284653720783
1998-12-09 00:00:00,1.2265284653720783
1998-12-10 00:00:00,1.2265284653720783
1998-12-11 00:00:00,1.2265284653720783
1998-12-14 00:00:00,1.2265284653720783
1998-12-15 00:00:00,1.2265284653720783
1998-12-16 00:00:00,1.2265284653720783
1998-12-17 00:00:00,1.2265284653720783
1998-12-18 00:00:00,1.2265284653720783
1998-12-21 00:00:00,1.2265284653720783
1998-12-22 00:00:00,1.2265284653720783
1998-12-23 00:00:00,1.2265284653720783
1998-12-24 00:00:00,1.2265284653720783
1998-12-28 00:00:00,1.2265284653720783
1998-12-29 00:00:00,1.2265284653720783
1998-12-30 00:00:00,1.2265284653720783
1998-12-31 00:00:00,1.2265284653720783
1999-01-04 00:00:00,1.2265284653720783
1999-01-05 00:00:00,1.2265284653720783
1999-01-06 00:00:00,1.2265284653720783
1999-01-07 00:00:00,1.2265284653720783
1999-01-08 00:00:00,1.2265284653720783
1999-01-11 00:00:00,1.2265284653720783
1999-01-12 00:00:00,1.2265284653720783
1999-01-13 00:00:00,1.2265284653720783
1999-01-14 00:00:00,1.2265284653720783
1999-01-15 00:00:00,1.2265284653720783
1999-01-19 00:00:00,1.2265284653720783
1999-01-20 00:00:00,1.2265284653720783
1999-01-21 00:00:00,1.2265284653720783
1999-01-22 00:00:00,1.2265284653720783
1999-01-25 00:00:00,1.2265284653720783
1999-01-26 00:00:00,1.2265284653720783
1999-01-27 00:00:00,1.2265284653720783
1999-01-28 00:00:00,1.2265284653720783
1999-01-29 00:00:00,1.2265284653720783
1999-02-01 00:00:00,1.2265284653720783
1999-02-02 00:00:00,1.2265284653720783
1999-02-03 00:00:00,1.2265284653720783
1999-02-04 00:00:00,1.2265284653720783
1999-02-05 00:00:00,1.2265284653720783
1999-02-08 00:00:00,1.2265284653720783
1999-02-09 00:00:00,1.2265284653720783
1999-02-10 00:00:00,1.2265284653720783
1999-02-11 00:00:00,1.2265284653720783
1999-02-12 00:00:00,1.2265284653720783
1999-02-16 00:00:00,1.2265284653720783
1999-02-17 00:00:00,1.2265284653720783
1999-02-18 00:00:00,1.2265284653720783
1999-02-19 00:00:00,1.2265284653720783
1999-02-22 00:00:00,1.2265284653720783
1999-02-23 00:00:00,1.2265284653720783
1999-02-24 00:00:00,1.2265284653720783
1999-02-25 00:00:00,1.2265284653720783
1999-02-26 00:00:00,1.2265070761027541
1999-03-01 00:00:00,1.2403200888681472
1999-03-02 00:00:00,1.266903318896356
1999-03-03 00:00:00,1.266881929627032
1999-03-04 00:00:00,1.2668605403577078
1999-03-05 00:00:00,1.2200150211247258
1999-03-08 00:00:00,1.2072234145925855
1999-03-09 00:00:00,1.1805974060257285
1999-03-10 00:00:00,1.1460908963859877
1999-03-11 00:00:00,1.1460908963859877
1999-03-12 00:00:00,1.1460908963859877
1999-03-15 00:00:00,1.1460908963859877
1999-03-16 00:00:00,1.1460908963859877
1999-03-17 00:00:00,1.1460908963859877
1999-03-18 00:00:00,1.1460908963859877
1999-03-19 00:00:00,1.1460908963859877
1999-03-22 00:00:00,1.1460908963859877
1999-03-23 00:00:00,1.1460908963859877
1999-03-24 00:00:00,1.1460908963859877
1999-03-25 00:00:00,1.1460908963859877
1999-03-26 00:00:00,1.1460908963859877
1999-03-29 00:00:00,1.1460908963859877
1999-03-30 00:00:00,1.1460908963859877
1999-03-31 00:00:00,1.1460908963859877
1999-04-01 00:00:00,1.1460908963859877
1999-04-05 00:00:00,1.1460908963859877
1999-04-06 00:00:00,1.1460908963859877
1999-04-07 00:00:00,1.1460908963859877
1999-04-08 00:00:00,1.1460908963859877
1999-04-09 00:00:00,1.1460908963859877
1999-04-12 00:00:00,1.1460908963859877
1999-04-13 00:00:00,1.1460908963859877
1999-04-14 00:00:00,1.1460908963859877
1999-04-15 00:00:00,1.1460908963859877
1999-04-16 00:00:00,1.1460908963859877
1999-04-19 00:00:00,1.1460908963859877
1999-04-20 00:00:00,1.1460908963859877
1999-04-21 00:00:00,1.1460908963859877
1999-04-22 00:00:00,1.1460908963859877
1999-04-23 00:00:00,1.1460908963859877
1999-04-26 00:00:00,1.1460908963859877
1999-04-27 00:00:00,1.1460908963859877
1999-04-28 00:00:00,1.1460908963859877
1999-04-29 00:00:00,1.1460908963859877
1999-04-30 00:00:00,1.1460908963859877
1999-05-03 00:00:00,1.1460908963859877
1999-05-04 00:00:00,1.1460908963859877
1999-05-05 00:00:00,1.1460908963859877
1999-05-06 00:00:00,1.1460908963859877
1999-05-07 00:00:00,1.1460908963859877
1999-05-10 00:00:00,1.1460908963859877
1999-05-11 00:00:00,1.1460908963859877
1999-05-12 00:00:00,1.1460908963859877
1999-05-13 00:00:00,1.1460908963859877
1999-05-14 00:00:00,1.1460908963859877
1999-05-17 00:00:00,1.1460908963859877
1999-05-18 00:00:00,1.1460908963859877
1999-05-19 00:00:00,1.1460908963859877
1999-05-20 00:00:00,1.1460908963859877
1999-05-21 00:00:00,1.1460908963859877
1999-05-24 00:00:00,1.1460908963859877
1999-05-25 00:00:00,1.1460908963859877
1999-05-26 00:00:00,1.1460908963859877
1999-05-27 00:00:00,1.1460908963859877
1999-05-28 00:00:00,1.1460908963859877
1999-06-01 00:00:00,1.1460908963859877
1999-06-02 00:00:00,1.1460908963859877
1999-06-03 00:00:00,1.1460908963859877
1999-06-04 00:00:00,1.1460908963859877
1999-06-07 00:00:00,1.1460908963859877
1999-06-08 00:00:00,1.1460908963859877
1999-06-09 00:00:00,1.1460908963859877
1999-06-10 00:00:00,1.1460908963859877
1999-06-11 00:00:00,1.1460908963859877
1999-06-14 00:00:00,1.1460908963859877
1999-06-15 00:00:00,1.1460908963859877
1999-06-16 00:00:00,1.1460908963859877
1999-06-17 00:00:00,1.1460908963859877
1999-06-18 00:00:00,1.1460908963859877
1999-06-21 00:00:00,1.1460908963859877
1999-06-22 00:00:00,1.1460908963859877
1999-06-23 00:00:00,1.1460908963859877
1999-06-24 00:00:00,1.1460908963859877
1999-06-25 00:00:00,1.1460908963859877
1999-06-28 00:00:00,1.1460908963859877
1999-06-29 00:00:00,1.1460908963859877
1999-06-30 00:00:00,1.1460908963859877
1999-07-01 00:00:00,1.1460908963859877
1999-07-02 00:00:00,1.1460908963859877
1999-07-06 00:00:00,1.1460908963859877
1999-07-07 00:00:00,1.1460908963859877
1999-07-08 00:00:00,1.1460908963859877
1999-07-09 00:00:00,1.1460908963859877
1999-07-12 00:00:00,1.1460908963859877
1999-07-13 00:00:00,1.1460908963859877
1999-07-14 00:00:00,1.1460908963859877
1999-07-15 00:00:00,1.1460908963859877
1999-07-16 00:00:00,1.1460908963859877
1999-07-19 00:00:00,1.1460908963859877
1999-07-20 00:00:00,1.1460908963859877
1999-07-21 00:00:00,1.1460908963859877
1999-07-22 00:00:00,1.1460908963859877
1999-07-23 00:00:00,1.1460908963859877
1999-07-26 00:00:00,1.1460908963859877
1999-07-27 00:00:00,1.1460908963859877
1999-07-28 00:00:00,1.1460908963859877
1999-07-29 00:00:00,1.1460908963859877
1999-07-30 00:00:00,1.1460908963859877
1999-08-02 00:00:00,1.1460908963859877
1999-08-03 00:00:00,1.1460908963859877
1999-08-04 00:00:00,1.1460908963859877
1999-08-05 00:00:00,1.1460908963859877
1999-08-06 00:00:00,1.1460908963859877
1999-08-09 00:00:00,1.1460908963859877
1999-08-10 00:00:00,1.1460908963859877
1999-08-11 00:00:00,1.1460908963859877
1999-08-12 00:00:00,1.1460908963859877
1999-08-13 00:00:00,1.1460908963859877
1999-08-16 00:00:00,1.1460908963859877
1999-08-17 00:00:00,1.1460908963859877
1999-08-18 00:00:00,1.1460908963859877
1999-08-19 00:00:00,1.1460908963859877
1999-08-20 00:00:00,1.1460908963859877
1999-08-23 00:00:00,1.1460908963859877
1999-08-24 00:00:00,1.1460908963859877
1999-08-25 00:00:00,1.1460908963859877
1999-08-26 00:00:00,1.1460908963859877
1999-08-27 00:00:00,1.1460908963859877
1999-08-30 00:00:00,1.1460908963859877
1999-08-31 00:00:00,1.1460908963859877
1999-09-01 00:00:00,1.1460908963859877
1999-09-02 00:00:00,1.1460908963859877
1999-09-03 00:00:00,1.1460908963859877
1999-09-07 00:00:00,1.1460908963859877
1999-09-08 00:00:00,1.1460908963859877
1999-09-09 00:00:00,1.1460908963859877
1999-09-10 00:00:00,1.1460908963859877
1999-09-13 00:00:00,1.1460908963859877
1999-09-14 00:00:00,1.1460908963859877
1999-09-15 00:00:00,1.1460908963859877
1999-09-16 00:00:00,1.1460908963859877
1999-09-17 00:00:00,1.1460908963859877
1999-09-20 00:00:00,1.1460908963859877
1999-09-21 00:00:00,1.1460908963859877
1999-09-22 00:00:00,1.1460908963859877
1999-09-23 00:00:00,1.1460908963859877
1999-09-24 00:00:00,1.1460908963859877
1999-09-27 00:00:00,1.1460908963859877
1999-09-28 00:00:00,1.1460908963859877
1999-09-29 00:00:00,1.1460908963859877
1999-09-30 00:00:00,1.1460908963859877
1999-10-01 00:00:00,1.1460908963859877
1999-10-04 00:00:00,1.1460908963859877
1999-10-05 00:00:00,1.1460908963859877
1999-10-06 00:00:00,1.1460908963859877
1999-10-07 00:00:00,1.1460908963859877
1999-10-08 00:00:00,1.1460908963859877
1999-10-11 00:00:00,1.1460908963859877
1999-10-12 00:00:00,1.1460908963859877
1999-10-13 00:00:00,1.1460908963859877
1999-10-14 00:00:00,1.1460908963859877
1999-10-15 00:00:00,1.1460908963859877
1999-10-18 00:00:00,1.1460908963859877
1999-10-19 00:00:00,1.1460908963859877
1999-10-20 00:00:00,1.1460908963859877
1999-10-21 00:00:00,1.1460908963859877
1999-10-22 00:00:00,1.1460908963859877
1999-10-25 00:00:00,1.1460908963859877
1999-10-26 00:00:00,1.1460908963859877
1999-10-27 00:00:00,1.1460908963859877
1999-10-28 00:00:00,1.1460908963859877
1999-10-29 00:00:00,1.1460908963859877
1999-11-01 00:00:00,1.1460908963859877
1999-11-02 00:00:00,1.1460908963859877
1999-11-03 00:00:00,1.1460908963859877
1999-11-04 00:00:00,1.1460908963859877
1999-11-05 00:00:00,1.1460908963859877
1999-11-08 00:00:00,1.1460908963859877
1999-11-09 00:00:00,1.1460908963859877
1999-11-10 00:00:00,1.1460908963859877
1999-11-11 00:00:00,1.1460908963859877
1999-11-12 00:00:00,1.1460908963859877
1999-11-15 00:00:00,1.1460908963859877
1999-11-16 00:00:00,1.1460908963859877
1999-11-17 00:00:00,1.1460908963859877
1999-11-18 00:00:00,1.1460908963859877
1999-11-19 00:00:00,1.1460908963859877
1999-11-22 00:00:00,1.1460908963859877
1999-11-23 00:00:00,1.1460908963859877
1999-11-24 00:00:00,1.1460908963859877
1999-11-26 00:00:00,1.1460908963859877
1999-11-29 00:00:00,1.1460908963859877
1999-11-30 00:00:00,1.1460908963859877
1999-12-01 00:00:00,1.1460908963859877
1999-12-02 00:00:00,1.1460908963859877
1999-12-03 00:00:00,1.1460908963859877
1999-12-06 00:00:00,1.1460908963859877
1999-12-07 00:00:00,1.1460908963859877
1999-12-08 00:00:00,1.1460908963859877
1999-12-09 00:00:00,1.1460908963859877
1999-12-10 00:00:00,1.1460908963859877
1999-12-13 00:00:00,1.1460908963859877
1999-12-14 00:00:00,1.1460908963859877
1999-12-15 00:00:00,1.1460908963859877
1999-12-16 00:00:00,1.1460908963859877
1999-12-17 00:00:00,1.1460908963859877
1999-12-20 00:00:00,1.1460908963859877
1999-12-21 00:00:00,1.1460908963859877
1999-12-22 00:00:00,1.1460908963859877
1999-12-23 00:00:00,1.1460908963859877
1999-12-27 00:00:00,1.1460908963859877
1999-12-28 00:00:00,1.1460908963859877
1999-12-29 00:00:00,1.1460908963859877
1999-12-30 00:00:00,1.1460908963859877
1999-12-31 00:00:00,1.1460908963859877
2000-01-03 00:00:00,1.1460908963859877
2000-01-04 00:00:00,1.1460908963859877
2000-01-05 00:00:00,1.1460908963859877
2000-01-06 00:00:00,1.1460908963859877
2000-01-07 00:00:00,1.1460908963859877
2000-01-10 00:00:00,1.1460908963859877
2000-01-11 00:00:00,1.1460908963859877
2000-01-12 00:00:00,1.1460908963859877
2000-01-13 00:00:00,1.1460908963859877
2000-01-14 00:00:00,1.1460908963859877
2000-01-18 00:00:00,1.1460908963859877
2000-01-19 00:00:00,1.1460908963859877
2000-01-20 00:00:00,1.1460908963859877
2000-01-21 00:00:00,1.1460908963859877
2000-01-24 00:00:00,1.1460908963859877
2000-01-25 00:00:00,1.1460908963859877
2000-01-26 00:00:00,1.1460908963859877
2000-01-27 00:00:00,1.1460908963859877
2000-01-28 00:00:00,1.1460908963859877
2000-01-31 00:00:00,1.1460908963859877
2000-02-01 00:00:00,1.1460908963859877
2000-02-02 00:00:00,1.1460908963859877
2000-02-03 00:00:00,1.1460908963859877
2000-02-04 00:00:00,1.1460908963859877
2000-02-07 00:00:00,1.1460908963859877
2000-02-08 00:00:00,1.1460908963859877
2000-02-09 00:00:00,1.1460908963859877
2000-02-10 00:00:00,1.1460908963859877
2000-02-11 00:00:00,1.1460908963859877
2000-02-14 00:00:00,1.1460908963859877
2000-02-15 00:00:00,1.1460908963859877
2000-02-16 00:00:00,1.1460908963859877
2000-02-17 00:00:00,1.1460908963859877
2000-02-18 00:00:00,1.1460908963859877
2000-02-22 00:00:00,1.1460908963859877
2000-02-23 00:00:00,1.1460908963859877
2000-02-24 00:00:00,1.1460908963859877
2000-02-25 00:00:00,1.1460908963859877
2000-02-28 00:00:00,1.1460908963859877
2000-02-29 00:00:00,1.1366038448240137
2000-03-01 00:00:00,1.1139590693965404
2000-03-02 00:00:00,1.1365602321877124
2000-03-03 00:00:00,1.1277811475046626
2000-03-06 00:00:00,1.1686266402227075
2000-03-07 00:00:00,1.1547391431601335
2000-03-08 00:00:00,1.1364730069151097
2000-03-09 00:00:00,1.145938252158933
2000-03-10 00:00:00,1.1546737242056815
2000-03-13 00:00:00,1.20938490766815
2000-03-14 00:00:00,1.1911187714231262
2000-03-15 00:00:00,1.1772312743605517
2000-03-16 00:00:00,1.1363421690062054
2000-03-17 00:00:00,1.1501860534324784
2000-03-20 00:00:00,1.1406771955523536
2000-03-21 00:00:00,1.1464935748108023
2000-03-22 00:00:00,1.1544992736604758
2000-03-23 00:00:00,1.1544774673423253
2000-03-24 00:00:00,1.1544556610241745
2000-03-27 00:00:00,1.1405681639616
2000-03-28 00:00:00,1.1135447493516772
2000-03-29 00:00:00,1.0720809619086218
2000-03-30 00:00:00,1.0720809619086218
2000-03-31 00:00:00,1.0720809619086218
2000-04-03 00:00:00,1.0720809619086218
2000-04-04 00:00:00,1.0720809619086218
2000-04-05 00:00:00,1.0720809619086218
2000-04-06 00:00:00,1.0720809619086218
2000-04-07 00:00:00,1.0720809619086218
2000-04-10 00:00:00,1.0720809619086218
2000-04-11 00:00:00,1.0720809619086218
2000-04-12 00:00:00,1.0720809619086218
2000-04-13 00:00:00,1.0720809619086218
2000-04-14 00:00:00,1.0720809619086218
2000-04-17 00:00:00,1.0720809619086218
2000-04-18 00:00:00,1.0720809619086218
2000-04-19 00:00:00,1.0720809619086218
2000-04-20 00:00:00,1.0720809619086218
2000-04-24 00:00:00,1.0720809619086218
2000-04-25 00:00:00,1.0720809619086218
2000-04-26 00:00:00,1.0720809619086218
2000-04-27 00:00:00,1.0720809619086218
2000-04-28 00:00:00,1.07507899764883
2000-05-01 00:00:00,1.0595739677770724
2000-05-02 00:00:00,1.0685528964503481
2000-05-03 00:00:00,1.0682317183884489
2000-05-04 00:00:00,1.0613767193736996
2000-05-05 00:00:00,1.0647302598028765
2000-05-08 00:00:00,1.0647302598028765
2000-05-09 00:00:00,1.0684021584910974
2000-05-10 00:00:00,1.0746810948400791
2000-05-11 00:00:00,1.0841073729218216
2000-05-12 00:00:00,1.0715022588742384
2000-05-15 00:00:00,1.0746338534904594
2000-05-16 00:00:00,1.0714707646411588
2000-05-17 00:00:00,1.0908636248766435
2000-05-18 00:00:00,1.0877005360273428
2000-05-19 00:00:00,1.0976513710645455
2000-05-22 00:00:00,1.1170442313000302
2000-05-23 00:00:00,1.1170284841834903
2000-05-24 00:00:00,1.1038988131804472
2000-05-25 00:00:00,1.110702306484889
2000-05-26 00:00:00,1.1038673189473673
2000-05-30 00:00:00,1.0844429644788027
2000-05-31 00:00:00,1.1106550651352693
2000-06-01 00:00:00,1.0943780523994653
2000-06-02 00:00:00,1.0712817992426797
2000-06-05 00:00:00,1.07126605212614
2000-06-06 00:00:00,1.0681029632768393
2000-06-07 00:00:00,1.0644153174720785
2000-06-08 00:00:00,1.0712188107765201
2000-06-09 00:00:00,1.0774977471255018
2000-06-12 00:00:00,1.081153898697183
2000-06-13 00:00:00,1.0811381515806429
2000-06-14 00:00:00,1.0905644296623853
2000-06-15 00:00:00,1.1036626064323487
2000-06-16 00:00:00,1.1073187580040296
2000-06-19 00:00:00,1.084222504847244
2000-06-20 00:00:00,1.0742401755769617
2000-06-21 00:00:00,1.071077086727661
2000-06-22 00:00:00,1.0642420991901396
2000-06-23 00:00:00,1.0773402759601027
2000-06-26 00:00:00,1.077324528843563
2000-06-27 00:00:00,1.0678667565287407
2000-06-28 00:00:00,1.0578844272584584
2000-06-29 00:00:00,1.0578686801419186
2000-06-30 00:00:00,1.0610002747581395
2000-07-03 00:00:00,1.054689844176078
2000-07-05 00:00:00,1.0740827044115628
2000-07-06 00:00:00,1.0677722738295012
2000-07-07 00:00:00,1.0640846280247405
2000-07-10 00:00:00,1.0609215391754399
2000-07-11 00:00:00,1.0609057920589
2000-07-12 00:00:00,1.0677092853633416
2000-07-13 00:00:00,1.0804900002638604
2000-07-14 00:00:00,1.0804900002638604
2000-07-17 00:00:00,1.0804900002638604
2000-07-18 00:00:00,1.1128317750482233
2000-07-19 00:00:00,1.121636667594027
2000-07-20 00:00:00,1.0988138746317668
2000-07-21 00:00:00,1.1311556494161297
2000-07-24 00:00:00,1.149522400371348
2000-07-25 00:00:00,1.1355259382485474
2000-07-26 00:00:00,1.1450663583643061
2000-07-27 00:00:00,1.1634331093195245
2000-07-28 00:00:00,1.1906261911142026
2000-07-31 00:00:00,1.1678033981519422
2000-08-01 00:00:00,1.1582201014488716
2000-08-02 00:00:00,1.1581986631552155
2000-08-03 00:00:00,1.1633259178512443
2000-08-04 00:00:00,1.1581557865679033
2000-08-07 00:00:00,1.1537211828545177
2000-08-08 00:00:00,1.1581129099805914
2000-08-09 00:00:00,1.1492651408474757
2000-08-10 00:00:00,1.1536568679735497
2000-08-11 00:00:00,1.139660405850749
2000-08-14 00:00:00,1.1447876605467777
2000-08-15 00:00:00,1.135204363843707
2000-08-16 00:00:00,1.1395960909697809
2000-08-17 00:00:00,1.1491365110855396
2000-08-18 00:00:00,1.1447019073721536
2000-08-21 00:00:00,1.1490936344982274
2000-08-22 00:00:00,1.1446590307848417
2000-08-23 00:00:00,1.1262494032423112
2000-08-24 00:00:00,1.1394674612078446
2000-08-25 00:00:00,1.130619692074729
2000-08-28 00:00:00,1.1166232299519283
2000-08-29 00:00:00,1.1210149570780021
2000-08-30 00:00:00,1.1445304010229054
2000-08-31 00:00:00,1.1349471043198347
2000-09-01 00:00:00,1.126099335186719
2000-09-05 00:00:00,1.1577055824011269
2000-09-06 00:00:00,1.1576841441074708
2000-09-07 00:00:00,1.148836374974355
2000-09-08 00:00:00,1.153228102100429
2000-09-11 00:00:00,1.1671816876359176
2000-09-12 00:00:00,1.175986580181721
2000-09-13 00:00:00,1.18111383487775
2000-09-14 00:00:00,1.1810923965840938
2000-09-15 00:00:00,1.1898972891298976
2000-09-18 00:00:00,1.1854626854165118
2000-09-19 00:00:00,1.1670530578739813
2000-09-20 00:00:00,1.1626184541605955
2000-09-21 00:00:00,1.1714233467063992
2000-09-22 00:00:00,1.1809637668221578
2000-09-25 00:00:00,1.1897686593679615
2000-09-26 00:00:00,1.1853340556545755
2000-09-27 00:00:00,1.1992876411900641
2000-09-28 00:00:00,1.1852911790672636
2000-09-29 00:00:00,1.1852697407736075
2000-10-02 00:00:00,1.1852483024799514
2000-10-03 00:00:00,1.171251840357151
2000-10-04 00:00:00,1.166817236643765
2000-10-05 00:00:00,1.1712089637698389
2000-10-06 00:00:00,1.1851625493053273
2000-10-09 00:00:00,1.1851411110116714
2000-10-10 00:00:00,1.1851196727180153
2000-10-11 00:00:00,1.2078995890929636
2000-10-12 00:00:00,1.221853174628452
2000-10-13 00:00:00,1.1990303816661916
2000-10-16 00:00:00,1.2078352742119955
2000-10-17 00:00:00,1.2262020251672139
2000-10-18 00:00:00,1.2401556107027023
2000-10-19 00:00:00,1.2173328177404419
2000-10-20 00:00:00,1.2261377102862459
2000-10-23 00:00:00,1.2217031065728599
2000-10-24 00:00:00,1.2260948336989337
2000-10-25 00:00:00,1.240048419234422
2000-10-26 00:00:00,1.2356138155210363
2000-10-27 00:00:00,1.2216173533982357
2000-10-30 00:00:00,1.244397269773184
2000-10-31 00:00:00,1.2259876422306535
2000-11-01 00:00:00,1.2303793693567273
2000-11-02 00:00:00,1.2119697418141968
2000-11-03 00:00:00,1.1987088072613512
2000-11-06 00:00:00,1.1935386759780104
2000-11-07 00:00:00,1.1986659306740393
2000-11-08 00:00:00,1.207470823219843
2000-11-09 00:00:00,1.2214244087553314
2000-11-10 00:00:00,1.2397911597105498
2000-11-13 00:00:00,1.2441828868366236
2000-11-14 00:00:00,1.2257732592940933
2000-11-15 00:00:00,1.2397268448295817
2000-11-16 00:00:00,1.2669199266242597
2000-11-17 00:00:00,1.2580721574911442
2000-11-20 00:00:00,1.2764389084463625
2000-11-21 00:00:00,1.2852438009921663
2000-11-22 00:00:00,1.2991973865276547
2000-11-24 00:00:00,1.294762782814269
2000-11-27 00:00:00,1.2807663206914683
2000-11-28 00:00:00,1.285158047817542
2000-11-29 00:00:00,1.2902853025135708
2000-11-30 00:00:00,1.2946770296396448
2000-12-01 00:00:00,1.2667055436876995
2000-12-04 00:00:00,1.2806591292231881
2000-12-05 00:00:00,1.280637690929532
2000-12-06 00:00:00,1.2806162526358762
2000-12-07 00:00:00,1.2901566727516347
2000-12-08 00:00:00,1.2901352344579786
2000-12-11 00:00:00,1.2621637485060337
2000-12-12 00:00:00,1.2761173340415222
2000-12-13 00:00:00,1.2849222265873257
2000-12-14 00:00:00,1.2849007882936698
2000-12-15 00:00:00,1.3084162322385728
2000-12-18 00:00:00,1.303246100955232
2000-12-19 00:00:00,1.3267615449001353
2000-12-20 00:00:00,1.3539546266948135
2000-12-21 00:00:00,1.358346353820887
2000-12-22 00:00:00,1.3450854192680415
2000-12-26 00:00:00,1.3494771463941153
2000-12-27 00:00:00,1.3398938496910446
2000-12-28 00:00:00,1.3398724113973888
2000-12-29 00:00:00,1.3449996660934174
2001-01-02 00:00:00,1.3493913932194914
2001-01-03 00:00:00,1.3125935764280865
2001-01-04 00:00:00,1.3537616820519092
2001-01-05 00:00:00,1.3581534091779828
2001-01-08 00:00:00,1.353718805464597
2001-01-09 00:00:00,1.3581105325906708
2001-01-10 00:00:00,1.3632377872866996
2001-01-11 00:00:00,1.386017703661648
2001-01-12 00:00:00,1.385996265367992
2001-01-16 00:00:00,1.3719998032451914
2001-01-17 00:00:00,1.3580033411223906
2001-01-18 00:00:00,1.3351805481601304
2001-01-19 00:00:00,1.3491341336956189
2001-01-22 00:00:00,1.344699529982233
2001-01-23 00:00:00,1.344678091688577
2001-01-24 00:00:00,1.3534829842343807
2001-01-25 00:00:00,1.3534615459407247
2001-01-26 00:00:00,1.3630019660564834
2001-01-29 00:00:00,1.3467989212238178
2001-01-30 00:00:00,1.343835372650342
2001-01-31 00:00:00,1.3489626273463706
2001-02-01 00:00:00,1.3459990787728948
2001-02-02 00:00:00,1.3570105540285635
2001-02-05 00:00:00,1.3614022811546374
2001-02-06 00:00:00,1.3621163704309363
2001-02-07 00:00:00,1.3745989008265147
2001-02-08 00:00:00,1.3760485176727686
2001-02-09 00:00:00,1.3745560242392028
2001-02-12 00:00:00,1.3760056410854566
2001-02-13 00:00:00,1.3723065649420259
2001-02-14 00:00:00,1.3789048747779644
2001-02-15 00:00:00,1.3671149953650288
2001-02-16 00:00:00,1.3854817463202473
2001-02-20 00:00:00,1.3817826701768163
2001-02-21 00:00:00,1.39058756272262
2001-02-22 00:00:00,1.388359541719099
2001-02-23 00:00:00,1.3728920244563885
2001-02-26 00:00:00,1.3691929483129577
2001-02-27 00:00:00,1.3779978408587614
2001-02-28 00:00:00,1.38312509555479
2001-03-01 00:00:00,1.3934010432405037
2001-03-02 00:00:00,1.4220651801750916
2001-03-05 00:00:00,1.4235147970213458
2001-03-06 00:00:00,1.4006920040590856
2001-03-07 00:00:00,1.4014060933353845
2001-03-08 00:00:00,1.4006491274717734
2001-03-09 00:00:00,1.4175448232870818
2001-03-12 00:00:00,1.4410602672319852
2001-03-13 00:00:00,1.4351546083786892
2001-03-14 00:00:00,1.4836779897020616
2001-03-15 00:00:00,1.4483512280505666
2001-03-16 00:00:00,1.4512719000367305
2001-03-19 00:00:00,1.442424130903615
2001-03-20 00:00:00,1.4475513855996436
2001-03-21 00:00:00,1.4129601515181038
2001-03-22 00:00:00,1.4217650440639074
2001-03-23 00:00:00,1.3864382824124126
2001-03-26 00:00:00,1.3665575997299722
2001-03-27 00:00:00,1.3466769170475317
2001-03-28 00:00:00,1.3716634161323449
2001-03-29 00:00:00,1.3951788600772481
2001-03-30 00:00:00,1.4039837526230516
2001-04-02 00:00:00,1.4172018105885853
2001-04-03 00:00:00,1.4090895690254246
2001-04-04 00:00:00,1.3884733587730294
2001-04-05 00:00:00,1.362708455530949
2001-04-06 00:00:00,1.3788686237763024
2001-04-09 00:00:00,1.4053261780010255
2001-04-10 00:00:00,1.3950073537279999
2001-04-11 00:00:00,1.3993990808540735
2001-04-12 00:00:00,1.3831960360214082
2001-04-16 00:00:00,1.3986206766968066
2001-04-17 00:00:00,1.3956571281233308
2001-04-18 00:00:00,1.3412066496530064
2001-04-19 00:00:00,1.353689180048585
2001-04-20 00:00:00,1.3632296001643438
2001-04-23 00:00:00,1.3646792170105977
2001-04-24 00:00:00,1.3639222511469866
2001-04-25 00:00:00,1.3550744820138707
2001-04-26 00:00:00,1.3550530437202148
2001-04-27 00:00:00,1.3410565815974143
2001-04-30 00:00:00,1.3354542543139678
2001-05-01 00:00:00,1.3354542543139678
2001-05-02 00:00:00,1.3354542543139678
2001-05-03 00:00:00,1.3354542543139678
2001-05-04 00:00:00,1.3354542543139678
2001-05-07 00:00:00,1.3354542543139678
2001-05-08 00:00:00,1.3354542543139678
2001-05-09 00:00:00,1.3354542543139678
2001-05-10 00:00:00,1.3354542543139678
2001-05-11 00:00:00,1.3354542543139678
2001-05-14 00:00:00,1.3354542543139678
2001-05-15 00:00:00,1.3354542543139678
2001-05-16 00:00:00,1.3354542543139678
2001-05-17 00:00:00,1.3354542543139678
2001-05-18 00:00:00,1.3354542543139678
2001-05-21 00:00:00,1.3354542543139678
2001-05-22 00:00:00,1.3354542543139678
2001-05-23 00:00:00,1.3354542543139678
2001-05-24 00:00:00,1.3354542543139678
2001-05-25 00:00:00,1.3354542543139678
2001-05-29 00:00:00,1.3354542543139678
2001-05-30 00:00:00,1.3354542543139678
2001-05-31 00:00:00,1.3354542543139678
2001-06-01 00:00:00,1.3354542543139678
2001-06-04 00:00:00,1.3354542543139678
2001-06-05 00:00:00,1.3354542543139678
2001-06-06 00:00:00,1.3354542543139678
2001-06-07 00:00:00,1.3354542543139678
2001-06-08 00:00:00,1.3354542543139678
2001-06-11 00:00:00,1.3354542543139678
2001-06-12 00:00:00,1.327674909143207
2001-06-13 00:00:00,1.3289449695634465
2001-06-14 00:00:00,1.3431806052682878
2001-06-15 00:00:00,1.3600093560300497
2001-06-18 00:00:00,1.3573897438649085
2001-06-19 00:00:00,1.365142591927449
2001-06-20 00:00:00,1.3638195372907684
2001-06-21 00:00:00,1.3352687745564242
2001-06-22 00:00:00,1.3417250650905046
2001-06-25 00:00:00,1.3507744706815052
2001-06-26 00:00:00,1.346858300987904
2001-06-27 00:00:00,1.3533145915219844
2001-06-28 00:00:00,1.3481018642999234
2001-06-29 00:00:00,1.3441856946063222
2001-07-02 00:00:00,1.346752312555022
2001-07-03 00:00:00,1.3506154880321821
2001-07-05 00:00:00,1.3920788318346868
2001-07-06 00:00:00,1.4244662729379705
2001-07-09 00:00:00,1.4075845279597676
2001-07-10 00:00:00,1.4192270486076888
2001-07-11 00:00:00,1.4140143213856275
2001-07-12 00:00:00,1.3789807710089825
2001-07-13 00:00:00,1.400995751884585
2001-07-16 00:00:00,1.4191210601748065
2001-07-17 00:00:00,1.4229842356519666
2001-07-18 00:00:00,1.4437026589991087
2001-07-19 00:00:00,1.4320071441347466
2001-07-20 00:00:00,1.430684089498066
2001-07-23 00:00:00,1.4773336634144116
2001-07-24 00:00:00,1.4747140512492705
2001-07-25 00:00:00,1.4409770584010857
2001-07-26 00:00:00,1.4565092516343874
2001-07-27 00:00:00,1.433144719013884
2001-07-30 00:00:00,1.4733115052879282
2001-07-31 00:00:00,1.451243530195885
2001-08-01 00:00:00,1.4291755551038416
2001-08-02 00:00:00,1.4006247923694977
2001-08-03 00:00:00,1.4187501006597194
2001-08-06 00:00:00,1.42650294872226
2001-08-07 00:00:00,1.414807433857898
2001-08-08 00:00:00,1.426449954505819
2001-08-09 00:00:00,1.4303131299829788
2001-08-10 00:00:00,1.4380659780455194
2001-08-13 00:00:00,1.4458188261080598
2001-08-14 00:00:00,1.421157735959096
2001-08-15 00:00:00,1.4211312388508754
2001-08-16 00:00:00,1.4172150691572747
2001-08-17 00:00:00,1.4560852979028591
2001-08-20 00:00:00,1.450872570680798
2001-08-21 00:00:00,1.4443632859302766
2001-08-22 00:00:00,1.4326677710659146
2001-08-23 00:00:00,1.4559793094699771
2001-08-24 00:00:00,1.4378010069633143
2001-08-27 00:00:00,1.448146970082775
2001-08-28 00:00:00,1.4623826057876161
2001-08-29 00:00:00,1.4818044716062981
2001-08-30 00:00:00,1.5025228949534402
2001-08-31 00:00:00,1.4843445924467773
2001-09-04 00:00:00,1.5076561308508398
2001-09-05 00:00:00,1.529671111726442
2001-09-06 00:00:00,1.5452033049597436
2001-09-07 00:00:00,1.5477699229084434
2001-09-10 00:00:00,1.5542262134425235
2001-09-17 00:00:00,1.5943929997165682
2001-09-18 00:00:00,1.5917733875514273
2001-09-19 00:00:00,1.5722985275163044
2001-09-20 00:00:00,1.6085756412049685
2001-09-21 00:00:00,1.6189216043244294
2001-09-24 00:00:00,1.5799983813624037
2001-09-25 00:00:00,1.5864546718964843
2001-09-26 00:00:00,1.6019868651297855
2001-09-27 00:00:00,1.6136293857777062
2001-09-28 00:00:00,1.5798923929295217
2001-10-01 00:00:00,1.5863486834636022
2001-10-02 00:00:00,1.560391035786178
2001-10-03 00:00:00,1.5499920784502763
2001-10-04 00:00:00,1.5538552539274364
2001-10-05 00:00:00,1.5667943321038176
2001-10-08 00:00:00,1.5628781624102166
2001-10-09 00:00:00,1.5835965857573586
2001-10-10 00:00:00,1.5706045133645363
2001-10-11 00:00:00,1.547239980744033
2001-10-12 00:00:00,1.5472134836358125
2001-10-15 00:00:00,1.5575594467552734
2001-10-16 00:00:00,1.5484570469478316
2001-10-17 00:00:00,1.5523202224249917
2001-10-18 00:00:00,1.560073070487532
2001-10-19 00:00:00,1.5587500158508514
2001-10-22 00:00:00,1.5483510585149496
2001-10-23 00:00:00,1.5470280038782689
2001-10-24 00:00:00,1.5444083917131282
2001-10-25 00:00:00,1.5236369741495448
2001-10-26 00:00:00,1.535279494797466
2001-10-29 00:00:00,1.5624807057869088
2001-10-30 00:00:00,1.5896819167763516
2001-10-31 00:00:00,1.5805795169689099
2001-11-01 00:00:00,1.5662908870476278
2001-11-02 00:00:00,1.5701540625247876
2001-11-05 00:00:00,1.5623482202458063
2001-11-06 00:00:00,1.5441699177391435
2001-11-07 00:00:00,1.5817435889562677
2001-11-08 00:00:00,1.5700480740919054
2001-11-09 00:00:00,1.5907664974390476
2001-11-12 00:00:00,1.5998159030300485
2001-11-13 00:00:00,1.5920100607510668
2001-11-14 00:00:00,1.6036525813989877
2001-11-15 00:00:00,1.584177721363865
2001-11-16 00:00:00,1.5854477817841046
2001-11-19 00:00:00,1.577641939505123
2001-11-20 00:00:00,1.5776154423969024
2001-11-21 00:00:00,1.568513042589461
2001-11-23 00:00:00,1.5684865454812402
2001-11-26 00:00:00,1.5503082429745778
2001-11-27 00:00:00,1.5593576485655782
2001-11-28 00:00:00,1.585262302026561
2001-11-29 00:00:00,1.5865323624468006
2001-11-30 00:00:00,1.5813196352247394
2001-12-03 00:00:00,1.604631173628802
2001-12-04 00:00:00,1.6007150039352007
2001-12-05 00:00:00,1.5708676836723965
2001-12-06 00:00:00,1.5799170892633971
2001-12-07 00:00:00,1.6032286276674594
2001-12-10 00:00:00,1.6408022988845836
2001-12-11 00:00:00,1.631699899077142
2001-12-12 00:00:00,1.61870782668432
2001-12-13 00:00:00,1.6459090376737628
2001-12-14 00:00:00,1.6419928679801619
2001-12-17 00:00:00,1.6575250612134633
2001-12-18 00:00:00,1.6497192189344818
2001-12-19 00:00:00,1.654878951940102
2001-12-20 00:00:00,1.6561490123603417
2001-12-21 00:00:00,1.654825957723661
2001-12-24 00:00:00,1.6651719208431217
2001-12-26 00:00:00,1.679407556547963
2001-12-27 00:00:00,1.6728982717974417
2001-12-28 00:00:00,1.6495337391769382
2001-12-31 00:00:00,1.66765904746716
2002-01-02 00:00:00,1.6624463202450988
2002-01-03 00:00:00,1.6377852300961353
2002-01-04 00:00:00,1.6209034851179325
2002-01-07 00:00:00,1.6390287934081544
2002-01-08 00:00:00,1.6610437742837565
2002-01-09 00:00:00,1.6662035072893766
2002-01-10 00:00:00,1.6765494704088375
2002-01-11 00:00:00,1.6881919910567587
2002-01-14 00:00:00,1.7011310692331394
2002-01-15 00:00:00,1.6946217844826184
2002-01-16 00:00:00,1.7062643051305393
2002-01-17 00:00:00,1.6971619053230973
2002-01-18 00:00:00,1.6932457356294965
2002-01-22 00:00:00,1.717853831562019
2002-01-23 00:00:00,1.7230135645676392
2002-01-24 00:00:00,1.7333595276870999
2002-01-25 00:00:00,1.7242571278796586
2002-01-28 00:00:00,1.7138581705437566
2002-01-29 00:00:00,1.7397628240047394
2002-01-30 00:00:00,1.7332535392542179
2002-01-31 00:00:00,1.7410063873167585
2002-02-01 00:00:00,1.7526489079646794
2002-02-04 00:00:00,1.7694776587264411
2002-02-05 00:00:00,1.7914926396020432
2002-02-06 00:00:00,1.7966523726076633
2002-02-07 00:00:00,1.7706947249302396
2002-02-08 00:00:00,1.7473301923097362
2002-02-11 00:00:00,1.7395243500307547
2002-02-12 00:00:00,1.7330150652802332
2002-02-13 00:00:00,1.7161333203020308
2002-02-14 00:00:00,1.7174033807222702
2002-02-15 00:00:00,1.7238596712563508
2002-02-19 00:00:00,1.7601367849450147
2002-02-20 00:00:00,1.7471447125521926
2002-02-21 00:00:00,1.73155952510245
2002-02-22 00:00:00,1.7159743376527077
2002-02-25 00:00:00,1.7081684953737262
2002-02-26 00:00:00,1.7237006886070276
2002-02-27 00:00:00,1.700336155986524
2002-02-28 00:00:00,1.6977165438213833
2002-03-01 00:00:00,1.6549036482739774
2002-03-04 00:00:00,1.5965320623850494
2002-03-05 00:00:00,1.6159539282037316
2002-03-06 00:00:00,1.5848100504124671
2002-03-07 00:00:00,1.5510730575642824
2002-03-08 00:00:00,1.5562327905699023
2002-03-11 00:00:00,1.5419441606486202
2002-03-12 00:00:00,1.564721517350957
2002-03-13 00:00:00,1.564721517350957
2002-03-14 00:00:00,1.564721517350957
2002-03-15 00:00:00,1.564721517350957
2002-03-18 00:00:00,1.564721517350957
2002-03-19 00:00:00,1.564721517350957
2002-03-20 00:00:00,1.564721517350957
2002-03-21 00:00:00,1.564721517350957
2002-03-22 00:00:00,1.564721517350957
2002-03-25 00:00:00,1.564721517350957
2002-03-26 00:00:00,1.564721517350957
2002-03-27 00:00:00,1.564721517350957
2002-03-28 00:00:00,1.564721517350957
2002-04-01 00:00:00,1.564721517350957
2002-04-02 00:00:00,1.564721517350957
2002-04-03 00:00:00,1.564721517350957
2002-04-04 00:00:00,1.564721517350957
2002-04-05 00:00:00,1.564721517350957
2002-04-08 00:00:00,1.564721517350957
2002-04-09 00:00:00,1.564721517350957
2002-04-10 00:00:00,1.564721517350957
2002-04-11 00:00:00,1.564721517350957
2002-04-12 00:00:00,1.564721517350957
2002-04-15 00:00:00,1.564721517350957
2002-04-16 00:00:00,1.564721517350957
2002-04-17 00:00:00,1.564721517350957
2002-04-18 00:00:00,1.564721517350957
2002-04-19 00:00:00,1.564721517350957
2002-04-22 00:00:00,1.564721517350957
2002-04-23 00:00:00,1.564721517350957
2002-04-24 00:00:00,1.564721517350957
2002-04-25 00:00:00,1.564721517350957
2002-04-26 00:00:00,1.564721517350957
2002-04-29 00:00:00,1.564721517350957
2002-04-30 00:00:00,1.564721517350957
2002-05-01 00:00:00,1.564721517350957
2002-05-02 00:00:00,1.564721517350957
2002-05-03 00:00:00,1.564721517350957
2002-05-06 00:00:00,1.564721517350957
2002-05-07 00:00:00,1.564721517350957
2002-05-08 00:00:00,1.564721517350957
2002-05-09 00:00:00,1.564721517350957
2002-05-10 00:00:00,1.564721517350957
2002-05-13 00:00:00,1.564721517350957
2002-05-14 00:00:00,1.564721517350957
2002-05-15 00:00:00,1.564721517350957
2002-05-16 00:00:00,1.564721517350957
2002-05-17 00:00:00,1.564721517350957
2002-05-20 00:00:00,1.564721517350957
2002-05-21 00:00:00,1.564721517350957
2002-05-22 00:00:00,1.564721517350957
2002-05-23 00:00:00,1.564721517350957
2002-05-24 00:00:00,1.564721517350957
2002-05-28 00:00:00,1.564721517350957
2002-05-29 00:00:00,1.564721517350957
2002-05-30 00:00:00,1.564721517350957
2002-05-31 00:00:00,1.564721517350957
2002-06-03 00:00:00,1.564721517350957
2002-06-04 00:00:00,1.564721517350957
2002-06-05 00:00:00,1.564721517350957
2002-06-06 00:00:00,1.564721517350957
2002-06-07 00:00:00,1.564721517350957
2002-06-10 00:00:00,1.564721517350957
2002-06-11 00:00:00,1.564721517350957
2002-06-12 00:00:00,1.564721517350957
2002-06-13 00:00:00,1.564721517350957
2002-06-14 00:00:00,1.564721517350957
2002-06-17 00:00:00,1.564721517350957
2002-06-18 00:00:00,1.564721517350957
2002-06-19 00:00:00,1.564721517350957
2002-06-20 00:00:00,1.5735158307980037
2002-06-21 00:00:00,1.585799637085858
2002-06-24 00:00:00,1.5629061895855265
2002-06-25 00:00:00,1.5576013689792878
2002-06-26 00:00:00,1.566367449888324
2002-06-27 00:00:00,1.5329208262515368
2002-06-28 00:00:00,1.5047507906829773
2002-07-01 00:00:00,1.5223111850390598
2002-07-02 00:00:00,1.5240418151904587
2002-07-03 00:00:00,1.4786182262477252
2002-07-05 00:00:00,1.4786182262477252
2002-07-08 00:00:00,1.4786182262477252
2002-07-09 00:00:00,1.4786182262477252
2002-07-10 00:00:00,1.4786182262477252
2002-07-11 00:00:00,1.4786182262477252
2002-07-12 00:00:00,1.4786182262477252
2002-07-15 00:00:00,1.4786182262477252
2002-07-16 00:00:00,1.4786182262477252
2002-07-17 00:00:00,1.473992829220323
2002-07-18 00:00:00,1.4739671631614208
2002-07-19 00:00:00,1.5078610753034698
2002-07-22 00:00:00,1.5078354092445678
2002-07-23 00:00:00,1.5186023362496042
2002-07-24 00:00:00,1.4831152929806175
2002-07-25 00:00:00,1.5339689942231418
2002-07-26 00:00:00,1.5663211073560561
2002-07-29 00:00:00,1.5354594611144716
2002-07-30 00:00:00,1.5400591920829718
2002-07-31 00:00:00,1.5600769131428134
2002-08-01 00:00:00,1.5893454282574597
2002-08-02 00:00:00,1.5769853701254848
2002-08-05 00:00:00,1.592377694157924
2002-08-06 00:00:00,1.5861848320624854
2002-08-07 00:00:00,1.555323185820901
2002-08-08 00:00:00,1.556839318771133
2002-08-09 00:00:00,1.5444792606391577
2002-08-12 00:00:00,1.5644969816989995
2002-08-13 00:00:00,1.572180310685768
2002-08-14 00:00:00,1.5289842723711102
2002-08-15 00:00:00,1.5227914102756719
2002-08-16 00:00:00,1.538183734308111
2002-08-19 00:00:00,1.5535760583405502
2002-08-20 00:00:00,1.5813027744460624
2002-08-21 00:00:00,1.5689427163140874
2002-08-22 00:00:00,1.5550408591729783
2002-08-23 00:00:00,1.565807786178015
2002-08-26 00:00:00,1.5349461399364306
2002-08-27 00:00:00,1.5410876699140648
2002-08-28 00:00:00,1.5641889889921747
2002-08-29 00:00:00,1.5734141169880775
2002-08-30 00:00:00,1.567221254892639
2002-09-03 00:00:00,1.6273257501899678
2002-09-04 00:00:00,1.6211328880945293
2002-09-05 00:00:00,1.6349834131178342
2002-09-06 00:00:00,1.6149143599401885
2002-09-09 00:00:00,1.6195140909086891
2002-09-10 00:00:00,1.6241138218771893
2002-09-11 00:00:00,1.621004557800019
2002-09-12 00:00:00,1.6286878867867876
2002-09-13 00:00:00,1.6502474068557633
2002-09-16 00:00:00,1.657930735842532
2002-09-17 00:00:00,1.6394034816740204
2002-09-18 00:00:00,1.586956649304558
2002-09-19 00:00:00,1.6100579683826677
2002-09-20 00:00:00,1.625450292415107
2002-09-23 00:00:00,1.6531770085206192
2002-09-24 00:00:00,1.6716529305713268
2002-09-25 00:00:00,1.6562092744210832
2002-09-26 00:00:00,1.6345984222343035
2002-09-27 00:00:00,1.6314891581571334
2002-09-30 00:00:00,1.640714286153036
2002-10-01 00:00:00,1.6329796250484632
2002-10-02 00:00:00,1.679207929263585
2002-10-03 00:00:00,1.6868912582503535
2002-10-04 00:00:00,1.6914909892188539
2002-10-07 00:00:00,1.7330938964065732
2002-10-08 00:00:00,1.719192039265464
2002-10-09 00:00:00,1.7577113484349152
2002-10-10 00:00:00,1.7376422952572694
2002-10-11 00:00:00,1.7144896440613555
2002-10-14 00:00:00,1.72063117403899
2002-10-15 00:00:00,1.6697261406786619
2002-10-16 00:00:00,1.7082454498481128
2002-10-17 00:00:00,1.6820092006339307
2002-10-18 00:00:00,1.6958597256572359
2002-10-21 00:00:00,1.6834996675252607
2002-10-22 00:00:00,1.7312697707495166
2002-10-23 00:00:00,1.714284315590139
2002-10-24 00:00:00,1.7312184386317124
2002-10-25 00:00:00,1.7080657874357985
2002-10-28 00:00:00,1.7080401213768965
2002-10-29 00:00:00,1.7110980533362627
2002-10-30 00:00:00,1.691029000158617
2002-10-31 00:00:00,1.704879525181922
2002-11-01 00:00:00,1.6848104720042762
2002-11-04 00:00:00,1.6801594089179719
2002-11-05 00:00:00,1.6600903557403262
2002-11-06 00:00:00,1.65852289067229
2002-11-07 00:00:00,1.6816242097504
2002-11-08 00:00:00,1.6923911367554365
2002-11-11 00:00:00,1.7170342548426807
2002-11-12 00:00:00,1.707757794728974
2002-11-13 00:00:00,1.7154411237157423
2002-11-14 00:00:00,1.7138736586477064
2002-11-15 00:00:00,1.698430002497463
2002-11-18 00:00:00,1.7307821156303775
2002-11-19 00:00:00,1.7461744396628167
2002-11-20 00:00:00,1.7199381904486346
2002-11-21 00:00:00,1.701410936280123
2002-11-22 00:00:00,1.704468868239489
2002-11-25 00:00:00,1.6843998150618436
2002-11-26 00:00:00,1.6982503400851485
2002-11-27 00:00:00,1.6735558898801004
2002-11-29 00:00:00,1.6658212287755276
2002-12-02 00:00:00,1.6750463567714304
2002-12-03 00:00:00,1.6858132837764672
2002-12-04 00:00:00,1.7058310048363088
2002-12-05 00:00:00,1.7165979318413458
2002-12-06 00:00:00,1.707321471727639
2002-12-09 00:00:00,1.7196301977418098
2002-12-10 00:00:00,1.711895536637237
2002-12-11 00:00:00,1.7180370666148717
2002-12-12 00:00:00,1.7133860035285673
2002-12-13 00:00:00,1.7195275335062017
2002-12-16 00:00:00,1.7133346714107631
2002-12-17 00:00:00,1.7210180003975317
2002-12-18 00:00:00,1.750286515512178
2002-12-19 00:00:00,1.7348428593619347
2002-12-20 00:00:00,1.7240246002390938
2002-12-23 00:00:00,1.7286243312075942
2002-12-24 00:00:00,1.7208896701030214
2002-12-26 00:00:00,1.705446013952778
2002-12-27 00:00:00,1.7100457449212785
2002-12-30 00:00:00,1.693060289761901
2002-12-31 00:00:00,1.6976600207304013
2003-01-02 00:00:00,1.6775909675527556
2003-01-03 00:00:00,1.6791071005029876
2003-01-06 00:00:00,1.6590380473253419
2003-01-07 00:00:00,1.6944737584765248
2003-01-08 00:00:00,1.70832428349983
2003-01-09 00:00:00,1.6913388283404522
2003-01-10 00:00:00,1.7021057553454892
2003-01-13 00:00:00,1.7020800892865873
2003-01-14 00:00:00,1.6820110361089415
2003-01-15 00:00:00,1.6727345759952346
2003-01-16 00:00:00,1.6619163168723938
2003-01-17 00:00:00,1.669082218111697
2003-01-21 00:00:00,1.669082218111697
2003-01-22 00:00:00,1.669082218111697
2003-01-23 00:00:00,1.669082218111697
2003-01-24 00:00:00,1.669082218111697
2003-01-27 00:00:00,1.669082218111697
2003-01-28 00:00:00,1.669082218111697
2003-01-29 00:00:00,1.669082218111697
2003-01-30 00:00:00,1.669082218111697
2003-01-31 00:00:00,1.669082218111697
2003-02-03 00:00:00,1.669082218111697
2003-02-04 00:00:00,1.669082218111697
2003-02-05 00:00:00,1.669082218111697
2003-02-06 00:00:00,1.669082218111697
2003-02-07 00:00:00,1.669082218111697
2003-02-10 00:00:00,1.669082218111697
2003-02-11 00:00:00,1.6578787759346267
2003-02-12 00:00:00,1.6489099921623542
2003-02-13 00:00:00,1.6354718915804856
2003-02-14 00:00:00,1.6197991325938195
2003-02-18 00:00:00,1.599657056797557
2003-02-19 00:00:00,1.6264428075020518
2003-02-20 00:00:00,1.6101622214292808
2003-02-21 00:00:00,1.6101622214292808
2003-02-24 00:00:00,1.6101622214292808
2003-02-25 00:00:00,1.6101622214292808
2003-02-26 00:00:00,1.6101622214292808
2003-02-27 00:00:00,1.607811619646172
2003-02-28 00:00:00,1.6124808755492654
2003-03-03 00:00:00,1.6053971225368167
2003-03-04 00:00:00,1.6124169802230184
2003-03-05 00:00:00,1.6147356343430033
2003-03-06 00:00:00,1.6311578991616387
2003-03-07 00:00:00,1.6569825711127077
2003-03-10 00:00:00,1.692209650196211
2003-03-11 00:00:00,1.7062813132317378
2003-03-12 00:00:00,1.6874445513037468
2003-03-13 00:00:00,1.6662571875926473
2003-03-14 00:00:00,1.6873806559774995
2003-03-17 00:00:00,1.6779463011819424
2003-03-18 00:00:00,1.6943685660005776
2003-03-19 00:00:00,1.7013884236867796
2003-03-20 00:00:00,1.6684480510601378
2003-03-21 00:00:00,1.6425594837828212
2003-03-24 00:00:00,1.6542805450352398
2003-03-25 00:00:00,1.647196792022791
2003-03-26 00:00:00,1.6354118354441252
2003-03-27 00:00:00,1.6494834984796523
2003-03-28 00:00:00,1.6494515508165286
2003-03-31 00:00:00,1.7011328423817909
2003-04-01 00:00:00,1.6822960804537996
2003-04-02 00:00:00,1.6634593185258084
2003-04-03 00:00:00,1.696335795826203
2003-04-04 00:00:00,1.6916026445968626
2003-04-07 00:00:00,1.670415280885763
2003-04-08 00:00:00,1.6962399528368322
2003-04-09 00:00:00,1.698558606956817
2003-04-10 00:00:00,1.7102796682092356
2003-04-11 00:00:00,1.736104340160305
2003-04-14 00:00:00,1.7431241978465064
2003-04-15 00:00:00,1.7407416484002747
2003-04-16 00:00:00,1.7336578953878257
2003-04-17 00:00:00,1.7218729388091598
2003-04-21 00:00:00,1.714789185796711
2003-04-22 00:00:00,1.7147572381335874
2003-04-23 00:00:00,1.7241276976028974
2003-04-24 00:00:00,1.7334981570722077
2003-04-25 00:00:00,1.7522710236739516
2003-04-28 00:00:00,1.7475378724446111
2003-04-29 00:00:00,1.740454119432162
2003-04-30 00:00:00,1.7122149503717372
2003-05-01 00:00:00,1.707481799142397
2003-05-02 00:00:00,1.674541426515755
2003-05-05 00:00:00,1.6627564699370894
2003-05-06 00:00:00,1.6345173008766645
2003-05-07 00:00:00,1.6227323442979986
2003-05-08 00:00:00,1.6462064144659594
2003-05-09 00:00:00,1.6297202543210767
2003-05-12 00:00:00,1.6108834923930857
2003-05-13 00:00:00,1.6179033500792876
2003-05-14 00:00:00,1.60846899528373
2003-05-15 00:00:00,1.622540658319257
2003-05-16 00:00:00,1.6248593124392419
2003-05-19 00:00:00,1.6694887986551787
2003-05-20 00:00:00,1.6506520367271877
2003-05-21 00:00:00,1.6647236997627146
2003-05-22 00:00:00,1.6364845307022895
2003-05-23 00:00:00,1.6199983705574073
2003-05-27 00:00:00,1.6357765704874707
2003-05-28 00:00:00,1.6357765704874707
2003-05-29 00:00:00,1.6357765704874707
2003-05-30 00:00:00,1.6357765704874707
2003-06-02 00:00:00,1.6357765704874707
2003-06-03 00:00:00,1.6357765704874707
2003-06-04 00:00:00,1.6357765704874707
2003-06-05 00:00:00,1.6357765704874707
2003-06-06 00:00:00,1.6357765704874707
2003-06-09 00:00:00,1.6357765704874707
2003-06-10 00:00:00,1.6357765704874707
2003-06-11 00:00:00,1.6357765704874707
2003-06-12 00:00:00,1.6357765704874707
2003-06-13 00:00:00,1.6357765704874707
2003-06-16 00:00:00,1.6357765704874707
2003-06-17 00:00:00,1.6357765704874707
2003-06-18 00:00:00,1.6357765704874707
2003-06-19 00:00:00,1.6357765704874707
2003-06-20 00:00:00,1.6357765704874707
2003-06-23 00:00:00,1.6357765704874707
2003-06-24 00:00:00,1.6357765704874707
2003-06-25 00:00:00,1.6357765704874707
2003-06-26 00:00:00,1.6357765704874707
2003-06-27 00:00:00,1.6357765704874707
2003-06-30 00:00:00,1.6357765704874707
2003-07-01 00:00:00,1.6357765704874707
2003-07-02 00:00:00,1.6357765704874707
2003-07-03 00:00:00,1.6357765704874707
2003-07-07 00:00:00,1.6357765704874707
2003-07-08 00:00:00,1.6357765704874707
2003-07-09 00:00:00,1.6357765704874707
2003-07-10 00:00:00,1.6357765704874707
2003-07-11 00:00:00,1.6357765704874707
2003-07-14 00:00:00,1.6357765704874707
2003-07-15 00:00:00,1.6357765704874707
2003-07-16 00:00:00,1.6357765704874707
2003-07-17 00:00:00,1.6357765704874707
2003-07-18 00:00:00,1.6357765704874707
2003-07-21 00:00:00,1.6357765704874707
2003-07-22 00:00:00,1.6357765704874707
2003-07-23 00:00:00,1.6357765704874707
2003-07-24 00:00:00,1.6357765704874707
2003-07-25 00:00:00,1.6357765704874707
2003-07-28 00:00:00,1.6357765704874707
2003-07-29 00:00:00,1.6357765704874707
2003-07-30 00:00:00,1.6357765704874707
2003-07-31 00:00:00,1.6357765704874707
2003-08-01 00:00:00,1.6357765704874707
2003-08-04 00:00:00,1.6357765704874707
2003-08-05 00:00:00,1.6357765704874707
2003-08-06 00:00:00,1.6357765704874707
2003-08-07 00:00:00,1.6357765704874707
2003-08-08 00:00:00,1.6357765704874707
2003-08-11 00:00:00,1.6357765704874707
2003-08-12 00:00:00,1.6357765704874707
2003-08-13 00:00:00,1.6357765704874707
2003-08-14 00:00:00,1.6357765704874707
2003-08-15 00:00:00,1.6357765704874707
2003-08-18 00:00:00,1.6357765704874707
2003-08-19 00:00:00,1.6357765704874707
2003-08-20 00:00:00,1.6357765704874707
2003-08-21 00:00:00,1.6357765704874707
2003-08-22 00:00:00,1.6357765704874707
2003-08-25 00:00:00,1.6357765704874707
2003-08-26 00:00:00,1.6357765704874707
2003-08-27 00:00:00,1.6357765704874707
2003-08-28 00:00:00,1.6357765704874707
2003-08-29 00:00:00,1.6357765704874707
2003-09-02 00:00:00,1.6357765704874707
2003-09-03 00:00:00,1.6357765704874707
2003-09-04 00:00:00,1.6357765704874707
2003-09-05 00:00:00,1.6357765704874707
2003-09-08 00:00:00,1.6357765704874707
2003-09-09 00:00:00,1.6357765704874707
2003-09-10 00:00:00,1.6357765704874707
2003-09-11 00:00:00,1.6357765704874707
2003-09-12 00:00:00,1.6357765704874707
2003-09-15 00:00:00,1.6357765704874707
2003-09-16 00:00:00,1.6357765704874707
2003-09-17 00:00:00,1.6357765704874707
2003-09-18 00:00:00,1.6357765704874707
2003-09-19 00:00:00,1.6357765704874707
2003-09-22 00:00:00,1.6357765704874707
2003-09-23 00:00:00,1.6357765704874707
2003-09-24 00:00:00,1.6357765704874707
2003-09-25 00:00:00,1.6357765704874707
2003-09-26 00:00:00,1.6357765704874707
2003-09-29 00:00:00,1.6357765704874707
2003-09-30 00:00:00,1.6357765704874707
2003-10-01 00:00:00,1.6357765704874707
2003-10-02 00:00:00,1.6357765704874707
2003-10-03 00:00:00,1.6357765704874707
2003-10-06 00:00:00,1.6357765704874707
2003-10-07 00:00:00,1.6357765704874707
2003-10-08 00:00:00,1.6357765704874707
2003-10-09 00:00:00,1.6357765704874707
2003-10-10 00:00:00,1.6357765704874707
2003-10-13 00:00:00,1.6357765704874707
2003-10-14 00:00:00,1.6357765704874707
2003-10-15 00:00:00,1.6357765704874707
2003-10-16 00:00:00,1.6357765704874707
2003-10-17 00:00:00,1.6357765704874707
2003-10-20 00:00:00,1.6357765704874707
2003-10-21 00:00:00,1.6357765704874707
2003-10-22 00:00:00,1.6357765704874707
2003-10-23 00:00:00,1.6357765704874707
2003-10-24 00:00:00,1.6357765704874707
2003-10-27 00:00:00,1.6357765704874707
2003-10-28 00:00:00,1.6357765704874707
2003-10-29 00:00:00,1.6357765704874707
2003-10-30 00:00:00,1.6357765704874707
2003-10-31 00:00:00,1.6357765704874707
2003-11-03 00:00:00,1.6357765704874707
2003-11-04 00:00:00,1.6357765704874707
2003-11-05 00:00:00,1.6357765704874707
2003-11-06 00:00:00,1.6357765704874707
2003-11-07 00:00:00,1.6357765704874707
2003-11-10 00:00:00,1.6357765704874707
2003-11-11 00:00:00,1.6357765704874707
2003-11-12 00:00:00,1.6357765704874707
2003-11-13 00:00:00,1.6357765704874707
2003-11-14 00:00:00,1.6357765704874707
2003-11-17 00:00:00,1.6357765704874707
2003-11-18 00:00:00,1.6357765704874707
2003-11-19 00:00:00,1.6357765704874707
2003-11-20 00:00:00,1.6357765704874707
2003-11-21 00:00:00,1.6357765704874707
2003-11-24 00:00:00,1.6357765704874707
2003-11-25 00:00:00,1.6357765704874707
2003-11-26 00:00:00,1.6357765704874707
2003-11-28 00:00:00,1.6357765704874707
2003-12-01 00:00:00,1.6357765704874707
2003-12-02 00:00:00,1.6357765704874707
2003-12-03 00:00:00,1.6357765704874707
2003-12-04 00:00:00,1.6357765704874707
2003-12-05 00:00:00,1.6357765704874707
2003-12-08 00:00:00,1.6357765704874707
2003-12-09 00:00:00,1.6357765704874707
2003-12-10 00:00:00,1.6357765704874707
2003-12-11 00:00:00,1.6357765704874707
2003-12-12 00:00:00,1.6357765704874707
2003-12-15 00:00:00,1.6357765704874707
2003-12-16 00:00:00,1.6357765704874707
2003-12-17 00:00:00,1.6357765704874707
2003-12-18 00:00:00,1.6357765704874707
2003-12-19 00:00:00,1.6357765704874707
2003-12-22 00:00:00,1.6357765704874707
2003-12-23 00:00:00,1.6357765704874707
2003-12-24 00:00:00,1.6357765704874707
2003-12-26 00:00:00,1.6357765704874707
2003-12-29 00:00:00,1.6357765704874707
2003-12-30 00:00:00,1.6357765704874707
2003-12-31 00:00:00,1.6357765704874707
2004-01-02 00:00:00,1.6357765704874707
2004-01-05 00:00:00,1.6357765704874707
2004-01-06 00:00:00,1.6357765704874707
2004-01-07 00:00:00,1.6357765704874707
2004-01-08 00:00:00,1.6357765704874707
2004-01-09 00:00:00,1.6357765704874707
2004-01-12 00:00:00,1.6357765704874707
2004-01-13 00:00:00,1.6357765704874707
2004-01-14 00:00:00,1.6357765704874707
2004-01-15 00:00:00,1.6357765704874707
2004-01-16 00:00:00,1.6357765704874707
2004-01-20 00:00:00,1.6357765704874707
2004-01-21 00:00:00,1.6357765704874707
2004-01-22 00:00:00,1.6357765704874707
2004-01-23 00:00:00,1.6357765704874707
2004-01-26 00:00:00,1.6357765704874707
2004-01-27 00:00:00,1.6357765704874707
2004-01-28 00:00:00,1.6357765704874707
2004-01-29 00:00:00,1.6357765704874707
2004-01-30 00:00:00,1.6357765704874707
2004-02-02 00:00:00,1.6357765704874707
2004-02-03 00:00:00,1.6357765704874707
2004-02-04 00:00:00,1.6357765704874707
2004-02-05 00:00:00,1.6357765704874707
2004-02-06 00:00:00,1.6357765704874707
2004-02-09 00:00:00,1.6357765704874707
2004-02-10 00:00:00,1.6357765704874707
2004-02-11 00:00:00,1.6357765704874707
2004-02-12 00:00:00,1.6357765704874707
2004-02-13 00:00:00,1.6357765704874707
2004-02-17 00:00:00,1.6357765704874707
2004-02-18 00:00:00,1.6357765704874707
2004-02-19 00:00:00,1.6357765704874707
2004-02-20 00:00:00,1.6357765704874707
2004-02-23 00:00:00,1.6357765704874707
2004-02-24 00:00:00,1.6357765704874707
2004-02-25 00:00:00,1.6357765704874707
2004-02-26 00:00:00,1.6357765704874707
2004-02-27 00:00:00,1.6357765704874707
2004-03-01 00:00:00,1.6357765704874707
2004-03-02 00:00:00,1.6357765704874707
2004-03-03 00:00:00,1.6357765704874707
2004-03-04 00:00:00,1.6357765704874707
2004-03-05 00:00:00,1.6357765704874707
2004-03-08 00:00:00,1.6357765704874707
2004-03-09 00:00:00,1.6357765704874707
2004-03-10 00:00:00,1.6357765704874707
2004-03-11 00:00:00,1.6357765704874707
2004-03-12 00:00:00,1.6357765704874707
2004-03-15 00:00:00,1.6357765704874707
2004-03-16 00:00:00,1.6357765704874707
2004-03-17 00:00:00,1.6357765704874707
2004-03-18 00:00:00,1.6357765704874707
2004-03-19 00:00:00,1.6357765704874707
2004-03-22 00:00:00,1.6357765704874707
2004-03-23 00:00:00,1.6357765704874707
2004-03-24 00:00:00,1.6357765704874707
2004-03-25 00:00:00,1.6357765704874707
2004-03-26 00:00:00,1.6357765704874707
2004-03-29 00:00:00,1.6357765704874707
2004-03-30 00:00:00,1.6357765704874707
2004-03-31 00:00:00,1.6357765704874707
2004-04-01 00:00:00,1.6357765704874707
2004-04-02 00:00:00,1.6357765704874707
2004-04-05 00:00:00,1.6357765704874707
2004-04-06 00:00:00,1.6357765704874707
2004-04-07 00:00:00,1.6357765704874707
2004-04-08 00:00:00,1.6357765704874707
2004-04-12 00:00:00,1.6357765704874707
2004-04-13 00:00:00,1.6357765704874707
2004-04-14 00:00:00,1.6357765704874707
2004-04-15 00:00:00,1.6357765704874707
2004-04-16 00:00:00,1.6357765704874707
2004-04-19 00:00:00,1.6357765704874707
2004-04-20 00:00:00,1.6357765704874707
2004-04-21 00:00:00,1.6357765704874707
2004-04-22 00:00:00,1.6357765704874707
2004-04-23 00:00:00,1.6357765704874707
2004-04-26 00:00:00,1.6357765704874707
2004-04-27 00:00:00,1.6357765704874707
2004-04-28 00:00:00,1.6357765704874707
2004-04-29 00:00:00,1.6357765704874707
2004-04-30 00:00:00,1.6357765704874707
2004-05-03 00:00:00,1.6357765704874707
2004-05-04 00:00:00,1.6357765704874707
2004-05-05 00:00:00,1.6357765704874707
2004-05-06 00:00:00,1.6357765704874707
2004-05-07 00:00:00,1.6357765704874707
2004-05-10 00:00:00,1.6357765704874707
2004-05-11 00:00:00,1.6284423074635732
2004-05-12 00:00:00,1.6125288242223923
2004-05-13 00:00:00,1.6357314104419995
2004-05-14 00:00:00,1.651599733637709
2004-05-17 00:00:00,1.6809142057105644
2004-05-18 00:00:00,1.6503321964215882
2004-05-19 00:00:00,1.6234173186445608
2004-05-20 00:00:00,1.6160604755979275
2004-05-21 00:00:00,1.5964798608447979
2004-05-24 00:00:00,1.5976796579927122
2004-05-25 00:00:00,1.5756542888982832
2004-05-26 00:00:00,1.584188349070095
2004-05-27 00:00:00,1.562162979975666
2004-05-28 00:00:00,1.5523613825877336
2004-06-01 00:00:00,1.5596730655888955
2004-06-02 00:00:00,1.5510938453716125
2004-06-03 00:00:00,1.5865202032977161
2004-06-04 00:00:00,1.5718290972271851
2004-06-07 00:00:00,1.5420142518505087
2004-06-08 00:00:00,1.5420142518505087
2004-06-09 00:00:00,1.5420142518505087
2004-06-10 00:00:00,1.5420142518505087
2004-06-14 00:00:00,1.5607503247352388
2004-06-15 00:00:00,1.5607503247352388
2004-06-16 00:00:00,1.5607503247352388
2004-06-17 00:00:00,1.5607503247352388
2004-06-18 00:00:00,1.5607503247352388
2004-06-21 00:00:00,1.5607503247352388
2004-06-22 00:00:00,1.5607503247352388
2004-06-23 00:00:00,1.5607503247352388
2004-06-24 00:00:00,1.5607503247352388
2004-06-25 00:00:00,1.5607503247352388
2004-06-28 00:00:00,1.5607503247352388
2004-06-29 00:00:00,1.5607503247352388
2004-06-30 00:00:00,1.5607503247352388
2004-07-01 00:00:00,1.5607503247352388
2004-07-02 00:00:00,1.5607503247352388
2004-07-06 00:00:00,1.5607503247352388
2004-07-07 00:00:00,1.5607503247352388
2004-07-08 00:00:00,1.5607503247352388
2004-07-09 00:00:00,1.5607503247352388
2004-07-12 00:00:00,1.5607503247352388
2004-07-13 00:00:00,1.5607503247352388
2004-07-14 00:00:00,1.5607503247352388
2004-07-15 00:00:00,1.5607503247352388
2004-07-16 00:00:00,1.5607503247352388
2004-07-19 00:00:00,1.5607503247352388
2004-07-20 00:00:00,1.5607503247352388
2004-07-21 00:00:00,1.5607503247352388
2004-07-22 00:00:00,1.5607503247352388
2004-07-23 00:00:00,1.5607503247352388
2004-07-26 00:00:00,1.5607503247352388
2004-07-27 00:00:00,1.5526601001921065
2004-07-28 00:00:00,1.5620725574323129
2004-07-29 00:00:00,1.5660915316437642
2004-07-30 00:00:00,1.551233315254574
2004-08-02 00:00:00,1.5431169526513273
2004-08-03 00:00:00,1.5538777806487223
2004-08-04 00:00:00,1.5659869794033061
2004-08-05 00:00:00,1.5969733687585317
2004-08-06 00:00:00,1.6036890844843605
2004-08-09 00:00:00,1.5915276096095479
2004-08-10 00:00:00,1.5807145054919238
2004-08-11 00:00:00,1.5699014013742996
2004-08-12 00:00:00,1.5901008246720152
2004-08-13 00:00:00,1.6049067649409765
2004-08-16 00:00:00,1.5913969193089752
2004-08-17 00:00:00,1.5927191520060493
2004-08-18 00:00:00,1.5738158233452928
2004-08-19 00:00:00,1.5724413145279896
2004-08-20 00:00:00,1.54679613208129
2004-08-23 00:00:00,1.5642988138646283
2004-08-24 00:00:00,1.5440471144466834
2004-08-25 00:00:00,1.5332340103290591
2004-08-26 00:00:00,1.5386013552976996
2004-08-27 00:00:00,1.5345301049660187
2004-08-30 00:00:00,1.5412458206918478
2004-08-31 00:00:00,1.5317810873314122
2004-09-01 00:00:00,1.5344516907856751
2004-09-02 00:00:00,1.5312018679192738
2004-09-03 00:00:00,1.5312018679192738
2004-09-07 00:00:00,1.5143922665748504
2004-09-08 00:00:00,1.5281151957762995
2004-09-09 00:00:00,1.5448944161312799
2004-09-10 00:00:00,1.5457796999714348
2004-09-13 00:00:00,1.5530240447528298
2004-09-14 00:00:00,1.5399554767463928
2004-09-15 00:00:00,1.5596313471518606
2004-09-16 00:00:00,1.5596313471518606
2004-09-17 00:00:00,1.5596313471518606
2004-09-20 00:00:00,1.5550278078822612
2004-09-21 00:00:00,1.5457910133752901
2004-09-22 00:00:00,1.5795205853845808
2004-09-23 00:00:00,1.5840944086864086
2004-09-24 00:00:00,1.5871337188983694
2004-09-27 00:00:00,1.6024491338292624
2004-09-28 00:00:00,1.5932123393222914
2004-09-29 00:00:00,1.5901135971747864
2004-09-30 00:00:00,1.5686006979488836
2004-10-01 00:00:00,1.5348116940040484
2004-10-04 00:00:00,1.5255748994970773
2004-10-05 00:00:00,1.533217748978638
2004-10-06 00:00:00,1.5193774152020676
2004-10-07 00:00:00,1.5392963694025596
2004-10-08 00:00:00,1.528525061805722
2004-10-11 00:00:00,1.517753754208885
2004-10-12 00:00:00,1.5361381953195106
2004-10-13 00:00:00,1.549919097160537
2004-10-14 00:00:00,1.5683035382711632
2004-10-15 00:00:00,1.5590667437641923
2004-10-18 00:00:00,1.5482954361673547
2004-10-19 00:00:00,1.5467312071097163
2004-10-20 00:00:00,1.5559085696811432
2004-10-21 00:00:00,1.5436027489944395
2004-10-22 00:00:00,1.5635217031949316
2004-10-25 00:00:00,1.557353934867694
2004-10-26 00:00:00,1.5557897058100552
2004-10-27 00:00:00,1.5327422934942858
2004-10-28 00:00:00,1.53424709061638
2004-10-29 00:00:00,1.5326828615587418
2004-11-01 00:00:00,1.537256684860569
2004-11-02 00:00:00,1.5188128118143993
2004-11-03 00:00:00,1.5065069911276951
2004-11-04 00:00:00,1.5012746619800397
2004-11-05 00:00:00,1.5012746619800397
2004-11-08 00:00:00,1.5012746619800397
2004-11-09 00:00:00,1.5012746619800397
2004-11-10 00:00:00,1.5012746619800397
2004-11-11 00:00:00,1.5012746619800397
2004-11-12 00:00:00,1.5012746619800397
2004-11-15 00:00:00,1.5012746619800397
2004-11-16 00:00:00,1.5012746619800397
2004-11-17 00:00:00,1.5012746619800397
2004-11-18 00:00:00,1.5012746619800397
2004-11-19 00:00:00,1.5012746619800397
2004-11-22 00:00:00,1.5012746619800397
2004-11-23 00:00:00,1.5012746619800397
2004-11-24 00:00:00,1.5012746619800397
2004-11-26 00:00:00,1.5012746619800397
2004-11-29 00:00:00,1.5012746619800397
2004-11-30 00:00:00,1.5012746619800397
2004-12-01 00:00:00,1.5012746619800397
2004-12-02 00:00:00,1.5012746619800397
2004-12-03 00:00:00,1.5012746619800397
2004-12-06 00:00:00,1.5012746619800397
2004-12-07 00:00:00,1.5012746619800397
2004-12-08 00:00:00,1.5012746619800397
2004-12-09 00:00:00,1.5012746619800397
2004-12-10 00:00:00,1.5012746619800397
2004-12-13 00:00:00,1.5012746619800397
2004-12-14 00:00:00,1.5012746619800397
2004-12-15 00:00:00,1.5012746619800397
2004-12-16 00:00:00,1.5012746619800397
2004-12-17 00:00:00,1.5012746619800397
2004-12-20 00:00:00,1.5012746619800397
2004-12-21 00:00:00,1.5012746619800397
2004-12-22 00:00:00,1.5012746619800397
2004-12-23 00:00:00,1.5012746619800397
2004-12-27 00:00:00,1.5012746619800397
2004-12-28 00:00:00,1.5012746619800397
2004-12-29 00:00:00,1.5012746619800397
2004-12-30 00:00:00,1.5012746619800397
2004-12-31 00:00:00,1.5012746619800397
2005-01-03 00:00:00,1.5012746619800397
2005-01-04 00:00:00,1.5012746619800397
2005-01-05 00:00:00,1.5012746619800397
2005-01-06 00:00:00,1.5012746619800397
2005-01-07 00:00:00,1.5012746619800397
2005-01-10 00:00:00,1.5012746619800397
2005-01-11 00:00:00,1.5012746619800397
2005-01-12 00:00:00,1.5012746619800397
2005-01-13 00:00:00,1.5012746619800397
2005-01-14 00:00:00,1.5012746619800397
2005-01-18 00:00:00,1.5012746619800397
2005-01-19 00:00:00,1.5012746619800397
2005-01-20 00:00:00,1.5012746619800397
2005-01-21 00:00:00,1.5012746619800397
2005-01-24 00:00:00,1.5012746619800397
2005-01-25 00:00:00,1.5012746619800397
2005-01-26 00:00:00,1.5012746619800397
2005-01-27 00:00:00,1.5012746619800397
2005-01-28 00:00:00,1.5012746619800397
2005-01-31 00:00:00,1.5012746619800397
2005-02-01 00:00:00,1.5012746619800397
2005-02-02 00:00:00,1.5012746619800397
2005-02-03 00:00:00,1.5012746619800397
2005-02-04 00:00:00,1.5012746619800397
2005-02-07 00:00:00,1.5012746619800397
2005-02-08 00:00:00,1.5012746619800397
2005-02-09 00:00:00,1.5012746619800397
2005-02-10 00:00:00,1.5012746619800397
2005-02-11 00:00:00,1.5012746619800397
2005-02-14 00:00:00,1.5012746619800397
2005-02-15 00:00:00,1.5012746619800397
2005-02-16 00:00:00,1.5012746619800397
2005-02-17 00:00:00,1.5012746619800397
2005-02-18 00:00:00,1.5012746619800397
2005-02-22 00:00:00,1.5012746619800397
2005-02-23 00:00:00,1.5012746619800397
2005-02-24 00:00:00,1.5012746619800397
2005-02-25 00:00:00,1.5012746619800397
2005-02-28 00:00:00,1.5012746619800397
2005-03-01 00:00:00,1.5012746619800397
2005-03-02 00:00:00,1.5012746619800397
2005-03-03 00:00:00,1.5012746619800397
2005-03-04 00:00:00,1.5012746619800397
2005-03-07 00:00:00,1.5012746619800397
2005-03-08 00:00:00,1.5012746619800397
2005-03-09 00:00:00,1.5012746619800397
2005-03-10 00:00:00,1.5012746619800397
2005-03-11 00:00:00,1.5012746619800397
2005-03-14 00:00:00,1.5012746619800397
2005-03-15 00:00:00,1.5012746619800397
2005-03-16 00:00:00,1.5012746619800397
2005-03-17 00:00:00,1.5012746619800397
2005-03-18 00:00:00,1.5012746619800397
2005-03-21 00:00:00,1.5012746619800397
2005-03-22 00:00:00,1.5012746619800397
2005-03-23 00:00:00,1.5012746619800397
2005-03-24 00:00:00,1.5012746619800397
2005-03-28 00:00:00,1.5012746619800397
2005-03-29 00:00:00,1.5012746619800397
2005-03-30 00:00:00,1.5012746619800397
2005-03-31 00:00:00,1.5012746619800397
2005-04-01 00:00:00,1.5012746619800397
2005-04-04 00:00:00,1.5012746619800397
2005-04-05 00:00:00,1.484005357134834
2005-04-06 00:00:00,1.4839755699391597
2005-04-07 00:00:00,1.4781992768603085
2005-04-08 00:00:00,1.482479369077017
2005-04-11 00:00:00,1.4867594612937256
2005-04-12 00:00:00,1.4867296740980513
2005-04-13 00:00:00,1.5039394045519088
2005-04-14 00:00:00,1.525459014418149
2005-04-15 00:00:00,1.5555983831091549
2005-04-18 00:00:00,1.5742447400338067
2005-04-19 00:00:00,1.5454824234222464
2005-04-20 00:00:00,1.5670020332884866
2005-04-21 00:00:00,1.5353664637353377
2005-04-22 00:00:00,1.5468296883060182
2005-04-25 00:00:00,1.5252505040484297
2005-04-26 00:00:00,1.548206740385464
2005-04-27 00:00:00,1.5395571943650241
2005-04-28 00:00:00,1.555330298348087
2005-04-29 00:00:00,1.5294412346781154
2005-05-02 00:00:00,1.5207916886576756
2005-05-03 00:00:00,1.5236351544035902
2005-05-04 00:00:00,1.5020559701460015
2005-05-05 00:00:00,1.5005895564795328
2005-05-06 00:00:00,1.49768651634227
2005-05-09 00:00:00,1.5005299820881846
2005-05-10 00:00:00,1.5191763390128359
2005-05-11 00:00:00,1.5119634194631904
2005-05-12 00:00:00,1.5421027881541964
2005-05-13 00:00:00,1.5550026391956708
2005-05-16 00:00:00,1.552099599058408
2005-05-17 00:00:00,1.557816317745911
2005-05-18 00:00:00,1.5477301452546768
2005-05-19 00:00:00,1.5419538521758254
2005-05-20 00:00:00,1.556290329688094
2005-05-23 00:00:00,1.5361477719013
2005-05-24 00:00:00,1.5418644905888028
2005-05-25 00:00:00,1.5605108475134544
2005-05-26 00:00:00,1.5504246750222201
2005-05-27 00:00:00,1.54177512900178
2005-05-31 00:00:00,1.5474918476892832
2005-06-01 00:00:00,1.538842301668843
2005-06-02 00:00:00,1.5287561291776086
2005-06-03 00:00:00,1.540219353748289
2005-06-06 00:00:00,1.5258233018446719
2005-06-07 00:00:00,1.5214836352366146
2005-06-08 00:00:00,1.5228904745117349
2005-06-09 00:00:00,1.5314804461408262
2005-06-10 00:00:00,1.5386337912991237
2005-06-13 00:00:00,1.5500970158698038
2005-06-14 00:00:00,1.5443207227909523
2005-06-15 00:00:00,1.5385444297121011
2005-06-16 00:00:00,1.524148377808484
2005-06-17 00:00:00,1.5140622053172497
2005-06-20 00:00:00,1.5312719357711069
2005-06-21 00:00:00,1.5140026309259011
2005-06-22 00:00:00,1.519719349613404
2005-06-23 00:00:00,1.52974594771329
2005-06-24 00:00:00,1.5325894134592042
2005-06-27 00:00:00,1.5383061321467075
2005-06-28 00:00:00,1.528219959655473
2005-06-29 00:00:00,1.5368099312845647
2005-06-30 00:00:00,1.543963276442862
2005-07-01 00:00:00,1.5439334892471877
2005-07-05 00:00:00,1.5352839432267478
2005-07-06 00:00:00,1.5510570472098109
2005-07-07 00:00:00,1.5510272600141366
2005-07-08 00:00:00,1.530884702227342
2005-07-11 00:00:00,1.5279816620900792
2005-07-12 00:00:00,1.5222053690112283
2005-07-13 00:00:00,1.5394150994650855
2005-07-14 00:00:00,1.5365120593278228
2005-07-15 00:00:00,1.5321723927197652
2005-07-18 00:00:00,1.5335792319948853
2005-07-19 00:00:00,1.5306761918576226
2005-07-20 00:00:00,1.5349562840743316
2005-07-21 00:00:00,1.5076305939335655
2005-07-22 00:00:00,1.5262769508582175
2005-07-25 00:00:00,1.534866922487309
2005-07-26 00:00:00,1.5434568941164004
2005-07-27 00:00:00,1.5261875892711947
2005-07-28 00:00:00,1.5175380432507546
2005-07-29 00:00:00,1.5275646413506405
2005-08-01 00:00:00,1.5146052159178176
2005-08-02 00:00:00,1.4958992846018173
2005-08-03 00:00:00,1.5010154934245286
2005-08-04 00:00:00,1.5010154934245286
2005-08-05 00:00:00,1.5010154934245286
2005-08-08 00:00:00,1.5010154934245286
2005-08-09 00:00:00,1.5010154934245286
2005-08-10 00:00:00,1.5010154934245286
2005-08-11 00:00:00,1.5010154934245286
2005-08-12 00:00:00,1.5010154934245286
2005-08-15 00:00:00,1.5010154934245286
2005-08-16 00:00:00,1.5010154934245286
2005-08-17 00:00:00,1.5010154934245286
2005-08-18 00:00:00,1.5010154934245286
2005-08-19 00:00:00,1.5010154934245286
2005-08-22 00:00:00,1.5010154934245286
2005-08-23 00:00:00,1.5010154934245286
2005-08-24 00:00:00,1.5010154934245286
2005-08-25 00:00:00,1.5010154934245286
2005-08-26 00:00:00,1.5010154934245286
2005-08-29 00:00:00,1.5010154934245286
2005-08-30 00:00:00,1.5010154934245286
2005-08-31 00:00:00,1.5010154934245286
2005-09-01 00:00:00,1.5010154934245286
2005-09-02 00:00:00,1.5010154934245286
2005-09-06 00:00:00,1.5010154934245286
2005-09-07 00:00:00,1.5010154934245286
2005-09-08 00:00:00,1.5010154934245286
2005-09-09 00:00:00,1.5010154934245286
2005-09-12 00:00:00,1.5010154934245286
2005-09-13 00:00:00,1.5010154934245286
2005-09-14 00:00:00,1.5010154934245286
2005-09-15 00:00:00,1.5010154934245286
2005-09-16 00:00:00,1.5010154934245286
2005-09-19 00:00:00,1.5010154934245286
2005-09-20 00:00:00,1.5010154934245286
2005-09-21 00:00:00,1.5010154934245286
2005-09-22 00:00:00,1.5010154934245286
2005-09-23 00:00:00,1.5010154934245286
2005-09-26 00:00:00,1.5010154934245286
2005-09-27 00:00:00,1.5010154934245286
2005-09-28 00:00:00,1.5010154934245286
2005-09-29 00:00:00,1.5010154934245286
2005-09-30 00:00:00,1.5010154934245286
2005-10-03 00:00:00,1.5010154934245286
2005-10-04 00:00:00,1.5010154934245286
2005-10-05 00:00:00,1.5010154934245286
2005-10-06 00:00:00,1.5010154934245286
2005-10-07 00:00:00,1.5010154934245286
2005-10-10 00:00:00,1.5010154934245286
2005-10-11 00:00:00,1.5010154934245286
2005-10-12 00:00:00,1.5010154934245286
2005-10-13 00:00:00,1.5010154934245286
2005-10-14 00:00:00,1.5010154934245286
2005-10-17 00:00:00,1.5010154934245286
2005-10-18 00:00:00,1.5010154934245286
2005-10-19 00:00:00,1.5010154934245286
2005-10-20 00:00:00,1.5010154934245286
2005-10-21 00:00:00,1.5010154934245286
2005-10-24 00:00:00,1.5010154934245286
2005-10-25 00:00:00,1.5010154934245286
2005-10-26 00:00:00,1.5010154934245286
2005-10-27 00:00:00,1.5010154934245286
2005-10-28 00:00:00,1.5010154934245286
2005-10-31 00:00:00,1.5010154934245286
2005-11-01 00:00:00,1.5010154934245286
2005-11-02 00:00:00,1.5010154934245286
2005-11-03 00:00:00,1.5010154934245286
2005-11-04 00:00:00,1.5010154934245286
2005-11-07 00:00:00,1.5010154934245286
2005-11-08 00:00:00,1.5010154934245286
2005-11-09 00:00:00,1.5010154934245286
2005-11-10 00:00:00,1.5010154934245286
2005-11-11 00:00:00,1.5010154934245286
2005-11-14 00:00:00,1.5010154934245286
2005-11-15 00:00:00,1.5010154934245286
2005-11-16 00:00:00,1.5010154934245286
2005-11-17 00:00:00,1.5010154934245286
2005-11-18 00:00:00,1.5010154934245286
2005-11-21 00:00:00,1.5010154934245286
2005-11-22 00:00:00,1.5010154934245286
2005-11-23 00:00:00,1.5010154934245286
2005-11-25 00:00:00,1.5010154934245286
2005-11-28 00:00:00,1.5010154934245286
2005-11-29 00:00:00,1.5010154934245286
2005-11-30 00:00:00,1.5010154934245286
2005-12-01 00:00:00,1.5010154934245286
2005-12-02 00:00:00,1.5010154934245286
2005-12-05 00:00:00,1.5010154934245286
2005-12-06 00:00:00,1.5010154934245286
2005-12-07 00:00:00,1.5010154934245286
2005-12-08 00:00:00,1.5010154934245286
2005-12-09 00:00:00,1.5010154934245286
2005-12-12 00:00:00,1.5010154934245286
2005-12-13 00:00:00,1.5010154934245286
2005-12-14 00:00:00,1.5010154934245286
2005-12-15 00:00:00,1.5010154934245286
2005-12-16 00:00:00,1.5010154934245286
2005-12-19 00:00:00,1.5010154934245286
2005-12-20 00:00:00,1.5010154934245286
2005-12-21 00:00:00,1.5010154934245286
2005-12-22 00:00:00,1.5010154934245286
2005-12-23 00:00:00,1.5010154934245286
2005-12-27 00:00:00,1.5010154934245286
2005-12-28 00:00:00,1.5010154934245286
2005-12-29 00:00:00,1.5010154934245286
2005-12-30 00:00:00,1.5010154934245286
2006-01-03 00:00:00,1.5010154934245286
2006-01-04 00:00:00,1.5010154934245286
2006-01-05 00:00:00,1.5010154934245286
2006-01-06 00:00:00,1.5010154934245286
2006-01-09 00:00:00,1.5010154934245286
2006-01-10 00:00:00,1.5010154934245286
2006-01-11 00:00:00,1.5010154934245286
2006-01-12 00:00:00,1.5010154934245286
2006-01-13 00:00:00,1.5010154934245286
2006-01-17 00:00:00,1.5010154934245286
2006-01-18 00:00:00,1.5010154934245286
2006-01-19 00:00:00,1.5010154934245286
2006-01-20 00:00:00,1.5010154934245286
2006-01-23 00:00:00,1.5010154934245286
2006-01-24 00:00:00,1.5010154934245286
2006-01-25 00:00:00,1.5010154934245286
2006-01-26 00:00:00,1.5010154934245286
2006-01-27 00:00:00,1.5010154934245286
2006-01-30 00:00:00,1.5010154934245286
2006-01-31 00:00:00,1.5010154934245286
2006-02-01 00:00:00,1.5010154934245286
2006-02-02 00:00:00,1.5010154934245286
2006-02-03 00:00:00,1.5010154934245286
2006-02-06 00:00:00,1.5010154934245286
2006-02-07 00:00:00,1.5010154934245286
2006-02-08 00:00:00,1.5010154934245286
2006-02-09 00:00:00,1.5010154934245286
2006-02-10 00:00:00,1.5010154934245286
2006-02-13 00:00:00,1.5010154934245286
2006-02-14 00:00:00,1.5010154934245286
2006-02-15 00:00:00,1.5010154934245286
2006-02-16 00:00:00,1.5010154934245286
2006-02-17 00:00:00,1.5010154934245286
2006-02-21 00:00:00,1.5010154934245286
2006-02-22 00:00:00,1.5010154934245286
2006-02-23 00:00:00,1.5010154934245286
2006-02-24 00:00:00,1.5010154934245286
2006-02-27 00:00:00,1.5010154934245286
2006-02-28 00:00:00,1.5010154934245286
2006-03-01 00:00:00,1.5010154934245286
2006-03-02 00:00:00,1.5010154934245286
2006-03-03 00:00:00,1.5010154934245286
2006-03-06 00:00:00,1.5010154934245286
2006-03-07 00:00:00,1.5010154934245286
2006-03-08 00:00:00,1.5010154934245286
2006-03-09 00:00:00,1.5010154934245286
2006-03-10 00:00:00,1.5010154934245286
2006-03-13 00:00:00,1.5010154934245286
2006-03-14 00:00:00,1.5010154934245286
2006-03-15 00:00:00,1.5010154934245286
2006-03-16 00:00:00,1.5010154934245286
2006-03-17 00:00:00,1.5010154934245286
2006-03-20 00:00:00,1.5010154934245286
2006-03-21 00:00:00,1.5010154934245286
2006-03-22 00:00:00,1.5010154934245286
2006-03-23 00:00:00,1.5010154934245286
2006-03-24 00:00:00,1.5010154934245286
2006-03-27 00:00:00,1.5010154934245286
2006-03-28 00:00:00,1.5010154934245286
2006-03-29 00:00:00,1.5010154934245286
2006-03-30 00:00:00,1.5010154934245286
2006-03-31 00:00:00,1.5010154934245286
2006-04-03 00:00:00,1.5010154934245286
2006-04-04 00:00:00,1.5010154934245286
2006-04-05 00:00:00,1.5010154934245286
2006-04-06 00:00:00,1.5010154934245286
2006-04-07 00:00:00,1.5010154934245286
2006-04-10 00:00:00,1.5010154934245286
2006-04-11 00:00:00,1.5010154934245286
2006-04-12 00:00:00,1.5010154934245286
2006-04-13 00:00:00,1.5010154934245286
2006-04-17 00:00:00,1.5010154934245286
2006-04-18 00:00:00,1.5010154934245286
2006-04-19 00:00:00,1.5010154934245286
2006-04-20 00:00:00,1.5010154934245286
2006-04-21 00:00:00,1.5010154934245286
2006-04-24 00:00:00,1.5010154934245286
2006-04-25 00:00:00,1.5010154934245286
2006-04-26 00:00:00,1.5010154934245286
2006-04-27 00:00:00,1.5010154934245286
2006-04-28 00:00:00,1.5010154934245286
2006-05-01 00:00:00,1.5010154934245286
2006-05-02 00:00:00,1.5010154934245286
2006-05-03 00:00:00,1.5010154934245286
2006-05-04 00:00:00,1.5010154934245286
2006-05-05 00:00:00,1.5010154934245286
2006-05-08 00:00:00,1.5010154934245286
2006-05-09 00:00:00,1.5010154934245286
2006-05-10 00:00:00,1.5010154934245286
2006-05-11 00:00:00,1.5010154934245286
2006-05-12 00:00:00,1.5010154934245286
2006-05-15 00:00:00,1.5010154934245286
2006-05-16 00:00:00,1.5010154934245286
2006-05-17 00:00:00,1.5010154934245286
2006-05-18 00:00:00,1.5010154934245286
2006-05-19 00:00:00,1.5010154934245286
2006-05-22 00:00:00,1.5010154934245286
2006-05-23 00:00:00,1.5010154934245286
2006-05-24 00:00:00,1.5010154934245286
2006-05-25 00:00:00,1.5010154934245286
2006-05-26 00:00:00,1.5010154934245286
2006-05-30 00:00:00,1.5010154934245286
2006-05-31 00:00:00,1.5010154934245286
2006-06-01 00:00:00,1.4789256470841352
2006-06-02 00:00:00,1.4620663816588941
2006-06-05 00:00:00,1.4999057833622471
2006-06-06 00:00:00,1.5230186208386707
2006-06-07 00:00:00,1.5545466378733395
2006-06-08 00:00:00,1.5997493216901566
2006-06-09 00:00:00,1.5965647230470645
2006-06-12 00:00:00,1.6186256630787073
2006-06-13 00:00:00,1.6648802443403052
2006-06-14 00:00:00,1.6322425172433548
2006-06-15 00:00:00,1.5848782259194756
2006-06-16 00:00:00,1.597472088948093
2006-06-19 00:00:00,1.604806464752807
2006-06-20 00:00:00,1.6016218661097146
2006-06-21 00:00:00,1.583710703239693
2006-06-22 00:00:00,1.5899931815996267
2006-06-23 00:00:00,1.5962756599595602
2006-06-26 00:00:00,1.5846758817582227
2006-06-27 00:00:00,1.608840616679427
2006-06-28 00:00:00,1.5919813512541863
2006-06-29 00:00:00,1.5340980854825006
2006-06-30 00:00:00,1.522498307281163
2006-07-03 00:00:00,1.4972238622976772
2006-07-05 00:00:00,1.5455822384488365
2006-07-06 00:00:00,1.5329305628027183
2006-07-07 00:00:00,1.5392130411626517
2006-07-10 00:00:00,1.5181461859582885
2006-07-11 00:00:00,1.5181172796495381
2006-07-12 00:00:00,1.558060476242452
2006-07-13 00:00:00,1.5937960830562432
2006-07-14 00:00:00,1.6053380486400801
2006-07-17 00:00:00,1.62213950144782
2006-07-18 00:00:00,1.6347333644764372
2006-07-19 00:00:00,1.60735512460339
2006-07-20 00:00:00,1.614689500408104
2006-07-21 00:00:00,1.613608696654573
2006-07-24 00:00:00,1.5883342516710872
2006-07-25 00:00:00,1.5777863709145303
2006-07-26 00:00:00,1.5851207467192445
2006-07-27 00:00:00,1.5661576864044426
2006-07-28 00:00:00,1.528260472083589
2006-07-31 00:00:00,1.5292834632196193
2006-08-01 00:00:00,1.5513444032512624
2006-08-02 00:00:00,1.518706676154312
2006-08-03 00:00:00,1.5302486417381487
2006-08-04 00:00:00,1.5249602482054951
2006-08-07 00:00:00,1.5564882652401637
2006-08-08 00:00:00,1.549096076817949
2006-08-09 00:00:00,1.5438076832852954
2006-08-10 00:00:00,1.5280003153048352
2006-08-11 00:00:00,1.5416460757782333
2006-08-14 00:00:00,1.5332019899112377
2006-08-15 00:00:00,1.5005642628142875
2006-08-16 00:00:00,1.484756894833827
2006-08-17 00:00:00,1.4878836808594187
2006-08-18 00:00:00,1.480491492437204
2006-08-21 00:00:00,1.493085355465821
2006-08-22 00:00:00,1.4888488593779483
2006-08-23 00:00:00,1.4871853044400085
2006-08-24 00:00:00,1.4871853044400085
2006-08-25 00:00:00,1.4871853044400085
2006-08-28 00:00:00,1.4871853044400085
2006-08-29 00:00:00,1.4871853044400085
2006-08-30 00:00:00,1.4871853044400085
2006-08-31 00:00:00,1.4871853044400085
2006-09-01 00:00:00,1.4871853044400085
2006-09-05 00:00:00,1.4871853044400085
2006-09-06 00:00:00,1.4871853044400085
2006-09-07 00:00:00,1.4871853044400085
2006-09-08 00:00:00,1.4871853044400085
2006-09-11 00:00:00,1.4871853044400085
2006-09-12 00:00:00,1.4871853044400085
2006-09-13 00:00:00,1.4871853044400085
2006-09-14 00:00:00,1.4871853044400085
2006-09-15 00:00:00,1.4871853044400085
2006-09-18 00:00:00,1.4871853044400085
2006-09-19 00:00:00,1.4871853044400085
2006-09-20 00:00:00,1.4871853044400085
2006-09-21 00:00:00,1.4871853044400085
2006-09-22 00:00:00,1.4871853044400085
2006-09-25 00:00:00,1.4849421893503554
2006-09-26 00:00:00,1.4837911241605994
2006-09-27 00:00:00,1.4613304656191393
2006-09-28 00:00:00,1.4534500551604237
2006-09-29 00:00:00,1.4556636626051478
2006-10-02 00:00:00,1.4399323493326466
2006-10-03 00:00:00,1.4471588703797271
2006-10-04 00:00:00,1.4471588703797271
2006-10-05 00:00:00,1.4471588703797271
2006-10-06 00:00:00,1.4471588703797271
2006-10-09 00:00:00,1.4471588703797271
2006-10-10 00:00:00,1.4471588703797271
2006-10-11 00:00:00,1.4471588703797271
2006-10-12 00:00:00,1.4471588703797271
2006-10-13 00:00:00,1.4471588703797271
2006-10-16 00:00:00,1.4471588703797271
2006-10-17 00:00:00,1.4471588703797271
2006-10-18 00:00:00,1.4471588703797271
2006-10-19 00:00:00,1.4471588703797271
2006-10-20 00:00:00,1.4471588703797271
2006-10-23 00:00:00,1.4471588703797271
2006-10-24 00:00:00,1.4471588703797271
2006-10-25 00:00:00,1.4471588703797271
2006-10-26 00:00:00,1.4471588703797271
2006-10-27 00:00:00,1.4471588703797271
2006-10-30 00:00:00,1.4471588703797271
2006-10-31 00:00:00,1.4471588703797271
2006-11-01 00:00:00,1.4471588703797271
2006-11-02 00:00:00,1.4471588703797271
2006-11-03 00:00:00,1.4471588703797271
2006-11-06 00:00:00,1.4471588703797271
2006-11-07 00:00:00,1.4471588703797271
2006-11-08 00:00:00,1.4471588703797271
2006-11-09 00:00:00,1.4471588703797271
2006-11-10 00:00:00,1.4471588703797271
2006-11-13 00:00:00,1.4471588703797271
2006-11-14 00:00:00,1.4471588703797271
2006-11-15 00:00:00,1.4471588703797271
2006-11-16 00:00:00,1.4471588703797271
2006-11-17 00:00:00,1.4406547855690317
2006-11-20 00:00:00,1.4709784678826265
2006-11-21 00:00:00,1.46986574027786
2006-11-22 00:00:00,1.456828857186819
2006-11-24 00:00:00,1.462220214392748
2006-11-27 00:00:00,1.4632755150582137
2006-11-28 00:00:00,1.4393984906160135
2006-11-29 00:00:00,1.4111854096333498
2006-11-30 00:00:00,1.3970645124071925
2006-12-01 00:00:00,1.3948677706673105
2006-12-04 00:00:00,1.3892075653364613
2006-12-05 00:00:00,1.3892075653364613
2006-12-06 00:00:00,1.3892075653364613
2006-12-07 00:00:00,1.3892075653364613
2006-12-08 00:00:00,1.3892075653364613
2006-12-11 00:00:00,1.3892075653364613
2006-12-12 00:00:00,1.3892075653364613
2006-12-13 00:00:00,1.3892075653364613
2006-12-14 00:00:00,1.3892075653364613
2006-12-15 00:00:00,1.3892075653364613
2006-12-18 00:00:00,1.3892075653364613
2006-12-19 00:00:00,1.3892075653364613
2006-12-20 00:00:00,1.3892075653364613
2006-12-21 00:00:00,1.3892075653364613
2006-12-22 00:00:00,1.3892075653364613
2006-12-26 00:00:00,1.3892075653364613
2006-12-27 00:00:00,1.3892075653364613
2006-12-28 00:00:00,1.3892075653364613
2006-12-29 00:00:00,1.3892075653364613
2007-01-03 00:00:00,1.3892075653364613
2007-01-04 00:00:00,1.3892075653364613
2007-01-05 00:00:00,1.3892075653364613
2007-01-08 00:00:00,1.3892075653364613
2007-01-09 00:00:00,1.3892075653364613
2007-01-10 00:00:00,1.3892075653364613
2007-01-11 00:00:00,1.3892075653364613
2007-01-12 00:00:00,1.3892075653364613
2007-01-16 00:00:00,1.3892075653364613
2007-01-17 00:00:00,1.3892075653364613
2007-01-18 00:00:00,1.3892075653364613
2007-01-19 00:00:00,1.3892075653364613
2007-01-22 00:00:00,1.3892075653364613
2007-01-23 00:00:00,1.3892075653364613
2007-01-24 00:00:00,1.3892075653364613
2007-01-25 00:00:00,1.3892075653364613
2007-01-26 00:00:00,1.3892075653364613
2007-01-29 00:00:00,1.3892075653364613
2007-01-30 00:00:00,1.3892075653364613
2007-01-31 00:00:00,1.3892075653364613
2007-02-01 00:00:00,1.3892075653364613
2007-02-02 00:00:00,1.3892075653364613
2007-02-05 00:00:00,1.3892075653364613
2007-02-06 00:00:00,1.3892075653364613
2007-02-07 00:00:00,1.3892075653364613
2007-02-08 00:00:00,1.3892075653364613
2007-02-09 00:00:00,1.3892075653364613
2007-02-12 00:00:00,1.3892075653364613
2007-02-13 00:00:00,1.3892075653364613
2007-02-14 00:00:00,1.3892075653364613
2007-02-15 00:00:00,1.3892075653364613
2007-02-16 00:00:00,1.3892075653364613
2007-02-20 00:00:00,1.3892075653364613
2007-02-21 00:00:00,1.3892075653364613
2007-02-22 00:00:00,1.3892075653364613
2007-02-23 00:00:00,1.3892075653364613
2007-02-26 00:00:00,1.3892075653364613
2007-02-27 00:00:00,1.3892075653364613
2007-02-28 00:00:00,1.3892075653364613
2007-03-01 00:00:00,1.3892075653364613
2007-03-02 00:00:00,1.3892075653364613
2007-03-05 00:00:00,1.3892075653364613
2007-03-06 00:00:00,1.3892075653364613
2007-03-07 00:00:00,1.3892075653364613
2007-03-08 00:00:00,1.3892075653364613
2007-03-09 00:00:00,1.3892075653364613
2007-03-12 00:00:00,1.3892075653364613
2007-03-13 00:00:00,1.3892075653364613
2007-03-14 00:00:00,1.3892075653364613
2007-03-15 00:00:00,1.3892075653364613
2007-03-16 00:00:00,1.3892075653364613
2007-03-19 00:00:00,1.3892075653364613
2007-03-20 00:00:00,1.3892075653364613
2007-03-21 00:00:00,1.3892075653364613
2007-03-22 00:00:00,1.3892075653364613
2007-03-23 00:00:00,1.3892075653364613
2007-03-26 00:00:00,1.3892075653364613
2007-03-27 00:00:00,1.3892075653364613
2007-03-28 00:00:00,1.3892075653364613
2007-03-29 00:00:00,1.3892075653364613
2007-03-30 00:00:00,1.3892075653364613
2007-04-02 00:00:00,1.3892075653364613
2007-04-03 00:00:00,1.3892075653364613
2007-04-04 00:00:00,1.3892075653364613
2007-04-05 00:00:00,1.3892075653364613
2007-04-09 00:00:00,1.3892075653364613
2007-04-10 00:00:00,1.3892075653364613
2007-04-11 00:00:00,1.3892075653364613
2007-04-12 00:00:00,1.3892075653364613
2007-04-13 00:00:00,1.3892075653364613
2007-04-16 00:00:00,1.3892075653364613
2007-04-17 00:00:00,1.3892075653364613
2007-04-18 00:00:00,1.3892075653364613
2007-04-19 00:00:00,1.3892075653364613
2007-04-20 00:00:00,1.3892075653364613
2007-04-23 00:00:00,1.3892075653364613
2007-04-24 00:00:00,1.3892075653364613
2007-04-25 00:00:00,1.3892075653364613
2007-04-26 00:00:00,1.3892075653364613
2007-04-27 00:00:00,1.3892075653364613
2007-04-30 00:00:00,1.3892075653364613
2007-05-01 00:00:00,1.3892075653364613
2007-05-02 00:00:00,1.3814248899004027
2007-05-03 00:00:00,1.3794516573992184
2007-05-04 00:00:00,1.3745599216095128
2007-05-07 00:00:00,1.367722516960792
2007-05-08 00:00:00,1.3706134566071444
2007-05-09 00:00:00,1.3530748732338431
2007-05-10 00:00:00,1.3744496670408353
2007-05-11 00:00:00,1.3637209246740853
2007-05-14 00:00:00,1.3675846987499451
2007-05-15 00:00:00,1.3792311482618633
2007-05-16 00:00:00,1.3762850813311724
2007-05-17 00:00:00,1.3879315308430908
2007-05-18 00:00:00,1.3917953049189506
2007-05-21 00:00:00,1.3917677412767815
2007-05-22 00:00:00,1.3781204956215092
2007-05-23 00:00:00,1.3761472631203255
2007-05-24 00:00:00,1.3829295404847073
2007-05-25 00:00:00,1.388738983419582
2007-05-29 00:00:00,1.3741189033348027
2007-05-30 00:00:00,1.3711728364041111
2007-05-31 00:00:00,1.3575255907488395
2007-06-01 00:00:00,1.3497153516706113
2007-06-04 00:00:00,1.3448236158809053
2007-06-05 00:00:00,1.3467417210977506
2007-06-06 00:00:00,1.352551164032625
2007-06-07 00:00:00,1.3583606069674996
2007-06-08 00:00:00,1.351523202318779
2007-06-11 00:00:00,1.3534413075356242
2007-06-12 00:00:00,1.3718975980540944
2007-06-13 00:00:00,1.3679786966938954
2007-06-14 00:00:00,1.3660054641927117
2007-06-15 00:00:00,1.3533310529669467
2007-06-18 00:00:00,1.3562219926132997
2007-06-19 00:00:00,1.3571672634006375
2007-06-20 00:00:00,1.3610310374764971
2007-06-21 00:00:00,1.3600306394048205
2007-06-22 00:00:00,1.373622757775754
2007-06-25 00:00:00,1.3813778695696433
2007-06-26 00:00:00,1.3794046370684592
2007-06-27 00:00:00,1.3764585701377678
2007-06-28 00:00:00,1.3793495097841204
2007-06-29 00:00:00,1.3657022641288485
2007-07-02 00:00:00,1.3389044481012122
2007-07-03 00:00:00,1.3389044481012122
2007-07-05 00:00:00,1.3389044481012122
2007-07-06 00:00:00,1.3389044481012122
2007-07-09 00:00:00,1.3389044481012122
2007-07-10 00:00:00,1.3389044481012122
2007-07-11 00:00:00,1.3389044481012122
2007-07-12 00:00:00,1.3389044481012122
2007-07-13 00:00:00,1.3389044481012122
2007-07-16 00:00:00,1.3389044481012122
2007-07-17 00:00:00,1.3389044481012122
2007-07-18 00:00:00,1.3389044481012122
2007-07-19 00:00:00,1.3389044481012122
2007-07-20 00:00:00,1.3389044481012122
2007-07-23 00:00:00,1.3389044481012122
2007-07-24 00:00:00,1.3389044481012122
2007-07-25 00:00:00,1.3389044481012122
2007-07-26 00:00:00,1.3389044481012122
2007-07-27 00:00:00,1.3389044481012122
2007-07-30 00:00:00,1.3389044481012122
2007-07-31 00:00:00,1.3389044481012122
2007-08-01 00:00:00,1.3389044481012122
2007-08-02 00:00:00,1.3389044481012122
2007-08-03 00:00:00,1.3530478049473516
2007-08-06 00:00:00,1.33322053979831
2007-08-07 00:00:00,1.3360226456030913
2007-08-08 00:00:00,1.3246813945617333
2007-08-09 00:00:00,1.3463413094947008
2007-08-10 00:00:00,1.3651725530584404
2007-08-13 00:00:00,1.3632602065811754
2007-08-14 00:00:00,1.3670052028423663
2007-08-15 00:00:00,1.3886651177753337
2007-08-16 00:00:00,1.3858098808416592
2007-08-17 00:00:00,1.3942693293848967
2007-08-20 00:00:00,1.409329011122999
2007-08-21 00:00:00,1.3932733077995945
2007-08-22 00:00:00,1.3762747140197804
2007-08-23 00:00:00,1.366819243891241
2007-08-24 00:00:00,1.3601924451319292
2007-08-27 00:00:00,1.3705376745879854
2007-08-28 00:00:00,1.3827686849568597
2007-08-29 00:00:00,1.3704845434590924
2007-08-30 00:00:00,1.3789439920023296
2007-08-31 00:00:00,1.3506307127456039
2007-09-04 00:00:00,1.358147270832432
2007-09-05 00:00:00,1.3835787475910368
2007-09-06 00:00:00,1.382609291570181
2007-09-07 00:00:00,1.3891829592005998
2007-09-10 00:00:00,1.400471079113065
2007-09-11 00:00:00,1.3872440471588883
2007-09-12 00:00:00,1.390989043420079
2007-09-13 00:00:00,1.4003913824197256
2007-09-14 00:00:00,1.3965932550296418
2007-09-17 00:00:00,1.4031669226600605
2007-09-18 00:00:00,1.405969028464842
2007-09-19 00:00:00,1.3757699682952977
2007-09-20 00:00:00,1.3823436359257166
2007-09-21 00:00:00,1.3757168371664048
2007-09-24 00:00:00,1.3728616002327305
2007-09-25 00:00:00,1.3652919110170096
2007-09-26 00:00:00,1.3539506599756517
2007-09-27 00:00:00,1.3237515998061073
2007-09-28 00:00:00,1.3246679246980704
2007-10-01 00:00:00,1.309555111831075
2007-10-02 00:00:00,1.3133001080922655
2007-10-03 00:00:00,1.31233065207141
2007-10-04 00:00:00,1.3132469769633726
2007-10-05 00:00:00,1.2953054927271495
2007-10-08 00:00:00,1.3032293794911463
2007-10-09 00:00:00,1.3032293794911463
2007-10-10 00:00:00,1.3032293794911463
2007-10-11 00:00:00,1.3032293794911463
2007-10-12 00:00:00,1.3032293794911463
2007-10-15 00:00:00,1.3032293794911463
2007-10-16 00:00:00,1.3032293794911463
2007-10-17 00:00:00,1.3032293794911463
2007-10-18 00:00:00,1.3032293794911463
2007-10-19 00:00:00,1.3032293794911463
2007-10-22 00:00:00,1.3032293794911463
2007-10-23 00:00:00,1.3032293794911463
2007-10-24 00:00:00,1.3032293794911463
2007-10-25 00:00:00,1.3032293794911463
2007-10-26 00:00:00,1.2986047188116174
2007-10-29 00:00:00,1.2810051505036255
2007-10-30 00:00:00,1.2874538177291819
2007-10-31 00:00:00,1.2822820075720736
2007-11-01 00:00:00,1.2822820075720736
2007-11-02 00:00:00,1.2822820075720736
2007-11-05 00:00:00,1.2822820075720736
2007-11-06 00:00:00,1.2822820075720736
2007-11-07 00:00:00,1.2822820075720736
2007-11-08 00:00:00,1.2953665178534213
2007-11-09 00:00:00,1.3121640175404006
2007-11-12 00:00:00,1.3112039675598366
2007-11-13 00:00:00,1.289682544280012
2007-11-14 00:00:00,1.2859186706677308
2007-11-15 00:00:00,1.2971085230912753
2007-11-16 00:00:00,1.3064291597603417
2007-11-19 00:00:00,1.3278996988335166
2007-11-20 00:00:00,1.2951629810268226
2007-11-21 00:00:00,1.3175681279772367
2007-11-23 00:00:00,1.289504449556738
2007-11-26 00:00:00,1.2894790074534133
2007-11-27 00:00:00,1.2688921920508278
2007-11-28 00:00:00,1.2567168475433943
2007-11-29 00:00:00,1.252018366053874
2007-11-30 00:00:00,1.2491891003188318
2007-12-03 00:00:00,1.2472944424610286
2007-12-04 00:00:00,1.2612881185162907
2007-12-05 00:00:00,1.2369628716047487
2007-12-06 00:00:00,1.2257623117948868
2007-12-07 00:00:00,1.2257623117948868
2007-12-10 00:00:00,1.2257623117948868
2007-12-11 00:00:00,1.2257623117948868
2007-12-12 00:00:00,1.2257623117948868
2007-12-13 00:00:00,1.2257623117948868
2007-12-14 00:00:00,1.2257623117948868
2007-12-17 00:00:00,1.2408330498185154
2007-12-18 00:00:00,1.223438434958092
2007-12-19 00:00:00,1.2302174349726616
2007-12-20 00:00:00,1.2264204784794217
2007-12-21 00:00:00,1.211292140013529
2007-12-24 00:00:00,1.2233591182820034
2007-12-26 00:00:00,1.2188067363239201
2007-12-27 00:00:00,1.2346508419166122
2007-12-28 00:00:00,1.223299630774937
2007-12-31 00:00:00,1.2210135252113845
2008-01-02 00:00:00,1.2255262488314234
2008-01-03 00:00:00,1.2217292923381837
2008-01-04 00:00:00,1.2475827853400527
2008-01-07 00:00:00,1.253417503523568
2008-01-08 00:00:00,1.2556639507490766
2008-01-09 00:00:00,1.2344922085644354
2008-01-10 00:00:00,1.242782059508692
2008-01-11 00:00:00,1.259381590566228
2008-01-14 00:00:00,1.2472749539597092
2008-01-15 00:00:00,1.2744504415250544
2008-01-16 00:00:00,1.2918053980474338
2008-01-17 00:00:00,1.3046278017807516
2008-01-18 00:00:00,1.2804343577367363
2008-01-22 00:00:00,1.3151565456958685
2008-01-23 00:00:00,1.3121225689221208
2008-01-24 00:00:00,1.2969942304562279
2008-01-25 00:00:00,1.2826213174551784
2008-01-28 00:00:00,1.287889466540061
2008-01-29 00:00:00,1.2720057026093248
2008-01-30 00:00:00,1.2765184262293638
2008-01-31 00:00:00,1.2636563641580014
2008-02-01 00:00:00,1.2553268548757004
2008-02-04 00:00:00,1.2583287275660526
2008-02-05 00:00:00,1.2907921933853026
2008-02-06 00:00:00,1.3028591716537772
2008-02-07 00:00:00,1.2975513642308503
2008-02-08 00:00:00,1.3209497244719777
2008-02-11 00:00:00,1.3118647897248332
2008-02-12 00:00:00,1.2982473021886274
2008-02-13 00:00:00,1.3050263022031972
2008-02-14 00:00:00,1.2959413674560525
2008-02-15 00:00:00,1.2845901563143773
2008-02-19 00:00:00,1.2755052215672327
2008-02-20 00:00:00,1.2951264544841425
2008-02-21 00:00:00,1.2883077961315286
2008-02-22 00:00:00,1.2807337123140712
2008-02-25 00:00:00,1.261072821059117
2008-02-26 00:00:00,1.2504770353822854
2008-02-27 00:00:00,1.2557451844671679
2008-02-28 00:00:00,1.2663013118059554
2008-02-29 00:00:00,1.2776128646095866
2008-03-03 00:00:00,1.2783484609054079
2008-03-04 00:00:00,1.3002359702168482
2008-03-05 00:00:00,1.2949281627939213
2008-03-06 00:00:00,1.3032180137381784
2008-03-07 00:00:00,1.3167958429363398
2008-03-10 00:00:00,1.3205531410915354
2008-03-11 00:00:00,1.2939876610879113
2008-03-12 00:00:00,1.2940735914839674
2008-03-13 00:00:00,1.2910320604555712
2008-03-14 00:00:00,1.352957119403719
2008-03-17 00:00:00,1.3280082498948602
2008-03-18 00:00:00,1.302303954921158
2008-03-19 00:00:00,1.3302348679513465
2008-03-20 00:00:00,1.3135956785557665
2008-03-24 00:00:00,1.2856251071875335
2008-03-25 00:00:00,1.2757847469755454
2008-03-26 00:00:00,1.2833191724549589
2008-03-27 00:00:00,1.2863210451453106
2008-03-28 00:00:00,1.2825240886520708
2008-03-31 00:00:00,1.2893030886666408
2008-04-01 00:00:00,1.2620879427632512
2008-04-02 00:00:00,1.263578964523916
2008-04-03 00:00:00,1.2590265825658329
2008-04-04 00:00:00,1.2582513279319671
2008-04-07 00:00:00,1.2514326695793532
2008-04-08 00:00:00,1.2657659242423582
2008-04-09 00:00:00,1.2800991789053633
2008-04-10 00:00:00,1.2831010515957155
2008-04-11 00:00:00,1.277037818707945
2008-04-14 00:00:00,1.2830613932576713
2008-04-15 00:00:00,1.2762427349050571
2008-04-16 00:00:00,1.2460058871422937
2008-04-17 00:00:00,1.2603391418052987
2008-04-18 00:00:00,1.2338794213667528
2008-04-21 00:00:00,1.2368812940571046
2008-04-22 00:00:00,1.250814792672624
2008-04-23 00:00:00,1.250814792672624
2008-04-24 00:00:00,1.250814792672624
2008-04-25 00:00:00,1.250814792672624
2008-04-28 00:00:00,1.250814792672624
2008-04-29 00:00:00,1.250814792672624
2008-04-30 00:00:00,1.250814792672624
2008-05-01 00:00:00,1.250814792672624
2008-05-02 00:00:00,1.250814792672624
2008-05-05 00:00:00,1.250814792672624
2008-05-06 00:00:00,1.250814792672624
2008-05-07 00:00:00,1.250814792672624
2008-05-08 00:00:00,1.250814792672624
2008-05-09 00:00:00,1.250814792672624
2008-05-12 00:00:00,1.250814792672624
2008-05-13 00:00:00,1.250814792672624
2008-05-14 00:00:00,1.250814792672624
2008-05-15 00:00:00,1.250814792672624
2008-05-16 00:00:00,1.250814792672624
2008-05-19 00:00:00,1.250814792672624
2008-05-20 00:00:00,1.250814792672624
2008-05-21 00:00:00,1.250814792672624
2008-05-22 00:00:00,1.250814792672624
2008-05-23 00:00:00,1.250814792672624
2008-05-27 00:00:00,1.250814792672624
2008-05-28 00:00:00,1.250814792672624
2008-05-29 00:00:00,1.250814792672624
2008-05-30 00:00:00,1.250814792672624
2008-06-02 00:00:00,1.250814792672624
2008-06-03 00:00:00,1.250814792672624
2008-06-04 00:00:00,1.250814792672624
2008-06-05 00:00:00,1.250814792672624
2008-06-06 00:00:00,1.250814792672624
2008-06-09 00:00:00,1.250814792672624
2008-06-10 00:00:00,1.250814792672624
2008-06-11 00:00:00,1.250814792672624
2008-06-12 00:00:00,1.250814792672624
2008-06-13 00:00:00,1.250814792672624
2008-06-16 00:00:00,1.250814792672624
2008-06-17 00:00:00,1.250814792672624
2008-06-18 00:00:00,1.250814792672624
2008-06-19 00:00:00,1.250814792672624
2008-06-20 00:00:00,1.250814792672624
2008-06-23 00:00:00,1.250814792672624
2008-06-24 00:00:00,1.250814792672624
2008-06-25 00:00:00,1.250814792672624
2008-06-26 00:00:00,1.250814792672624
2008-06-27 00:00:00,1.250814792672624
2008-06-30 00:00:00,1.2490178024017786
2008-07-01 00:00:00,1.2445582129937705
2008-07-02 00:00:00,1.2684996810488347
2008-07-03 00:00:00,1.2649276246865475
2008-07-07 00:00:00,1.2649057005071442
2008-07-08 00:00:00,1.269321441556346
2008-07-09 00:00:00,1.2870501782913635
2008-07-10 00:00:00,1.2772653906090288
2008-07-11 00:00:00,1.2914439951611618
2008-07-14 00:00:00,1.2843218066159905
2008-07-15 00:00:00,1.3020505433510077
2008-07-16 00:00:00,1.275402627799974
2008-07-17 00:00:00,1.2807059018948967
2008-07-18 00:00:00,1.2851216429440986
2008-07-21 00:00:00,1.2850997187646953
2008-07-22 00:00:00,1.270877265853756
2008-07-23 00:00:00,1.2637550773085844
2008-07-24 00:00:00,1.2646206861749023
2008-07-25 00:00:00,1.2770242246355934
2008-07-28 00:00:00,1.2894277630962845
2008-07-29 00:00:00,1.2831931075968341
2008-07-30 00:00:00,1.2734083199144997
2008-07-31 00:00:00,1.2902495236037956
2008-08-01 00:00:00,1.3053156612016499
2008-08-04 00:00:00,1.3319197283938773
2008-08-05 00:00:00,1.3088219450257275
2008-08-06 00:00:00,1.3150127521663713
2008-08-07 00:00:00,1.3380666871757145
2008-08-08 00:00:00,1.322956701219054
2008-08-11 00:00:00,1.3167220457196038
2008-08-12 00:00:00,1.3238003859059686
2008-08-13 00:00:00,1.3415291226409858
2008-08-14 00:00:00,1.3477199297816298
2008-08-15 00:00:00,1.3547982699679948
2008-08-18 00:00:00,1.3459010153313813
2008-08-19 00:00:00,1.3618546859749565
2008-08-20 00:00:00,1.3511823652469008
2008-08-21 00:00:00,1.3449477097474505
2008-08-22 00:00:00,1.3520260499338155
2008-08-25 00:00:00,1.3608794562116227
2008-08-26 00:00:00,1.355532333757893
2008-08-27 00:00:00,1.3510727443498847
2008-08-28 00:00:00,1.3430630227589924
2008-08-29 00:00:00,1.342153565533868
2008-09-02 00:00:00,1.3554446370402802
2008-09-03 00:00:00,1.3509850476322718
2008-09-04 00:00:00,1.3829143130988255
2008-09-05 00:00:00,1.3828923889194222
2008-09-08 00:00:00,1.3589070725055514
2008-09-09 00:00:00,1.3863986727434998
2008-09-10 00:00:00,1.3739512859240022
2008-09-11 00:00:00,1.379254560018925
2008-09-12 00:00:00,1.3730199045194746
2008-09-15 00:00:00,1.4005115047574233
2008-09-16 00:00:00,1.4093649110352302
2008-09-17 00:00:00,1.4430692425932259
2008-09-18 00:00:00,1.4022207983106556
2008-09-19 00:00:00,1.3507219574794331
2008-09-22 00:00:00,1.3853138220831496
2008-09-23 00:00:00,1.3941672283609567
2008-09-24 00:00:00,1.3808323084957381
2008-09-25 00:00:00,1.3639472564476356
2008-09-26 00:00:00,1.3692505305425584
2008-09-29 00:00:00,1.445556448295163
2008-09-30 00:00:00,1.408258136195477
2008-10-01 00:00:00,1.419774141610447
2008-10-02 00:00:00,1.4596912044884895
2008-10-03 00:00:00,1.4774199412235067
2008-10-06 00:00:00,1.505799074507176
2008-10-07 00:00:00,1.5368408069280086
2008-10-08 00:00:00,1.5669950063031202
2008-10-09 00:00:00,1.6033619369982786
2008-10-10 00:00:00,1.6361787355105535
2008-10-13 00:00:00,1.5127897179759282
2008-10-14 00:00:00,1.5269683225280613
2008-10-15 00:00:00,1.613037103783597
2008-10-16 00:00:00,1.567750994272422
2008-10-17 00:00:00,1.5783794666416708
2008-10-20 00:00:00,1.5171177623075172
2008-10-21 00:00:00,1.5472719616826287
2008-10-22 00:00:00,1.5960643550178815
2008-10-23 00:00:00,1.5703039725125687
2008-10-24 00:00:00,1.6173212997563795
2008-10-27 00:00:00,1.6616760278630274
2008-10-28 00:00:00,1.5773384643401271
2008-10-29 00:00:00,1.5950672010751443
2008-10-30 00:00:00,1.5542187567925743
2008-10-31 00:00:00,1.555084365658892
2008-11-03 00:00:00,1.5497372432051626
2008-11-04 00:00:00,1.5053386667397084
2008-11-05 00:00:00,1.5230674034747256
2008-11-06 00:00:00,1.5949356559987249
2008-11-07 00:00:00,1.5505370795332707
2008-11-10 00:00:00,1.5434148909880994
2008-11-11 00:00:00,1.577119222546095
2008-11-12 00:00:00,1.5983980914639961
2008-11-13 00:00:00,1.546899250632774
2008-11-14 00:00:00,1.5903664456937006
2008-11-17 00:00:00,1.5921195876057395
2008-11-18 00:00:00,1.5920976634263362
2008-11-19 00:00:00,1.6408900567615892
2008-11-20 00:00:00,1.6612813926337693
2008-11-21 00:00:00,1.618657882259757
2008-11-24 00:00:00,1.584022169297234
2008-11-25 00:00:00,1.587550377300715
2008-11-26 00:00:00,1.5733279243897755
2008-11-28 00:00:00,1.5848439298047454
2008-12-01 00:00:00,1.629198657911393
2008-12-02 00:00:00,1.592610372248284
2008-12-03 00:00:00,1.5856656903122568
2008-12-04 00:00:00,1.6158198896873681
2008-12-05 00:00:00,1.6042600359135917
2008-12-08 00:00:00,1.5704231026922177
2008-12-09 00:00:00,1.5758151300917125
2008-12-10 00:00:00,1.5592850912618985
2008-12-11 00:00:00,1.5615707530013698
2008-12-12 00:00:00,1.5437981679075463
2008-12-15 00:00:00,1.5482139089567482
2008-12-16 00:00:00,1.5075429712833222
2008-12-17 00:00:00,1.5091186065862168
2008-12-18 00:00:00,1.5383852729156073
2008-12-19 00:00:00,1.541913480919088
2008-12-22 00:00:00,1.5436666228311269
2008-12-23 00:00:00,1.564057958703307
2008-12-24 00:00:00,1.5542731710209727
2008-12-26 00:00:00,1.5391631850643122
2008-12-29 00:00:00,1.5329285295648616
2008-12-30 00:00:00,1.509830746196712
2008-12-31 00:00:00,1.5027085576515404
2009-01-02 00:00:00,1.498248968243532
2009-01-05 00:00:00,1.5195278371614334
2009-01-06 00:00:00,1.5274937103935193
2009-01-07 00:00:00,1.5354595836256053
2009-01-08 00:00:00,1.5238997298518289
2009-01-09 00:00:00,1.538078334403962
2009-01-12 00:00:00,1.5376144187677898
2009-01-13 00:00:00,1.5376144187677898
2009-01-14 00:00:00,1.5376144187677898
2009-01-15 00:00:00,1.5395131141726854
2009-01-16 00:00:00,1.5338005085545254
2009-01-20 00:00:00,1.5698592018440694
2009-01-21 00:00:00,1.5347168174500267
2009-01-22 00:00:00,1.5555859475004057
2009-01-23 00:00:00,1.5574681235018282
2009-01-26 00:00:00,1.5584009518008028
2009-01-27 00:00:00,1.5327520444312388
2009-01-28 00:00:00,1.5175459617886005
2009-01-29 00:00:00,1.549807264268353
2009-01-30 00:00:00,1.569727046616284
2009-02-02 00:00:00,1.569710527212811
2009-02-03 00:00:00,1.5545044445701726
2009-02-04 00:00:00,1.547367817398341
2009-02-05 00:00:00,1.5497246672509872
2009-02-06 00:00:00,1.544961409335275
2009-02-09 00:00:00,1.560134453170967
2009-02-10 00:00:00,1.5885983648409283
2009-02-11 00:00:00,1.584784454627664
2009-02-12 00:00:00,1.5857172829266386
2009-02-13 00:00:00,1.6065864129770173
2009-02-17 00:00:00,1.6322022815396353
2009-02-18 00:00:00,1.626489675921475
2009-02-19 00:00:00,1.6369159812449279
2009-02-20 00:00:00,1.6463929388659329
2009-02-23 00:00:00,1.67675554594079
2009-02-24 00:00:00,1.6481636606936374
2009-02-25 00:00:00,1.6672290301093655
2009-02-26 00:00:00,1.6757566400279227
2009-02-27 00:00:00,1.6700440344097625
2009-03-02 00:00:00,1.6947105552699326
2009-03-03 00:00:00,1.6964977965011103
2009-03-04 00:00:00,1.6785386055213736
2009-03-05 00:00:00,1.6918129539521698
2009-03-06 00:00:00,1.6936951299535923
2009-03-09 00:00:00,1.7174123031113144
2009-03-10 00:00:00,1.684168614122168
2009-03-11 00:00:00,1.681304051611351
2009-03-12 00:00:00,1.682236879910326
2009-03-13 00:00:00,1.675574926589718
2009-03-16 00:00:00,1.6632168870544233
2009-03-17 00:00:00,1.6385173273873068
2009-03-18 00:00:00,1.621412549339773
2009-03-19 00:00:00,1.6251934207460912
2009-03-20 00:00:00,1.6413158122842308
2009-03-23 00:00:00,1.5843384307338888
2009-03-24 00:00:00,1.603308865379372
2009-03-25 00:00:00,1.5833560442244947
2009-03-26 00:00:00,1.5747953954989913
2009-03-27 00:00:00,1.5884494830107665
2009-03-30 00:00:00,1.6184323510046443
2009-03-31 00:00:00,1.6193651793036192
2009-04-01 00:00:00,1.5977984670545804
2009-04-02 00:00:00,1.5699660599693863
2009-04-03 00:00:00,1.576594974483048
2009-04-06 00:00:00,1.5936667137236356
2009-04-07 00:00:00,1.5983969328324015
2009-04-08 00:00:00,1.5926843272142415
2009-04-09 00:00:00,1.5641873767373338
2009-04-13 00:00:00,1.5752299985892158
2009-04-14 00:00:00,1.5752299985892158
2009-04-15 00:00:00,1.5752299985892158
2009-04-16 00:00:00,1.5752299985892158
2009-04-17 00:00:00,1.5752299985892158
2009-04-20 00:00:00,1.5752299985892158
2009-04-21 00:00:00,1.5752299985892158
2009-04-22 00:00:00,1.5752299985892158
2009-04-23 00:00:00,1.5752299985892158
2009-04-24 00:00:00,1.5752299985892158
2009-04-27 00:00:00,1.5752299985892158
2009-04-28 00:00:00,1.5752299985892158
2009-04-29 00:00:00,1.5752299985892158
2009-04-30 00:00:00,1.5752299985892158
2009-05-01 00:00:00,1.5752299985892158
2009-05-04 00:00:00,1.5752299985892158
2009-05-05 00:00:00,1.5752299985892158
2009-05-06 00:00:00,1.5752299985892158
2009-05-07 00:00:00,1.5752299985892158
2009-05-08 00:00:00,1.5752299985892158
2009-05-11 00:00:00,1.5752299985892158
2009-05-12 00:00:00,1.5752299985892158
2009-05-13 00:00:00,1.5752299985892158
2009-05-14 00:00:00,1.5752299985892158
2009-05-15 00:00:00,1.5752299985892158
2009-05-18 00:00:00,1.5752299985892158
2009-05-19 00:00:00,1.5752299985892158
2009-05-20 00:00:00,1.5752299985892158
2009-05-21 00:00:00,1.5752299985892158
2009-05-22 00:00:00,1.5752299985892158
2009-05-26 00:00:00,1.5752299985892158
2009-05-27 00:00:00,1.5752299985892158
2009-05-28 00:00:00,1.5752299985892158
2009-05-29 00:00:00,1.5752299985892158
2009-06-01 00:00:00,1.5752299985892158
2009-06-02 00:00:00,1.5752299985892158
2009-06-03 00:00:00,1.5752299985892158
2009-06-04 00:00:00,1.5752299985892158
2009-06-05 00:00:00,1.5752299985892158
2009-06-08 00:00:00,1.5752299985892158
2009-06-09 00:00:00,1.5752299985892158
2009-06-10 00:00:00,1.5752299985892158
2009-06-11 00:00:00,1.5752299985892158
2009-06-12 00:00:00,1.5752299985892158
2009-06-15 00:00:00,1.5752299985892158
2009-06-16 00:00:00,1.5752299985892158
2009-06-17 00:00:00,1.5752299985892158
2009-06-18 00:00:00,1.5752299985892158
2009-06-19 00:00:00,1.5752299985892158
2009-06-22 00:00:00,1.5752299985892158
2009-06-23 00:00:00,1.5752299985892158
2009-06-24 00:00:00,1.5752299985892158
2009-06-25 00:00:00,1.5752299985892158
2009-06-26 00:00:00,1.5752299985892158
2009-06-29 00:00:00,1.5752299985892158
2009-06-30 00:00:00,1.5752299985892158
2009-07-01 00:00:00,1.5752299985892158
2009-07-02 00:00:00,1.5752299985892158
2009-07-06 00:00:00,1.5752299985892158
2009-07-07 00:00:00,1.5752299985892158
2009-07-08 00:00:00,1.5752299985892158
2009-07-09 00:00:00,1.5752299985892158
2009-07-10 00:00:00,1.5752299985892158
2009-07-13 00:00:00,1.5752299985892158
2009-07-14 00:00:00,1.5752299985892158
2009-07-15 00:00:00,1.5752299985892158
2009-07-16 00:00:00,1.5752299985892158
2009-07-17 00:00:00,1.5752299985892158
2009-07-20 00:00:00,1.5752299985892158
2009-07-21 00:00:00,1.5752299985892158
2009-07-22 00:00:00,1.5752299985892158
2009-07-23 00:00:00,1.5752299985892158
2009-07-24 00:00:00,1.5752299985892158
2009-07-27 00:00:00,1.5752299985892158
2009-07-28 00:00:00,1.5752299985892158
2009-07-29 00:00:00,1.5752299985892158
2009-07-30 00:00:00,1.5752299985892158
2009-07-31 00:00:00,1.5752299985892158
2009-08-03 00:00:00,1.5752299985892158
2009-08-04 00:00:00,1.5752299985892158
2009-08-05 00:00:00,1.5752299985892158
2009-08-06 00:00:00,1.5752299985892158
2009-08-07 00:00:00,1.5752299985892158
2009-08-10 00:00:00,1.5752299985892158
2009-08-11 00:00:00,1.5752299985892158
2009-08-12 00:00:00,1.5752299985892158
2009-08-13 00:00:00,1.5752299985892158
2009-08-14 00:00:00,1.5752299985892158
2009-08-17 00:00:00,1.5752299985892158
2009-08-18 00:00:00,1.5752299985892158
2009-08-19 00:00:00,1.5752299985892158
2009-08-20 00:00:00,1.5752299985892158
2009-08-21 00:00:00,1.5752299985892158
2009-08-24 00:00:00,1.5752299985892158
2009-08-25 00:00:00,1.5752299985892158
2009-08-26 00:00:00,1.5752299985892158
2009-08-27 00:00:00,1.5752299985892158
2009-08-28 00:00:00,1.5752299985892158
2009-08-31 00:00:00,1.5752299985892158
2009-09-01 00:00:00,1.5752299985892158
2009-09-02 00:00:00,1.5752299985892158
2009-09-03 00:00:00,1.5752299985892158
2009-09-04 00:00:00,1.5752299985892158
2009-09-08 00:00:00,1.5752299985892158
2009-09-09 00:00:00,1.5752299985892158
2009-09-10 00:00:00,1.5752299985892158
2009-09-11 00:00:00,1.5752299985892158
2009-09-14 00:00:00,1.5752299985892158
2009-09-15 00:00:00,1.5752299985892158
2009-09-16 00:00:00,1.5752299985892158
2009-09-17 00:00:00,1.5752299985892158
2009-09-18 00:00:00,1.5752299985892158
2009-09-21 00:00:00,1.5752299985892158
2009-09-22 00:00:00,1.5752299985892158
2009-09-23 00:00:00,1.5752299985892158
2009-09-24 00:00:00,1.5752299985892158
2009-09-25 00:00:00,1.5752299985892158
2009-09-28 00:00:00,1.5752299985892158
2009-09-29 00:00:00,1.5752299985892158
2009-09-30 00:00:00,1.5752299985892158
2009-10-01 00:00:00,1.5752299985892158
2009-10-02 00:00:00,1.5752299985892158
2009-10-05 00:00:00,1.5752299985892158
2009-10-06 00:00:00,1.5752299985892158
2009-10-07 00:00:00,1.5752299985892158
2009-10-08 00:00:00,1.5752299985892158
2009-10-09 00:00:00,1.5752299985892158
2009-10-12 00:00:00,1.5752299985892158
2009-10-13 00:00:00,1.5752299985892158
2009-10-14 00:00:00,1.5752299985892158
2009-10-15 00:00:00,1.5752299985892158
2009-10-16 00:00:00,1.5752299985892158
2009-10-19 00:00:00,1.5752299985892158
2009-10-20 00:00:00,1.5752299985892158
2009-10-21 00:00:00,1.5752299985892158
2009-10-22 00:00:00,1.5752299985892158
2009-10-23 00:00:00,1.5752299985892158
2009-10-26 00:00:00,1.5752299985892158
2009-10-27 00:00:00,1.5752299985892158
2009-10-28 00:00:00,1.5752299985892158
2009-10-29 00:00:00,1.5686869871724383
2009-10-30 00:00:00,1.588284766859307
2009-11-02 00:00:00,1.5735317366080932
2009-11-03 00:00:00,1.5751362348988236
2009-11-04 00:00:00,1.5783764860437486
2009-11-05 00:00:00,1.5668949615009236
2009-11-06 00:00:00,1.576678224062626
2009-11-09 00:00:00,1.5586536881030233
2009-11-10 00:00:00,1.5700727035189201
2009-11-11 00:00:00,1.5716772018096503
2009-11-12 00:00:00,1.5978179929132967
2009-11-13 00:00:00,1.583064962662083
2009-11-16 00:00:00,1.5683119324108694
2009-11-17 00:00:00,1.5862739592435438
2009-11-18 00:00:00,1.6026002332220237
2009-11-19 00:00:00,1.6385555414508366
2009-11-20 00:00:00,1.6270740169080118
2009-11-23 00:00:00,1.6106852338026036
2009-11-24 00:00:00,1.6302830134894726
2009-11-25 00:00:00,1.604079713258898
2009-11-27 00:00:00,1.6171344815289892
2009-11-30 00:00:00,1.5860239227358313
2009-12-01 00:00:00,1.5320128239839517
2009-12-02 00:00:00,1.5385245808372654
2009-12-03 00:00:00,1.5155927863150793
2009-12-04 00:00:00,1.4942320383296175
2009-12-07 00:00:00,1.4942320383296175
2009-12-08 00:00:00,1.4942320383296175
2009-12-09 00:00:00,1.4942320383296175
2009-12-10 00:00:00,1.4942320383296175
2009-12-11 00:00:00,1.4942320383296175
2009-12-14 00:00:00,1.4942320383296175
2009-12-15 00:00:00,1.4942320383296175
2009-12-16 00:00:00,1.4942320383296175
2009-12-17 00:00:00,1.4942320383296175
2009-12-18 00:00:00,1.4942320383296175
2009-12-21 00:00:00,1.4957480904318174
2009-12-22 00:00:00,1.4972345133411473
2009-12-23 00:00:00,1.4926567278416765
2009-12-24 00:00:00,1.4820147339334053
2009-12-28 00:00:00,1.4880493131493353
2009-12-29 00:00:00,1.4819554755476645
2009-12-30 00:00:00,1.4986024194789955
2009-12-31 00:00:00,1.510701207103726
2010-01-04 00:00:00,1.4727702753558527
2010-01-05 00:00:00,1.4636443335497815
2010-01-06 00:00:00,1.4675655361352447
2010-01-07 00:00:00,1.4675655361352447
2010-01-08 00:00:00,1.4675655361352447
2010-01-11 00:00:00,1.4675655361352447
2010-01-12 00:00:00,1.4675655361352447
2010-01-13 00:00:00,1.4675655361352447
2010-01-14 00:00:00,1.4675655361352447
2010-01-15 00:00:00,1.4675655361352447
2010-01-19 00:00:00,1.4675655361352447
2010-01-20 00:00:00,1.4675655361352447
2010-01-21 00:00:00,1.4675655361352447
2010-01-22 00:00:00,1.4675655361352447
2010-01-25 00:00:00,1.4675655361352447
2010-01-26 00:00:00,1.4675655361352447
2010-01-27 00:00:00,1.4675655361352447
2010-01-28 00:00:00,1.4675655361352447
2010-01-29 00:00:00,1.4675655361352447
2010-02-01 00:00:00,1.4675655361352447
2010-02-02 00:00:00,1.4675655361352447
2010-02-03 00:00:00,1.4675655361352447
2010-02-04 00:00:00,1.4675655361352447
2010-02-05 00:00:00,1.4675655361352447
2010-02-08 00:00:00,1.4675655361352447
2010-02-09 00:00:00,1.4675655361352447
2010-02-10 00:00:00,1.4705514273583071
2010-02-11 00:00:00,1.4630575809368385
2010-02-12 00:00:00,1.471986136242214
2010-02-16 00:00:00,1.457027561763089
2010-02-17 00:00:00,1.4569984433992769
2010-02-18 00:00:00,1.4578752444325418
2010-02-19 00:00:00,1.4578752444325418
2010-02-22 00:00:00,1.4578752444325418
2010-02-23 00:00:00,1.4578752444325418
2010-02-24 00:00:00,1.453425981224711
2010-02-25 00:00:00,1.450430879656704
2010-02-26 00:00:00,1.441503427144923
2010-03-01 00:00:00,1.4266436236893678
2010-03-02 00:00:00,1.4171330210798134
2010-03-03 00:00:00,1.4171330210798134
2010-03-04 00:00:00,1.4171330210798134
2010-03-05 00:00:00,1.4171330210798134
2010-03-08 00:00:00,1.4171330210798134
2010-03-09 00:00:00,1.4171330210798134
2010-03-10 00:00:00,1.4171330210798134
2010-03-11 00:00:00,1.4171330210798134
2010-03-12 00:00:00,1.4171330210798134
2010-03-15 00:00:00,1.4171330210798134
2010-03-16 00:00:00,1.4171330210798134
2010-03-17 00:00:00,1.4171330210798134
2010-03-18 00:00:00,1.4171330210798134
2010-03-19 00:00:00,1.4171330210798134
2010-03-22 00:00:00,1.4171330210798134
2010-03-23 00:00:00,1.4171330210798134
2010-03-24 00:00:00,1.4171330210798134
2010-03-25 00:00:00,1.4171330210798134
2010-03-26 00:00:00,1.4171330210798134
2010-03-29 00:00:00,1.4171330210798134
2010-03-30 00:00:00,1.4171330210798134
2010-03-31 00:00:00,1.4171330210798134
2010-04-01 00:00:00,1.4171330210798134
2010-04-05 00:00:00,1.4171330210798134
2010-04-06 00:00:00,1.4171330210798134
2010-04-07 00:00:00,1.4171330210798134
2010-04-08 00:00:00,1.4171330210798134
2010-04-09 00:00:00,1.4171330210798134
2010-04-12 00:00:00,1.4171330210798134
2010-04-13 00:00:00,1.4171330210798134
2010-04-14 00:00:00,1.4171330210798134
2010-04-15 00:00:00,1.4171330210798134
2010-04-16 00:00:00,1.4171330210798134
2010-04-19 00:00:00,1.4171330210798134
2010-04-20 00:00:00,1.4171330210798134
2010-04-21 00:00:00,1.4171330210798134
2010-04-22 00:00:00,1.4171330210798134
2010-04-23 00:00:00,1.4171330210798134
2010-04-26 00:00:00,1.4171330210798134
2010-04-27 00:00:00,1.4171330210798134
2010-04-28 00:00:00,1.4171330210798134
2010-04-29 00:00:00,1.4171330210798134
2010-04-30 00:00:00,1.4171330210798134
2010-05-03 00:00:00,1.4171330210798134
2010-05-04 00:00:00,1.4171330210798134
2010-05-05 00:00:00,1.4171330210798134
2010-05-06 00:00:00,1.4171330210798134
2010-05-07 00:00:00,1.4171330210798134
2010-05-10 00:00:00,1.4171330210798134
2010-05-11 00:00:00,1.4171330210798134
2010-05-12 00:00:00,1.4129027732556947
2010-05-13 00:00:00,1.4241553164013394
2010-05-14 00:00:00,1.4339977769389445
2010-05-17 00:00:00,1.4367898244363515
2010-05-18 00:00:00,1.4607331110543527
2010-05-19 00:00:00,1.4508344150794033
2010-05-20 00:00:00,1.472310057133335
2010-05-21 00:00:00,1.4588861546382867
2010-05-24 00:00:00,1.4775416314761394
2010-05-25 00:00:00,1.4859740094057046
2010-05-26 00:00:00,1.502866882983508
2010-05-27 00:00:00,1.4704068652799245
2010-05-28 00:00:00,1.4929400692898862
2010-06-01 00:00:00,1.4978472406993526
2010-06-02 00:00:00,1.4900636686364626
2010-06-03 00:00:00,1.4932082367858794
2010-06-04 00:00:00,1.5182090853599104
2010-06-07 00:00:00,1.5393322067618325
2010-06-08 00:00:00,1.5266133455708037
2010-06-09 00:00:00,1.5251751452440918
2010-06-10 00:00:00,1.5025857057967857
2010-06-11 00:00:00,1.5053777532941928
2010-06-14 00:00:00,1.4968891399272828
2010-06-15 00:00:00,1.472889617871937
2010-06-16 00:00:00,1.4672211697211066
2010-06-17 00:00:00,1.4700132172185134
2010-06-18 00:00:00,1.467164934283762
2010-06-21 00:00:00,1.4572662383088126
2010-06-22 00:00:00,1.4741591118866155
2010-06-23 00:00:00,1.4896419028563792
2010-06-24 00:00:00,1.4938440329618259
2010-06-25 00:00:00,1.4881755848109952
2010-06-28 00:00:00,1.5036583757807587
2010-06-29 00:00:00,1.5360621580469977
2010-06-30 00:00:00,1.5360340403283255
2010-07-01 00:00:00,1.5317756747855342
2010-07-02 00:00:00,1.5261072266347038
2010-07-06 00:00:00,1.4992875393632785
2010-07-07 00:00:00,1.4738779346998934
2010-07-08 00:00:00,1.471029651765142
2010-07-09 00:00:00,1.4794620296947076
2010-07-12 00:00:00,1.4864843250162332
2010-07-13 00:00:00,1.479405794257363
2010-07-14 00:00:00,1.4695070982824134
2010-07-15 00:00:00,1.4807596414280582
2010-07-16 00:00:00,1.5149260269543467
2010-07-19 00:00:00,1.5103151407595456
2010-07-20 00:00:00,1.501826527392636
2010-07-21 00:00:00,1.525769814010637
2010-07-22 00:00:00,1.5017702919552915
2010-07-23 00:00:00,1.4820010177240646
2010-07-26 00:00:00,1.4805628173973528
2010-07-27 00:00:00,1.4875851127188788
2010-07-28 00:00:00,1.4720460863117706
2010-07-29 00:00:00,1.4635574729448606
2010-07-30 00:00:00,1.4748100160905053
2010-08-02 00:00:00,1.4451701636030012
2010-08-03 00:00:00,1.4507823763164873
2010-08-04 00:00:00,1.4535744238138946
2010-08-05 00:00:00,1.454956388703262
2010-08-06 00:00:00,1.4422375275122332
2010-08-09 00:00:00,1.4407993271855215
2010-08-10 00:00:00,1.4492317051150867
2010-08-11 00:00:00,1.4957363134617219
2010-08-12 00:00:00,1.4999384435671685
2010-08-13 00:00:00,1.501320408456536
2010-08-16 00:00:00,1.4914217124815865
2010-08-17 00:00:00,1.484343181722716
2010-08-18 00:00:00,1.4758545683558062
2010-08-19 00:00:00,1.4786466158532132
2010-08-20 00:00:00,1.4913092416068976
2010-08-23 00:00:00,1.499741619536463
2010-08-24 00:00:00,1.5011235844258304
2010-08-25 00:00:00,1.5053257145312768
2010-08-26 00:00:00,1.5067076794206442
2010-08-27 00:00:00,1.4897585704054968
2010-08-30 00:00:00,1.4939607005109434
2010-08-31 00:00:00,1.509443491480707
2010-09-01 00:00:00,1.4727532259530047
2010-09-02 00:00:00,1.4769553560584514
2010-09-03 00:00:00,1.467056660083502
2010-09-07 00:00:00,1.4677335836688492
2010-09-08 00:00:00,1.4641802594300783
2010-09-09 00:00:00,1.459921893887287
2010-09-10 00:00:00,1.4500231979123375
2010-09-13 00:00:00,1.4451979791611145
2010-09-14 00:00:00,1.4451979791611145
2010-09-15 00:00:00,1.4451979791611145
2010-09-16 00:00:00,1.4451979791611145
2010-09-17 00:00:00,1.4451979791611145
2010-09-20 00:00:00,1.4451979791611145
2010-09-21 00:00:00,1.4451979791611145
2010-09-22 00:00:00,1.4451979791611145
2010-09-23 00:00:00,1.4451979791611145
2010-09-24 00:00:00,1.4451979791611145
2010-09-27 00:00:00,1.4451979791611145
2010-09-28 00:00:00,1.4451979791611145
2010-09-29 00:00:00,1.4451979791611145
2010-09-30 00:00:00,1.4451979791611145
2010-10-01 00:00:00,1.4451979791611145
2010-10-04 00:00:00,1.4451979791611145
2010-10-05 00:00:00,1.4451979791611145
2010-10-06 00:00:00,1.4451979791611145
2010-10-07 00:00:00,1.4451979791611145
2010-10-08 00:00:00,1.4451979791611145
2010-10-11 00:00:00,1.4451979791611145
2010-10-12 00:00:00,1.4451979791611145
2010-10-13 00:00:00,1.4451979791611145
2010-10-14 00:00:00,1.4451979791611145
2010-10-15 00:00:00,1.4451979791611145
2010-10-18 00:00:00,1.4451979791611145
2010-10-19 00:00:00,1.4451979791611145
2010-10-20 00:00:00,1.4451979791611145
2010-10-21 00:00:00,1.4451979791611145
2010-10-22 00:00:00,1.4451979791611145
2010-10-25 00:00:00,1.4451979791611145
2010-10-26 00:00:00,1.4451979791611145
2010-10-27 00:00:00,1.4451979791611145
2010-10-28 00:00:00,1.4451979791611145
2010-10-29 00:00:00,1.4451979791611145
2010-11-01 00:00:00,1.4451979791611145
2010-11-02 00:00:00,1.4451979791611145
2010-11-03 00:00:00,1.4451979791611145
2010-11-04 00:00:00,1.4451979791611145
2010-11-05 00:00:00,1.4451979791611145
2010-11-08 00:00:00,1.4451979791611145
2010-11-09 00:00:00,1.4451979791611145
2010-11-10 00:00:00,1.4451979791611145
2010-11-11 00:00:00,1.4451979791611145
2010-11-12 00:00:00,1.4451979791611145
2010-11-15 00:00:00,1.4451979791611145
2010-11-16 00:00:00,1.4451979791611145
2010-11-17 00:00:00,1.4451979791611145
2010-11-18 00:00:00,1.4451979791611145
2010-11-19 00:00:00,1.4451979791611145
2010-11-22 00:00:00,1.4451979791611145
2010-11-23 00:00:00,1.4451979791611145
2010-11-24 00:00:00,1.4451979791611145
2010-11-26 00:00:00,1.4451979791611145
2010-11-29 00:00:00,1.4451979791611145
2010-11-30 00:00:00,1.4451979791611145
2010-12-01 00:00:00,1.4451979791611145
2010-12-02 00:00:00,1.4451979791611145
2010-12-03 00:00:00,1.4451979791611145
2010-12-06 00:00:00,1.4451979791611145
2010-12-07 00:00:00,1.4451979791611145
2010-12-08 00:00:00,1.4451979791611145
2010-12-09 00:00:00,1.4451979791611145
2010-12-10 00:00:00,1.4451979791611145
2010-12-13 00:00:00,1.4451979791611145
2010-12-14 00:00:00,1.4451979791611145
2010-12-15 00:00:00,1.4451979791611145
2010-12-16 00:00:00,1.4451979791611145
2010-12-17 00:00:00,1.4451979791611145
2010-12-20 00:00:00,1.4451979791611145
2010-12-21 00:00:00,1.4451979791611145
2010-12-22 00:00:00,1.4451979791611145
2010-12-23 00:00:00,1.4451979791611145
2010-12-27 00:00:00,1.4451979791611145
2010-12-28 00:00:00,1.4451979791611145
2010-12-29 00:00:00,1.4451979791611145
2010-12-30 00:00:00,1.4451979791611145
2010-12-31 00:00:00,1.4451979791611145
2011-01-03 00:00:00,1.4451979791611145
2011-01-04 00:00:00,1.4451979791611145
2011-01-05 00:00:00,1.4451979791611145
2011-01-06 00:00:00,1.4451979791611145
2011-01-07 00:00:00,1.4451979791611145
2011-01-10 00:00:00,1.4451979791611145
2011-01-11 00:00:00,1.4451979791611145
2011-01-12 00:00:00,1.4451979791611145
2011-01-13 00:00:00,1.4451979791611145
2011-01-14 00:00:00,1.4451979791611145
2011-01-18 00:00:00,1.4451979791611145
2011-01-19 00:00:00,1.4451979791611145
2011-01-20 00:00:00,1.4451979791611145
2011-01-21 00:00:00,1.4451979791611145
2011-01-24 00:00:00,1.4451979791611145
2011-01-25 00:00:00,1.4451979791611145
2011-01-26 00:00:00,1.4451979791611145
2011-01-27 00:00:00,1.4451979791611145
2011-01-28 00:00:00,1.4451979791611145
2011-01-31 00:00:00,1.4451979791611145
2011-02-01 00:00:00,1.4451979791611145
2011-02-02 00:00:00,1.4451979791611145
2011-02-03 00:00:00,1.4451979791611145
2011-02-04 00:00:00,1.4451979791611145
2011-02-07 00:00:00,1.4451979791611145
2011-02-08 00:00:00,1.4451979791611145
2011-02-09 00:00:00,1.4451979791611145
2011-02-10 00:00:00,1.4451979791611145
2011-02-11 00:00:00,1.4451979791611145
2011-02-14 00:00:00,1.4451979791611145
2011-02-15 00:00:00,1.4451979791611145
2011-02-16 00:00:00,1.4451979791611145
2011-02-17 00:00:00,1.4451979791611145
2011-02-18 00:00:00,1.4451979791611145
2011-02-22 00:00:00,1.4451979791611145
2011-02-23 00:00:00,1.4451979791611145
2011-02-24 00:00:00,1.4451979791611145
2011-02-25 00:00:00,1.4451979791611145
2011-02-28 00:00:00,1.4451979791611145
2011-03-01 00:00:00,1.4451979791611145
2011-03-02 00:00:00,1.4451979791611145
2011-03-03 00:00:00,1.4451979791611145
2011-03-04 00:00:00,1.4451979791611145
2011-03-07 00:00:00,1.4451979791611145
2011-03-08 00:00:00,1.4451979791611145
2011-03-09 00:00:00,1.4451979791611145
2011-03-10 00:00:00,1.4451979791611145
2011-03-11 00:00:00,1.4451979791611145
2011-03-14 00:00:00,1.4451979791611145
2011-03-15 00:00:00,1.4451979791611145
2011-03-16 00:00:00,1.4451979791611145
2011-03-17 00:00:00,1.4451979791611145
2011-03-18 00:00:00,1.4451979791611145
2011-03-21 00:00:00,1.4451979791611145
2011-03-22 00:00:00,1.4451979791611145
2011-03-23 00:00:00,1.4378725665311574
2011-03-24 00:00:00,1.4366347397514818
2011-03-25 00:00:00,1.4573731508616767
2011-03-28 00:00:00,1.4593910630286486
2011-03-29 00:00:00,1.4605950404589585
2011-03-30 00:00:00,1.4475551599976855
2011-03-31 00:00:00,1.4585263542679379
2011-04-01 00:00:00,1.4597303316982477
2011-04-04 00:00:00,1.4711084933368312
2011-04-05 00:00:00,1.4873702633953858
2011-04-06 00:00:00,1.49467875135066
2011-04-07 00:00:00,1.5011733045692721
2011-04-08 00:00:00,1.4856916198980132
2011-04-11 00:00:00,1.4913722383799635
2011-04-12 00:00:00,1.4897274442319568
2011-04-13 00:00:00,1.486454780610626
2011-04-14 00:00:00,1.4805368290951446
2011-04-15 00:00:00,1.481537322841289
2011-04-18 00:00:00,1.4839622023765917
2011-04-19 00:00:00,1.481503473491923
2011-04-20 00:00:00,1.4692775277673118
2011-04-21 00:00:00,1.4660048641459813
2011-04-25 00:00:00,1.46680187420796
2011-04-26 00:00:00,1.465889621322949
2011-04-27 00:00:00,1.4647331880169396
2011-04-28 00:00:00,1.4423330580840545
2011-04-29 00:00:00,1.4406882639360479
2011-05-02 00:00:00,1.4386365024197103
2011-05-03 00:00:00,1.4382126103766963
2011-05-04 00:00:00,1.4390753863653973
2011-05-05 00:00:00,1.4390753863653973
2011-05-06 00:00:00,1.4390753863653973
2011-05-09 00:00:00,1.4390753863653973
2011-05-10 00:00:00,1.4390753863653973
2011-05-11 00:00:00,1.4390753863653973
2011-05-12 00:00:00,1.4349361474784403
2011-05-13 00:00:00,1.4652620128997291
2011-05-16 00:00:00,1.4735119375905805
2011-05-17 00:00:00,1.4721036382118653
2011-05-18 00:00:00,1.4610371147635837
2011-05-19 00:00:00,1.481704756115306
2011-05-20 00:00:00,1.496853412284419
2011-05-23 00:00:00,1.5182109267839676
2011-05-24 00:00:00,1.5009355450052504
2011-05-25 00:00:00,1.498147499330883
2011-05-26 00:00:00,1.485701229586949
2011-05-27 00:00:00,1.4856726765038861
2011-05-31 00:00:00,1.4608086900990813
2011-06-01 00:00:00,1.4787168388594987
2011-06-02 00:00:00,1.4773085394807837
2011-06-03 00:00:00,1.489697703058592
2011-06-06 00:00:00,1.5033286383024875
2011-06-07 00:00:00,1.4924000894837712
2011-06-08 00:00:00,1.4937512826963608
2011-06-09 00:00:00,1.4840645055437316
2011-06-10 00:00:00,1.4978334154171922
2011-06-13 00:00:00,1.4978048623341293
2011-06-14 00:00:00,1.4701813833380195
2011-06-15 00:00:00,1.4977477561680037
2011-06-16 00:00:00,1.502548315119724
2011-06-17 00:00:00,1.497690650001878
2011-06-20 00:00:00,1.4962823506231628
2011-06-21 00:00:00,1.4727981105140102
2011-06-22 00:00:00,1.4865670203874708
2011-06-23 00:00:00,1.4892979598957128
2011-06-24 00:00:00,1.480990929038736
2011-06-27 00:00:00,1.4878611074339347
2011-06-28 00:00:00,1.471275598803044
2011-06-29 00:00:00,1.4491711049895435
2011-06-30 00:00:00,1.4381045815412619
2011-07-01 00:00:00,1.425658311797328
2011-07-05 00:00:00,1.4228702661229606
2011-07-06 00:00:00,1.4145632352659836
2011-07-07 00:00:00,1.4111995594370699
2011-07-08 00:00:00,1.4111995594370699
2011-07-11 00:00:00,1.4111995594370699
2011-07-12 00:00:00,1.4111995594370699
2011-07-13 00:00:00,1.4111995594370699
2011-07-14 00:00:00,1.4111995594370699
2011-07-15 00:00:00,1.4111995594370699
2011-07-18 00:00:00,1.4111995594370699
2011-07-19 00:00:00,1.4111995594370699
2011-07-20 00:00:00,1.4111995594370699
2011-07-21 00:00:00,1.4111995594370699
2011-07-22 00:00:00,1.4111995594370699
2011-07-25 00:00:00,1.4111995594370699
2011-07-26 00:00:00,1.4111995594370699
2011-07-27 00:00:00,1.4111995594370699
2011-07-28 00:00:00,1.4111995594370699
2011-07-29 00:00:00,1.4111995594370699
2011-08-01 00:00:00,1.4111995594370699
2011-08-02 00:00:00,1.4111995594370699
2011-08-03 00:00:00,1.4111995594370699
2011-08-04 00:00:00,1.4111995594370699
2011-08-05 00:00:00,1.4111995594370699
2011-08-08 00:00:00,1.4111995594370699
2011-08-09 00:00:00,1.4111995594370699
2011-08-10 00:00:00,1.4111995594370699
2011-08-11 00:00:00,1.3913689291923999
2011-08-12 00:00:00,1.3995432990523906
2011-08-15 00:00:00,1.388749239982697
2011-08-16 00:00:00,1.3956303078702095
2011-08-17 00:00:00,1.3947515639228512
2011-08-18 00:00:00,1.4240498659999905
2011-08-19 00:00:00,1.4317931352024886
2011-08-22 00:00:00,1.4300521899401444
2011-08-23 00:00:00,1.4145160236380296
2011-08-24 00:00:00,1.4239836954704992
2011-08-25 00:00:00,1.4351757699329397
2011-08-26 00:00:00,1.4179152010008538
2011-08-29 00:00:00,1.4071211419311604
2011-08-30 00:00:00,1.4101223039012374
2011-08-31 00:00:00,1.3954483389141084
2011-09-01 00:00:00,1.4031916081166065
2011-09-02 00:00:00,1.416970286524004
2011-09-06 00:00:00,1.43505997150633
2011-09-07 00:00:00,1.4195238052042154
2011-09-08 00:00:00,1.4298536783516704
2011-09-09 00:00:00,1.448805564648982
2011-09-12 00:00:00,1.4410292101817381
2011-09-13 00:00:00,1.4272174465095948
2011-09-14 00:00:00,1.4237520986172794
2011-09-15 00:00:00,1.4142513415200642
2011-09-16 00:00:00,1.4056127857378349
2011-09-19 00:00:00,1.4176670615152613
2011-09-20 00:00:00,1.418512720197874
2011-09-21 00:00:00,1.428842593345329
2011-09-22 00:00:00,1.441759070437741
2011-09-23 00:00:00,1.4391559238604112
2011-09-26 00:00:00,1.43482837465311
2011-09-27 00:00:00,1.4218788122959527
2011-09-28 00:00:00,1.4218622696635799
2011-09-29 00:00:00,1.4071883046764506
2011-09-30 00:00:00,1.4287267949187192
2011-10-03 00:00:00,1.4416432720111312
2011-10-04 00:00:00,1.4312803135989305
2011-10-05 00:00:00,1.4351436768839931
2011-10-06 00:00:00,1.4312472283341848
2011-10-07 00:00:00,1.4355416922767401
2011-10-10 00:00:00,1.4148323180847118
2011-10-11 00:00:00,1.4217133859722242
2011-10-12 00:00:00,1.4165236354499373
2011-10-13 00:00:00,1.4165070928175645
2011-10-14 00:00:00,1.4147661475552205
2011-10-17 00:00:00,1.41819841018279
2011-10-18 00:00:00,1.4104220557155465
2011-10-19 00:00:00,1.4233385328079584
2011-10-20 00:00:00,1.4259085941205425
2011-10-21 00:00:00,1.4172700383383132
2011-10-24 00:00:00,1.4086314825560837
2011-10-25 00:00:00,1.42068575833351
2011-10-26 00:00:00,1.4193759137286588
2011-10-27 00:00:00,1.3870268217843238
2011-10-28 00:00:00,1.3835614738920083
2011-10-31 00:00:00,1.4335526075288034
2011-11-01 00:00:00,1.4438824806762585
2011-11-02 00:00:00,1.4412793340989287
2011-11-03 00:00:00,1.4352273822616561
2011-11-04 00:00:00,1.4369352422592547
2011-11-07 00:00:00,1.4300210891069967
2011-11-08 00:00:00,1.4334533517345664
2011-11-09 00:00:00,1.4485253321144427
2011-11-10 00:00:00,1.4489398901395625
2011-11-11 00:00:00,1.4403013343573332
2011-11-14 00:00:00,1.443733596984903
2011-11-15 00:00:00,1.4437170543525302
2011-11-16 00:00:00,1.4583579340749135
2011-11-17 00:00:00,1.457479190127555
2011-11-18 00:00:00,1.4540138422352393
2011-11-21 00:00:00,1.4695169232726084
2011-11-22 00:00:00,1.4634649714353358
2011-11-23 00:00:00,1.4815546564176618
2011-11-25 00:00:00,1.481538113785289
2011-11-28 00:00:00,1.4603976389357676
2011-11-29 00:00:00,1.4565011903859593
2011-11-30 00:00:00,1.4306186083040169
2011-12-01 00:00:00,1.4418106827664574
2011-12-02 00:00:00,1.4392075361891277
2011-12-05 00:00:00,1.4331555843518553
2011-12-06 00:00:00,1.4426232561843246
2011-12-07 00:00:00,1.4313980964571384
2011-12-08 00:00:00,1.4512121840694356
2011-12-09 00:00:00,1.433089413822364
2011-12-12 00:00:00,1.4468680922297616
2011-12-13 00:00:00,1.450731455514824
2011-12-14 00:00:00,1.458905825374815
2011-12-15 00:00:00,1.4610447860299065
2011-12-16 00:00:00,1.4631837466849977
2011-12-19 00:00:00,1.4743758211474383
2011-12-20 00:00:00,1.4640128627352378
2011-12-21 00:00:00,1.4717561319377357
2011-12-22 00:00:00,1.4669974820729417
2011-12-23 00:00:00,1.4609455302356693
2011-12-27 00:00:00,1.4699821014106458
2011-12-28 00:00:00,1.479449773243115
2011-12-29 00:00:00,1.4639136069410006
2011-12-30 00:00:00,1.4578616551037282
2012-01-03 00:00:00,1.4423254888016137
2012-01-04 00:00:00,1.4431711474842264
2012-01-05 00:00:00,1.4526388193166957
2012-01-06 00:00:00,1.4616753904916724
2012-01-09 00:00:00,1.4586411432568498
2012-01-10 00:00:00,1.4491403861596346
2012-01-11 00:00:00,1.4525726487872044
2012-01-12 00:00:00,1.4560049114147742
2012-01-13 00:00:00,1.454695066809923
2012-01-17 00:00:00,1.454247423520057
2012-01-18 00:00:00,1.444746666422842
2012-01-19 00:00:00,1.4386947145855697
2012-01-20 00:00:00,1.428331756173369
2012-01-23 00:00:00,1.4248664082810536
2012-01-24 00:00:00,1.4330407781410446
2012-01-25 00:00:00,1.422246719071351
2012-01-26 00:00:00,1.4239545790689494
2012-01-27 00:00:00,1.4218801343379688
2012-01-30 00:00:00,1.4218801343379688
2012-01-31 00:00:00,1.4218801343379688
2012-02-01 00:00:00,1.4218801343379688
2012-02-02 00:00:00,1.4218801343379688
2012-02-03 00:00:00,1.4218801343379688
2012-02-06 00:00:00,1.4218801343379688
2012-02-07 00:00:00,1.4218801343379688
2012-02-08 00:00:00,1.4218801343379688
2012-02-09 00:00:00,1.4218801343379688
2012-02-10 00:00:00,1.4218801343379688
2012-02-13 00:00:00,1.4218801343379688
2012-02-14 00:00:00,1.4218801343379688
2012-02-15 00:00:00,1.4218801343379688
2012-02-16 00:00:00,1.4218801343379688
2012-02-17 00:00:00,1.4218801343379688
2012-02-21 00:00:00,1.4218801343379688
2012-02-22 00:00:00,1.4218801343379688
2012-02-23 00:00:00,1.4218801343379688
2012-02-24 00:00:00,1.4218801343379688
2012-02-27 00:00:00,1.4218801343379688
2012-02-28 00:00:00,1.4218801343379688
2012-02-29 00:00:00,1.4218801343379688
2012-03-01 00:00:00,1.4218801343379688
2012-03-02 00:00:00,1.4218801343379688
2012-03-05 00:00:00,1.4218801343379688
2012-03-06 00:00:00,1.4218801343379688
2012-03-07 00:00:00,1.4218801343379688
2012-03-08 00:00:00,1.4218801343379688
2012-03-09 00:00:00,1.4218801343379688
2012-03-12 00:00:00,1.4218801343379688
2012-03-13 00:00:00,1.4218801343379688
2012-03-14 00:00:00,1.4218801343379688
2012-03-15 00:00:00,1.4218801343379688
2012-03-16 00:00:00,1.4218801343379688
2012-03-19 00:00:00,1.4218801343379688
2012-03-20 00:00:00,1.4218801343379688
2012-03-21 00:00:00,1.4218801343379688
2012-03-22 00:00:00,1.4218801343379688
2012-03-23 00:00:00,1.4218801343379688
2012-03-26 00:00:00,1.4218801343379688
2012-03-27 00:00:00,1.4218801343379688
2012-03-28 00:00:00,1.4218801343379688
2012-03-29 00:00:00,1.4218801343379688
2012-03-30 00:00:00,1.4218801343379688
2012-04-02 00:00:00,1.4218801343379688
2012-04-03 00:00:00,1.4218801343379688
2012-04-04 00:00:00,1.4218801343379688
2012-04-05 00:00:00,1.4218801343379688
2012-04-09 00:00:00,1.4218801343379688
2012-04-10 00:00:00,1.4218801343379688
2012-04-11 00:00:00,1.4218801343379688
2012-04-12 00:00:00,1.4218801343379688
2012-04-13 00:00:00,1.4218801343379688
2012-04-16 00:00:00,1.4218801343379688
2012-04-17 00:00:00,1.4218801343379688
2012-04-18 00:00:00,1.4218801343379688
2012-04-19 00:00:00,1.4218801343379688
2012-04-20 00:00:00,1.4218801343379688
2012-04-23 00:00:00,1.4218801343379688
2012-04-24 00:00:00,1.4218801343379688
2012-04-25 00:00:00,1.4218801343379688
2012-04-26 00:00:00,1.4218801343379688
2012-04-27 00:00:00,1.4218801343379688
2012-04-30 00:00:00,1.4218801343379688
2012-05-01 00:00:00,1.4218801343379688
2012-05-02 00:00:00,1.4218801343379688
2012-05-03 00:00:00,1.4218801343379688
2012-05-04 00:00:00,1.4278796285756818
2012-05-07 00:00:00,1.4218519224305415
2012-05-08 00:00:00,1.43382269899854
2012-05-09 00:00:00,1.4457934755665385
2012-05-10 00:00:00,1.4397657694213983
2012-05-11 00:00:00,1.454886280464196
2012-05-14 00:00:00,1.4704567535748225
2012-05-15 00:00:00,1.48767708760082
2012-05-16 00:00:00,1.502647611287675
2012-05-17 00:00:00,1.4906204109048218
2012-05-18 00:00:00,1.5100905552699613
2012-05-21 00:00:00,1.49656348132768
2012-05-22 00:00:00,1.4980351429796808
2012-05-23 00:00:00,1.508506045988251
2012-05-24 00:00:00,1.5144773283185369
2012-05-25 00:00:00,1.5219484842082505
2012-05-29 00:00:00,1.5054216631471127
2012-05-30 00:00:00,1.5233919339528241
2012-05-31 00:00:00,1.5098648600105427
2012-06-01 00:00:00,1.545833613529393
2012-06-04 00:00:00,1.5308066660276833
2012-06-05 00:00:00,1.5150297817462595
2012-06-06 00:00:00,1.4940033400068369
2012-06-07 00:00:00,1.5022244326762648
2012-06-08 00:00:00,1.5141952092442634
2012-06-11 00:00:00,1.520916428354263
2012-06-12 00:00:00,1.5051395440728392
2012-06-13 00:00:00,1.5133606367422672
2012-06-14 00:00:00,1.502083373139128
2012-06-15 00:00:00,1.483306741738848
2012-06-18 00:00:00,1.47952884593285
2012-06-19 00:00:00,1.4727512030079954
2012-06-20 00:00:00,1.459974065845428
2012-06-21 00:00:00,1.492943072245422
2012-06-22 00:00:00,1.483915618981425
2012-06-25 00:00:00,1.5048856369059933
2012-06-26 00:00:00,1.4898586894042836
2012-06-27 00:00:00,1.4793313625808586
2012-06-28 00:00:00,1.459804794400864
2012-06-29 00:00:00,1.4312789848643002
2012-07-02 00:00:00,1.4357503936351574
2012-07-03 00:00:00,1.4177236990145916
2012-07-05 00:00:00,1.4356939698203028
2012-07-06 00:00:00,1.4416652521505886
2012-07-09 00:00:00,1.4491364080403024
2012-07-10 00:00:00,1.4641069317271576
2012-07-11 00:00:00,1.4610789727008735
2012-07-12 00:00:00,1.4820489906254415
2012-07-13 00:00:00,1.46852191668316
2012-07-16 00:00:00,1.4744931990134458
2012-07-17 00:00:00,1.4804644813437313
2012-07-18 00:00:00,1.4759366487580194
2012-07-19 00:00:00,1.4661592587143084
2012-07-20 00:00:00,1.498378328334588
2012-07-23 00:00:00,1.5163485991402996
2012-07-24 00:00:00,1.5290693124880121
2012-07-25 00:00:00,1.528291163800871
2012-07-26 00:00:00,1.5087645956208764
2012-07-27 00:00:00,1.4854883435423114
2012-07-30 00:00:00,1.492209562652311
2012-07-31 00:00:00,1.4936812243043118
2012-08-01 00:00:00,1.4981526330751693
2012-08-02 00:00:00,1.504123915405455
2012-08-03 00:00:00,1.4890969679037453
2012-08-06 00:00:00,1.4755698939614639
2012-08-07 00:00:00,1.4590430729003259
2012-08-08 00:00:00,1.462014608111755
2012-08-09 00:00:00,1.458986649085471
2012-08-10 00:00:00,1.4574585636186155
2012-08-13 00:00:00,1.4604300988300445
2012-08-14 00:00:00,1.4619017604820457
2012-08-15 00:00:00,1.4693729163717593
2012-08-16 00:00:00,1.4513462217511934
2012-08-17 00:00:00,1.4372503957551768
2012-08-20 00:00:00,1.4372503957551768
2012-08-21 00:00:00,1.4372503957551768
2012-08-22 00:00:00,1.4372503957551768
2012-08-23 00:00:00,1.4372503957551768
2012-08-24 00:00:00,1.4372503957551768
2012-08-27 00:00:00,1.4372503957551768
2012-08-28 00:00:00,1.4372503957551768
2012-08-29 00:00:00,1.4372503957551768
2012-08-30 00:00:00,1.4372503957551768
2012-08-31 00:00:00,1.4372503957551768
2012-09-04 00:00:00,1.4372503957551768
2012-09-05 00:00:00,1.4372503957551768
2012-09-06 00:00:00,1.4372503957551768
2012-09-07 00:00:00,1.4372503957551768
2012-09-10 00:00:00,1.4372503957551768
2012-09-11 00:00:00,1.4372503957551768
2012-09-12 00:00:00,1.438809235663805
2012-09-13 00:00:00,1.4319704589980586
2012-09-14 00:00:00,1.4319704589980586
2012-09-17 00:00:00,1.4319704589980586
2012-09-18 00:00:00,1.4319704589980586
2012-09-19 00:00:00,1.4319704589980586
2012-09-20 00:00:00,1.4319704589980586
2012-09-21 00:00:00,1.4319704589980586
2012-09-24 00:00:00,1.4319704589980586
2012-09-25 00:00:00,1.4319704589980586
2012-09-26 00:00:00,1.4319704589980586
2012-09-27 00:00:00,1.4319704589980586
2012-09-28 00:00:00,1.4319704589980586
2012-10-01 00:00:00,1.4319704589980586
2012-10-02 00:00:00,1.4319704589980586
2012-10-03 00:00:00,1.4319704589980586
2012-10-04 00:00:00,1.4319704589980586
2012-10-05 00:00:00,1.4319704589980586
2012-10-08 00:00:00,1.4319704589980586
2012-10-09 00:00:00,1.4319704589980586
2012-10-10 00:00:00,1.431165529004243
2012-10-11 00:00:00,1.4230878169538048
2012-10-12 00:00:00,1.4214495448538915
2012-10-15 00:00:00,1.4117619728158222
2012-10-16 00:00:00,1.390805380864333
2012-10-17 00:00:00,1.37966442452395
2012-10-18 00:00:00,1.37966442452395
2012-10-19 00:00:00,1.37966442452395
2012-10-22 00:00:00,1.37966442452395
2012-10-23 00:00:00,1.37966442452395
2012-10-24 00:00:00,1.3826900044022918
2012-10-25 00:00:00,1.3720731005339575
2012-10-26 00:00:00,1.3796096759356753
2012-10-31 00:00:00,1.3894154362461493
2012-11-01 00:00:00,1.3750165575298874
2012-11-02 00:00:00,1.385578712809947
2012-11-05 00:00:00,1.3855513385158096
2012-11-06 00:00:00,1.3824983843433303
2012-11-07 00:00:00,1.3991116993800736
2012-11-08 00:00:00,1.4051354848426205
2012-11-09 00:00:00,1.405108110548483
2012-11-12 00:00:00,1.4186958457068848
2012-11-13 00:00:00,1.4171556814735764
2012-11-14 00:00:00,1.4337689965103197
2012-11-15 00:00:00,1.4125625630677885
2012-11-16 00:00:00,1.3883305497469152
2012-11-19 00:00:00,1.3686369062435548
2012-11-20 00:00:00,1.3716351118277594
2012-11-21 00:00:00,1.3700949475944513
2012-11-23 00:00:00,1.3534268839694328
2012-11-26 00:00:00,1.3533995096752953
2012-11-27 00:00:00,1.3616924800465986
2012-11-28 00:00:00,1.3593959208437043
2012-11-29 00:00:00,1.3427278572186863
2012-11-30 00:00:00,1.3512253567897652
2012-12-03 00:00:00,1.3512253567897652
2012-12-04 00:00:00,1.3512253567897652
2012-12-05 00:00:00,1.3512253567897652
2012-12-06 00:00:00,1.3512253567897652
2012-12-07 00:00:00,1.3512253567897652
2012-12-10 00:00:00,1.3512253567897652
2012-12-11 00:00:00,1.3512253567897652
2012-12-12 00:00:00,1.3512253567897652
2012-12-13 00:00:00,1.3512253567897652
2012-12-14 00:00:00,1.3512253567897652
2012-12-17 00:00:00,1.3512253567897652
2012-12-18 00:00:00,1.3512253567897652
2012-12-19 00:00:00,1.3512253567897652
2012-12-20 00:00:00,1.3512253567897652
2012-12-21 00:00:00,1.3512253567897652
2012-12-24 00:00:00,1.3512253567897652
2012-12-26 00:00:00,1.3512253567897652
2012-12-27 00:00:00,1.3512253567897652
2012-12-28 00:00:00,1.3512253567897652
2012-12-31 00:00:00,1.3512253567897652
2013-01-02 00:00:00,1.3512253567897652
2013-01-03 00:00:00,1.3512253567897652
2013-01-04 00:00:00,1.3512253567897652
2013-01-07 00:00:00,1.3512253567897652
2013-01-08 00:00:00,1.3512253567897652
2013-01-09 00:00:00,1.3512253567897652
2013-01-10 00:00:00,1.3512253567897652
2013-01-11 00:00:00,1.3512253567897652
2013-01-14 00:00:00,1.3512253567897652
2013-01-15 00:00:00,1.3512253567897652
2013-01-16 00:00:00,1.3512253567897652
2013-01-17 00:00:00,1.3512253567897652
2013-01-18 00:00:00,1.3512253567897652
2013-01-22 00:00:00,1.3512253567897652
2013-01-23 00:00:00,1.3512253567897652
2013-01-24 00:00:00,1.3512253567897652
2013-01-25 00:00:00,1.3512253567897652
2013-01-28 00:00:00,1.3512253567897652
2013-01-29 00:00:00,1.3512253567897652
2013-01-30 00:00:00,1.3512253567897652
2013-01-31 00:00:00,1.3512253567897652
2013-02-01 00:00:00,1.3512253567897652
2013-02-04 00:00:00,1.3512253567897652
2013-02-05 00:00:00,1.3512253567897652
2013-02-06 00:00:00,1.3512253567897652
2013-02-07 00:00:00,1.3512253567897652
2013-02-08 00:00:00,1.3512253567897652
2013-02-11 00:00:00,1.3512253567897652
2013-02-12 00:00:00,1.3512253567897652
2013-02-13 00:00:00,1.3512253567897652
2013-02-14 00:00:00,1.3512253567897652
2013-02-15 00:00:00,1.3512253567897652
2013-02-19 00:00:00,1.3512253567897652
2013-02-20 00:00:00,1.3512253567897652
2013-02-21 00:00:00,1.3512253567897652
2013-02-22 00:00:00,1.3512253567897652
2013-02-25 00:00:00,1.3512253567897652
2013-02-26 00:00:00,1.3512253567897652
2013-02-27 00:00:00,1.3512253567897652
2013-02-28 00:00:00,1.3512253567897652
2013-03-01 00:00:00,1.3512253567897652
2013-03-04 00:00:00,1.3512253567897652
2013-03-05 00:00:00,1.3512253567897652
2013-03-06 00:00:00,1.3512253567897652
2013-03-07 00:00:00,1.3512253567897652
2013-03-08 00:00:00,1.3512253567897652
2013-03-11 00:00:00,1.3512253567897652
2013-03-12 00:00:00,1.3512253567897652
2013-03-13 00:00:00,1.3512253567897652
2013-03-14 00:00:00,1.3512253567897652
2013-03-15 00:00:00,1.3512253567897652
2013-03-18 00:00:00,1.3512253567897652
2013-03-19 00:00:00,1.3512253567897652
2013-03-20 00:00:00,1.3512253567897652
2013-03-21 00:00:00,1.3512253567897652
2013-03-22 00:00:00,1.3512253567897652
2013-03-25 00:00:00,1.3512253567897652
2013-03-26 00:00:00,1.3512253567897652
2013-03-27 00:00:00,1.3512253567897652
2013-03-28 00:00:00,1.3512253567897652
2013-04-01 00:00:00,1.3512253567897652
2013-04-02 00:00:00,1.3512253567897652
2013-04-03 00:00:00,1.3512253567897652
2013-04-04 00:00:00,1.3512253567897652
2013-04-05 00:00:00,1.3512253567897652
2013-04-08 00:00:00,1.3512253567897652
2013-04-09 00:00:00,1.3512253567897652
2013-04-10 00:00:00,1.3512253567897652
2013-04-11 00:00:00,1.3512253567897652
2013-04-12 00:00:00,1.3512253567897652
2013-04-15 00:00:00,1.3512253567897652
2013-04-16 00:00:00,1.3512253567897652
2013-04-17 00:00:00,1.3512253567897652
2013-04-18 00:00:00,1.3512253567897652
2013-04-19 00:00:00,1.3512253567897652
2013-04-22 00:00:00,1.3512253567897652
2013-04-23 00:00:00,1.3512253567897652
2013-04-24 00:00:00,1.3512253567897652
2013-04-25 00:00:00,1.3512253567897652
2013-04-26 00:00:00,1.3512253567897652
2013-04-29 00:00:00,1.3512253567897652
2013-04-30 00:00:00,1.3512253567897652
2013-05-01 00:00:00,1.3512253567897652
2013-05-02 00:00:00,1.3512253567897652
2013-05-03 00:00:00,1.3512253567897652
2013-05-06 00:00:00,1.3512253567897652
2013-05-07 00:00:00,1.3512253567897652
2013-05-08 00:00:00,1.3512253567897652
2013-05-09 00:00:00,1.3512253567897652
2013-05-10 00:00:00,1.3512253567897652
2013-05-13 00:00:00,1.3512253567897652
2013-05-14 00:00:00,1.3512253567897652
2013-05-15 00:00:00,1.3512253567897652
2013-05-16 00:00:00,1.3512253567897652
2013-05-17 00:00:00,1.3512253567897652
2013-05-20 00:00:00,1.3512253567897652
2013-05-21 00:00:00,1.3512253567897652
2013-05-22 00:00:00,1.3512253567897652
2013-05-23 00:00:00,1.3512253567897652
2013-05-24 00:00:00,1.3512253567897652
2013-05-28 00:00:00,1.3512253567897652
2013-05-29 00:00:00,1.3512253567897652
2013-05-30 00:00:00,1.3512253567897652
2013-05-31 00:00:00,1.3512253567897652
2013-06-03 00:00:00,1.3512253567897652
2013-06-04 00:00:00,1.3512253567897652
2013-06-05 00:00:00,1.3512253567897652
2013-06-06 00:00:00,1.3512253567897652
2013-06-07 00:00:00,1.3512253567897652
2013-06-10 00:00:00,1.3512253567897652
2013-06-11 00:00:00,1.3512253567897652
2013-06-12 00:00:00,1.3512253567897652
2013-06-13 00:00:00,1.3512253567897652
2013-06-14 00:00:00,1.3512253567897652
2013-06-17 00:00:00,1.3512253567897652
2013-06-18 00:00:00,1.3512253567897652
2013-06-19 00:00:00,1.3512253567897652
2013-06-20 00:00:00,1.3512253567897652
2013-06-21 00:00:00,1.3512253567897652
2013-06-24 00:00:00,1.3512253567897652
2013-06-25 00:00:00,1.3512253567897652
2013-06-26 00:00:00,1.3512253567897652
2013-06-27 00:00:00,1.3464361780559235
2013-06-28 00:00:00,1.3402636488457473
2013-07-01 00:00:00,1.3306702776828274
2013-07-02 00:00:00,1.3251819168632
2013-07-03 00:00:00,1.3296534058058258
2013-07-05 00:00:00,1.3296534058058258
2013-07-08 00:00:00,1.3296534058058258
2013-07-09 00:00:00,1.3296534058058258
2013-07-10 00:00:00,1.3296534058058258
2013-07-11 00:00:00,1.3296534058058258
2013-07-12 00:00:00,1.3296534058058258
2013-07-15 00:00:00,1.3296534058058258
2013-07-16 00:00:00,1.3296534058058258
2013-07-17 00:00:00,1.3296534058058258
2013-07-18 00:00:00,1.3296534058058258
2013-07-19 00:00:00,1.3296534058058258
2013-07-22 00:00:00,1.3296534058058258
2013-07-23 00:00:00,1.3296534058058258
2013-07-24 00:00:00,1.3296534058058258
2013-07-25 00:00:00,1.3296534058058258
2013-07-26 00:00:00,1.3296534058058258
2013-07-29 00:00:00,1.3296534058058258
2013-07-30 00:00:00,1.3296534058058258
2013-07-31 00:00:00,1.3296534058058258
2013-08-01 00:00:00,1.3296534058058258
2013-08-02 00:00:00,1.3296534058058258
2013-08-05 00:00:00,1.3296534058058258
2013-08-06 00:00:00,1.3296534058058258
2013-08-07 00:00:00,1.3296534058058258
2013-08-08 00:00:00,1.3296534058058258
2013-08-09 00:00:00,1.3296534058058258
2013-08-12 00:00:00,1.3296534058058258
2013-08-13 00:00:00,1.3296534058058258
2013-08-14 00:00:00,1.3296534058058258
2013-08-15 00:00:00,1.3296534058058258
2013-08-16 00:00:00,1.3296534058058258
2013-08-19 00:00:00,1.3296534058058258
2013-08-20 00:00:00,1.3296534058058258
2013-08-21 00:00:00,1.3296534058058258
2013-08-22 00:00:00,1.3332277429182071
2013-08-23 00:00:00,1.3105638925277727
2013-08-26 00:00:00,1.3260263046694047
2013-08-27 00:00:00,1.3402972711069097
2013-08-28 00:00:00,1.3366965519825085
2013-08-29 00:00:00,1.3378616156746157
2013-08-30 00:00:00,1.3640470391533916
2013-09-03 00:00:00,1.3318516231299402
2013-09-04 00:00:00,1.3115706641477598
2013-09-05 00:00:00,1.3151186192481212
2013-09-06 00:00:00,1.310326454419593
2013-09-09 00:00:00,1.2757481469878875
2013-09-10 00:00:00,1.2692326750929097
2013-09-11 00:00:00,1.2692326750929097
2013-09-12 00:00:00,1.2692326750929097
2013-09-13 00:00:00,1.2692326750929097
2013-09-16 00:00:00,1.2692326750929097
2013-09-17 00:00:00,1.2692326750929097
2013-09-18 00:00:00,1.2692326750929097
2013-09-19 00:00:00,1.2692326750929097
2013-09-20 00:00:00,1.2692326750929097
2013-09-23 00:00:00,1.2692326750929097
2013-09-24 00:00:00,1.2692326750929097
2013-09-25 00:00:00,1.2692326750929097
2013-09-26 00:00:00,1.2692326750929097
2013-09-27 00:00:00,1.2692326750929097
2013-09-30 00:00:00,1.2692326750929097
2013-10-01 00:00:00,1.2692326750929097
2013-10-02 00:00:00,1.2692326750929097
2013-10-03 00:00:00,1.2692326750929097
2013-10-04 00:00:00,1.2692326750929097
2013-10-07 00:00:00,1.2692326750929097
2013-10-08 00:00:00,1.2692326750929097
2013-10-09 00:00:00,1.2692326750929097
2013-10-10 00:00:00,1.2692326750929097
2013-10-11 00:00:00,1.2692326750929097
2013-10-14 00:00:00,1.2692326750929097
2013-10-15 00:00:00,1.2692326750929097
2013-10-16 00:00:00,1.2692326750929097
2013-10-17 00:00:00,1.2692326750929097
2013-10-18 00:00:00,1.2692326750929097
2013-10-21 00:00:00,1.2692326750929097
2013-10-22 00:00:00,1.2692326750929097
2013-10-23 00:00:00,1.2692326750929097
2013-10-24 00:00:00,1.2692326750929097
2013-10-25 00:00:00,1.2692326750929097
2013-10-28 00:00:00,1.2692326750929097
2013-10-29 00:00:00,1.2692326750929097
2013-10-30 00:00:00,1.2692326750929097
2013-10-31 00:00:00,1.2692326750929097
2013-11-01 00:00:00,1.2692326750929097
2013-11-04 00:00:00,1.2692326750929097
2013-11-05 00:00:00,1.2692326750929097
2013-11-06 00:00:00,1.2692326750929097
2013-11-07 00:00:00,1.2692326750929097
2013-11-08 00:00:00,1.2692326750929097
2013-11-11 00:00:00,1.2692326750929097
2013-11-12 00:00:00,1.2692326750929097
2013-11-13 00:00:00,1.2692326750929097
2013-11-14 00:00:00,1.2692326750929097
2013-11-15 00:00:00,1.2692326750929097
2013-11-18 00:00:00,1.2692326750929097
2013-11-19 00:00:00,1.2692326750929097
2013-11-20 00:00:00,1.2692326750929097
2013-11-21 00:00:00,1.2692326750929097
2013-11-22 00:00:00,1.2692326750929097
2013-11-25 00:00:00,1.2692326750929097
2013-11-26 00:00:00,1.2692326750929097
2013-11-27 00:00:00,1.2692326750929097
2013-11-29 00:00:00,1.2692326750929097
2013-12-02 00:00:00,1.2692326750929097
2013-12-03 00:00:00,1.2692326750929097
2013-12-04 00:00:00,1.2692326750929097
2013-12-05 00:00:00,1.2692326750929097
2013-12-06 00:00:00,1.2692326750929097
2013-12-09 00:00:00,1.2692326750929097
2013-12-10 00:00:00,1.2692326750929097
2013-12-11 00:00:00,1.2692326750929097
2013-12-12 00:00:00,1.2692326750929097
2013-12-13 00:00:00,1.2692326750929097
2013-12-16 00:00:00,1.2692326750929097
2013-12-17 00:00:00,1.2692326750929097
2013-12-18 00:00:00,1.2540589348279292
2013-12-19 00:00:00,1.2621823768995986
2013-12-20 00:00:00,1.2621823768995986
2013-12-23 00:00:00,1.2621823768995986
2013-12-24 00:00:00,1.2621823768995986
2013-12-26 00:00:00,1.2621823768995986
2013-12-27 00:00:00,1.2621823768995986
2013-12-30 00:00:00,1.2621823768995986
2013-12-31 00:00:00,1.2621823768995986
2014-01-02 00:00:00,1.2621823768995986
2014-01-03 00:00:00,1.2621823768995986
2014-01-06 00:00:00,1.2621823768995986
2014-01-07 00:00:00,1.2621823768995986
2014-01-08 00:00:00,1.2621823768995986
2014-01-09 00:00:00,1.2621823768995986
2014-01-10 00:00:00,1.2621823768995986
2014-01-13 00:00:00,1.2621823768995986
2014-01-14 00:00:00,1.2621823768995986
2014-01-15 00:00:00,1.2621823768995986
2014-01-16 00:00:00,1.2621823768995986
2014-01-17 00:00:00,1.2621823768995986
2014-01-21 00:00:00,1.2621823768995986
2014-01-22 00:00:00,1.2621823768995986
2014-01-23 00:00:00,1.2621823768995986
2014-01-24 00:00:00,1.2621823768995986
2014-01-27 00:00:00,1.2621823768995986
2014-01-28 00:00:00,1.2534399881418523
2014-01-29 00:00:00,1.254507743435442
2014-01-30 00:00:00,1.2528435022422355
2014-01-31 00:00:00,1.2861488160800136
2014-02-03 00:00:00,1.3112581404574049
2014-02-04 00:00:00,1.3101402985615576
2014-02-05 00:00:00,1.307929658070992
2014-02-06 00:00:00,1.2936982330385256
2014-02-07 00:00:00,1.2740028150324678
2014-02-10 00:00:00,1.2794417647049303
2014-02-11 00:00:00,1.261931943888309
2014-02-12 00:00:00,1.2640924977766166
2014-02-13 00:00:00,1.2749954404226704
2014-02-14 00:00:00,1.2804343900951325
2014-02-18 00:00:00,1.253089381926047
2014-02-19 00:00:00,1.2683635189509737
2014-02-20 00:00:00,1.2759880658128728
2014-02-21 00:00:00,1.2661278351592793
2014-02-24 00:00:00,1.251896410126813
2014-02-25 00:00:00,1.2562425612045571
2014-02-26 00:00:00,1.2616815108770194
2014-02-27 00:00:00,1.2616564675758903
2014-02-28 00:00:00,1.2550746327064521
2014-03-03 00:00:00,1.2845551514627163
2014-03-04 00:00:00,1.2528389489147573
2014-03-05 00:00:00,1.267020287344966
2014-03-06 00:00:00,1.2429536749600352
2014-03-07 00:00:00,1.2516710204166523
2014-03-10 00:00:00,1.2571099700891146
2014-03-11 00:00:00,1.2701985099246047
2014-03-12 00:00:00,1.282194251165377
2014-03-13 00:00:00,1.302932381163895
2014-03-14 00:00:00,1.3171137195941036
2014-03-17 00:00:00,1.3039750931563554
2014-03-18 00:00:00,1.3050428484499446
2014-03-19 00:00:00,1.3115745967171253
2014-03-20 00:00:00,1.3290343309314887
2014-03-21 00:00:00,1.3344732806039508
2014-03-24 00:00:00,1.330077042923949
2014-03-25 00:00:00,1.3245880066492286
2014-03-26 00:00:00,1.3158205745903535
2014-03-27 00:00:00,1.2983107537737322
2014-03-28 00:00:00,1.2851721273359842
2014-03-31 00:00:00,1.2851470840348551
2014-04-01 00:00:00,1.2818436449495716
2014-04-02 00:00:00,1.2708906157012598
2014-04-03 00:00:00,1.2774223639684403
2014-04-04 00:00:00,1.2828613136409028
2014-04-07 00:00:00,1.294857054881675
2014-04-08 00:00:00,1.3210591778537843
2014-04-09 00:00:00,1.303549357037163
2014-04-10 00:00:00,1.3384938687670187
2014-04-11 00:00:00,1.3428400198447628
2014-04-14 00:00:00,1.3264229976228599
2014-04-15 00:00:00,1.327490752916449
2014-04-16 00:00:00,1.3045169391262366
2014-04-17 00:00:00,1.3012135000409528
2014-04-21 00:00:00,1.3011884567398238
2014-04-22 00:00:00,1.309905802196441
2014-04-23 00:00:00,1.3066023631111572
2014-04-24 00:00:00,1.3109485141889012
2014-04-25 00:00:00,1.3185730610508002
2014-04-28 00:00:00,1.3119912261813618
2014-04-29 00:00:00,1.308687787096078
2014-04-30 00:00:00,1.3119411395791039
2014-05-01 00:00:00,1.296616915951919
2014-05-02 00:00:00,1.2987774698402266
2014-05-05 00:00:00,1.3020308223232524
2014-05-06 00:00:00,1.3052841748062782
2014-05-07 00:00:00,1.3107231244787407
2014-05-08 00:00:00,1.3150692755564846
2014-05-09 00:00:00,1.3052090449028912
2014-05-12 00:00:00,1.3040912030070442
2014-05-13 00:00:00,1.2876741807851413
2014-05-14 00:00:00,1.2942059290523218
2014-05-15 00:00:00,1.3062016702930939
2014-05-16 00:00:00,1.3039910298025283
2014-05-19 00:00:00,1.3017803893119628
2014-05-20 00:00:00,1.3159617277421713
2014-05-21 00:00:00,1.301730302709705
2014-05-22 00:00:00,1.2896844748666751
2014-05-23 00:00:00,1.2776386470236452
2014-05-27 00:00:00,1.2677784163700518
2014-05-28 00:00:00,1.2732173660425141
2014-05-29 00:00:00,1.2589859410100477
2014-05-30 00:00:00,1.2567753005194822
2014-06-02 00:00:00,1.2414510768922975
2014-06-03 00:00:00,1.245292355019282
2014-06-04 00:00:00,1.245292355019282
2014-06-05 00:00:00,1.245292355019282
2014-06-06 00:00:00,1.245292355019282
2014-06-09 00:00:00,1.245292355019282
2014-06-10 00:00:00,1.245292355019282
2014-06-11 00:00:00,1.245292355019282
2014-06-12 00:00:00,1.245292355019282
2014-06-13 00:00:00,1.245292355019282
2014-06-16 00:00:00,1.245292355019282
2014-06-17 00:00:00,1.245292355019282
2014-06-18 00:00:00,1.245292355019282
2014-06-19 00:00:00,1.245292355019282
2014-06-20 00:00:00,1.245292355019282
2014-06-23 00:00:00,1.245292355019282
2014-06-24 00:00:00,1.245292355019282
2014-06-25 00:00:00,1.245292355019282
2014-06-26 00:00:00,1.245292355019282
2014-06-27 00:00:00,1.245292355019282
2014-06-30 00:00:00,1.245292355019282
2014-07-01 00:00:00,1.245292355019282
2014-07-02 00:00:00,1.245292355019282
2014-07-03 00:00:00,1.245292355019282
2014-07-07 00:00:00,1.245292355019282
2014-07-08 00:00:00,1.245292355019282
2014-07-09 00:00:00,1.245292355019282
2014-07-10 00:00:00,1.245292355019282
2014-07-11 00:00:00,1.245292355019282
2014-07-14 00:00:00,1.245292355019282
2014-07-15 00:00:00,1.245292355019282
2014-07-16 00:00:00,1.245292355019282
2014-07-17 00:00:00,1.245292355019282
2014-07-18 00:00:00,1.245292355019282
2014-07-21 00:00:00,1.245292355019282
2014-07-22 00:00:00,1.245292355019282
2014-07-23 00:00:00,1.245292355019282
2014-07-24 00:00:00,1.245292355019282
2014-07-25 00:00:00,1.245292355019282
2014-07-28 00:00:00,1.245292355019282
2014-07-29 00:00:00,1.245292355019282
2014-07-30 00:00:00,1.245292355019282
2014-07-31 00:00:00,1.245292355019282
2014-08-01 00:00:00,1.245292355019282
2014-08-04 00:00:00,1.245292355019282
2014-08-05 00:00:00,1.245292355019282
2014-08-06 00:00:00,1.245292355019282
2014-08-07 00:00:00,1.245292355019282
2014-08-08 00:00:00,1.245292355019282
2014-08-11 00:00:00,1.245292355019282
2014-08-12 00:00:00,1.245292355019282
2014-08-13 00:00:00,1.245292355019282
2014-08-14 00:00:00,1.245292355019282
2014-08-15 00:00:00,1.245292355019282
2014-08-18 00:00:00,1.245292355019282
2014-08-19 00:00:00,1.245292355019282
2014-08-20 00:00:00,1.245292355019282
2014-08-21 00:00:00,1.245292355019282
2014-08-22 00:00:00,1.245292355019282
2014-08-25 00:00:00,1.245292355019282
2014-08-26 00:00:00,1.245292355019282
2014-08-27 00:00:00,1.245292355019282
2014-08-28 00:00:00,1.245292355019282
2014-08-29 00:00:00,1.245292355019282
2014-09-02 00:00:00,1.245292355019282
2014-09-03 00:00:00,1.245292355019282
2014-09-04 00:00:00,1.245292355019282
2014-09-05 00:00:00,1.245292355019282
2014-09-08 00:00:00,1.245292355019282
2014-09-09 00:00:00,1.245292355019282
2014-09-10 00:00:00,1.245292355019282
2014-09-11 00:00:00,1.245292355019282
2014-09-12 00:00:00,1.245292355019282
2014-09-15 00:00:00,1.245292355019282
2014-09-16 00:00:00,1.245292355019282
2014-09-17 00:00:00,1.245292355019282
2014-09-18 00:00:00,1.2426461749193687
2014-09-19 00:00:00,1.2405045226577907
2014-09-22 00:00:00,1.2415382865161086
2014-09-23 00:00:00,1.2436305224143924
2014-09-24 00:00:00,1.2361965099529875
2014-09-25 00:00:00,1.2393472178912364
2014-09-26 00:00:00,1.2297962613499007
2014-09-29 00:00:00,1.2371808574480112
2014-09-30 00:00:00,1.244565453546122
2014-10-01 00:00:00,1.264651714123817
2014-10-02 00:00:00,1.2879133908214084
2014-10-03 00:00:00,1.2730700740802456
2014-10-06 00:00:00,1.2762207820184945
2014-10-07 00:00:00,1.283605378116605
2014-10-08 00:00:00,1.2761713656552003
2014-10-09 00:00:00,1.3068423466325494
2014-10-10 00:00:00,1.3237531910903484
2014-10-13 00:00:00,1.3343132033083551
2014-10-14 00:00:00,1.32687919084695
2014-10-15 00:00:00,1.3332053149050953
2014-10-16 00:00:00,1.3374144948833095
2014-10-17 00:00:00,1.3320974265018355
2014-10-20 00:00:00,1.3087863334409497
2014-10-21 00:00:00,1.3108785693392333
2014-10-22 00:00:00,1.3097953891176206
2014-10-23 00:00:00,1.3023613766562157
2014-10-24 00:00:00,1.298102780314707
2014-10-27 00:00:00,1.2959611280531291
2014-10-28 00:00:00,1.2895855876316895
2014-10-29 00:00:00,1.2832100472102497
2014-10-30 00:00:00,1.273659090668914
2014-10-31 00:00:00,1.2134978732300947
2014-11-03 00:00:00,1.2134978732300947
2014-11-04 00:00:00,1.2134978732300947
2014-11-05 00:00:00,1.2134978732300947
2014-11-06 00:00:00,1.2134978732300947
2014-11-07 00:00:00,1.2172174118043528
2014-11-10 00:00:00,1.2087784299616566
2014-11-11 00:00:00,1.2022099897215686
2014-11-12 00:00:00,1.2078000698984352
2014-11-13 00:00:00,1.1984258172544346
2014-11-14 00:00:00,1.198404272623476
2014-11-17 00:00:00,1.216152873217297
2014-11-18 00:00:00,1.2011669957654714
2014-11-19 00:00:00,1.2076923467436422
2014-11-20 00:00:00,1.2188940517283335
2014-11-21 00:00:00,1.2109227052862894
2014-11-24 00:00:00,1.2085629836520704
2014-11-25 00:00:00,1.2057356266171992
2014-11-26 00:00:00,1.2085198943901532
2014-11-28 00:00:00,1.2122394329644113
2014-12-01 00:00:00,1.2066062635256276
2014-12-02 00:00:00,1.1976996462822793
2014-12-03 00:00:00,1.2009848450964118
2014-12-04 00:00:00,1.2009848450964118
2014-12-05 00:00:00,1.2009848450964118
2014-12-08 00:00:00,1.2009848450964118
2014-12-09 00:00:00,1.2009848450964118
2014-12-10 00:00:00,1.2009848450964118
2014-12-11 00:00:00,1.2009848450964118
2014-12-12 00:00:00,1.2009848450964118
2014-12-15 00:00:00,1.2009848450964118
2014-12-16 00:00:00,1.2009848450964118
2014-12-17 00:00:00,1.193478689814559
2014-12-18 00:00:00,1.1741533185968371
2014-12-19 00:00:00,1.1676956421480054
2014-12-22 00:00:00,1.170888736775841
2014-12-23 00:00:00,1.168720291916639
2014-12-24 00:00:00,1.170841078647067
2014-12-26 00:00:00,1.1622387864034203
2014-12-29 00:00:00,1.1750826521079238
2014-12-30 00:00:00,1.1900711336072418
2014-12-31 00:00:00,1.1964811519273002
2015-01-02 00:00:00,1.1943127070680983
2015-01-05 00:00:00,1.208228880670009
2015-01-06 00:00:00,1.2275065937589575
2015-01-07 00:00:00,1.2103258383360505
2015-01-08 00:00:00,1.1958258526566623
2015-01-09 00:00:00,1.2081335644124618
2015-01-12 00:00:00,1.212398966937705
2015-01-13 00:00:00,1.2027243667966507
2015-01-14 00:00:00,1.2048451535270788
2015-01-15 00:00:00,1.196242861283432
2015-01-16 00:00:00,1.18549595324497
2015-01-20 00:00:00,1.1758213531039154
2015-01-21 00:00:00,1.1736529082447136
2015-01-22 00:00:00,1.1682675396932891
2015-01-23 00:00:00,1.1725329422185324
2015-01-26 00:00:00,1.1585691104878482
2015-01-27 00:00:00,1.154415728319695
2015-01-28 00:00:00,1.154415728319695
2015-01-29 00:00:00,1.154415728319695
2015-01-30 00:00:00,1.154415728319695
2015-02-02 00:00:00,1.154415728319695
2015-02-03 00:00:00,1.154415728319695
2015-02-04 00:00:00,1.154415728319695
2015-02-05 00:00:00,1.154415728319695
2015-02-06 00:00:00,1.154415728319695
2015-02-09 00:00:00,1.154415728319695
2015-02-10 00:00:00,1.154415728319695
2015-02-11 00:00:00,1.154415728319695
2015-02-12 00:00:00,1.154415728319695
2015-02-13 00:00:00,1.154415728319695
2015-02-17 00:00:00,1.154415728319695
2015-02-18 00:00:00,1.154415728319695
2015-02-19 00:00:00,1.154415728319695
2015-02-20 00:00:00,1.154415728319695
2015-02-23 00:00:00,1.154415728319695
2015-02-24 00:00:00,1.154415728319695
2015-02-25 00:00:00,1.154415728319695
2015-02-26 00:00:00,1.154415728319695
2015-02-27 00:00:00,1.154415728319695
2015-03-02 00:00:00,1.154415728319695
2015-03-03 00:00:00,1.154415728319695
2015-03-04 00:00:00,1.154415728319695
2015-03-05 00:00:00,1.154415728319695
2015-03-06 00:00:00,1.154415728319695
2015-03-09 00:00:00,1.154415728319695
2015-03-10 00:00:00,1.154415728319695
2015-03-11 00:00:00,1.154415728319695
2015-03-12 00:00:00,1.154415728319695
2015-03-13 00:00:00,1.154415728319695
2015-03-16 00:00:00,1.154415728319695
2015-03-17 00:00:00,1.154415728319695
2015-03-18 00:00:00,1.154415728319695
2015-03-19 00:00:00,1.154415728319695
2015-03-20 00:00:00,1.154415728319695
2015-03-23 00:00:00,1.154415728319695
2015-03-24 00:00:00,1.154415728319695
2015-03-25 00:00:00,1.154415728319695
2015-03-26 00:00:00,1.154415728319695
2015-03-27 00:00:00,1.154415728319695
2015-03-30 00:00:00,1.154415728319695
2015-03-31 00:00:00,1.154415728319695
2015-04-01 00:00:00,1.154415728319695
2015-04-02 00:00:00,1.154415728319695
2015-04-06 00:00:00,1.154415728319695
2015-04-07 00:00:00,1.154415728319695
2015-04-08 00:00:00,1.154415728319695
2015-04-09 00:00:00,1.154415728319695
2015-04-10 00:00:00,1.154415728319695
2015-04-13 00:00:00,1.154415728319695
2015-04-14 00:00:00,1.154415728319695
2015-04-15 00:00:00,1.154415728319695
2015-04-16 00:00:00,1.154415728319695
2015-04-17 00:00:00,1.154415728319695
2015-04-20 00:00:00,1.154415728319695
2015-04-21 00:00:00,1.154415728319695
2015-04-22 00:00:00,1.154415728319695
2015-04-23 00:00:00,1.154415728319695
2015-04-24 00:00:00,1.154415728319695
2015-04-27 00:00:00,1.154415728319695
2015-04-28 00:00:00,1.154415728319695
2015-04-29 00:00:00,1.154415728319695
2015-04-30 00:00:00,1.154415728319695
2015-05-01 00:00:00,1.154415728319695
2015-05-04 00:00:00,1.154415728319695
2015-05-05 00:00:00,1.154415728319695
2015-05-06 00:00:00,1.154415728319695
2015-05-07 00:00:00,1.154415728319695
2015-05-08 00:00:00,1.154415728319695
2015-05-11 00:00:00,1.154415728319695
2015-05-12 00:00:00,1.154415728319695
2015-05-13 00:00:00,1.154415728319695
2015-05-14 00:00:00,1.154415728319695
2015-05-15 00:00:00,1.154415728319695
2015-05-18 00:00:00,1.154415728319695
2015-05-19 00:00:00,1.154415728319695
2015-05-20 00:00:00,1.154415728319695
2015-05-21 00:00:00,1.154415728319695
2015-05-22 00:00:00,1.154415728319695
2015-05-26 00:00:00,1.154415728319695
2015-05-27 00:00:00,1.154415728319695
2015-05-28 00:00:00,1.154415728319695
2015-05-29 00:00:00,1.154415728319695
2015-06-01 00:00:00,1.154415728319695
2015-06-02 00:00:00,1.154415728319695
2015-06-03 00:00:00,1.154415728319695
2015-06-04 00:00:00,1.154415728319695
2015-06-05 00:00:00,1.154415728319695
2015-06-08 00:00:00,1.154415728319695
2015-06-09 00:00:00,1.154415728319695
2015-06-10 00:00:00,1.154415728319695
2015-06-11 00:00:00,1.154415728319695
2015-06-12 00:00:00,1.154415728319695
2015-06-15 00:00:00,1.154415728319695
2015-06-16 00:00:00,1.154415728319695
2015-06-17 00:00:00,1.154415728319695
2015-06-18 00:00:00,1.154415728319695
2015-06-19 00:00:00,1.154415728319695
2015-06-22 00:00:00,1.154415728319695
2015-06-23 00:00:00,1.154415728319695
2015-06-24 00:00:00,1.154415728319695
2015-06-25 00:00:00,1.154415728319695
2015-06-26 00:00:00,1.154415728319695
2015-06-29 00:00:00,1.154415728319695
2015-06-30 00:00:00,1.154415728319695
2015-07-01 00:00:00,1.154415728319695
2015-07-02 00:00:00,1.154415728319695
2015-07-06 00:00:00,1.154415728319695
2015-07-07 00:00:00,1.154415728319695
2015-07-08 00:00:00,1.154415728319695
2015-07-09 00:00:00,1.154415728319695
2015-07-10 00:00:00,1.1516736482049212
2015-07-13 00:00:00,1.1361122891472297
2015-07-14 00:00:00,1.1287771704338587
2015-07-15 00:00:00,1.1296682920648085
2015-07-16 00:00:00,1.1250752534662114
2015-07-17 00:00:00,1.122310268277463
2015-07-20 00:00:00,1.1222873632034884
2015-07-21 00:00:00,1.125920564949212
2015-07-22 00:00:00,1.1313818201047847
2015-07-23 00:00:00,1.132272941735735
2015-07-24 00:00:00,1.1432183571208545
2015-07-27 00:00:00,1.1477655855715028
2015-07-28 00:00:00,1.142258520267981
2015-07-29 00:00:00,1.1376654816693834
2015-07-30 00:00:00,1.1358145231855599
2015-07-31 00:00:00,1.12665135106234
2015-08-03 00:00:00,1.131198579512988
2015-08-04 00:00:00,1.1330037278488625
2015-08-05 00:00:00,1.1256686091354915
2015-08-06 00:00:00,1.129301810881215
2015-08-07 00:00:00,1.1256227989875423
2015-08-10 00:00:00,1.1082333865200014
2015-08-11 00:00:00,1.129233095659291
2015-08-12 00:00:00,1.136522404224713
2015-08-13 00:00:00,1.1273592321014931
2015-08-14 00:00:00,1.1273363270275185
2015-08-17 00:00:00,1.1245713418387702
2015-08-18 00:00:00,1.1327746771091165
2015-08-19 00:00:00,1.1455481459040853
2015-08-20 00:00:00,1.1802582556172434
2015-08-21 00:00:00,1.2186244721500994
2015-08-24 00:00:00,1.2569906886829556
2015-08-25 00:00:00,1.2505695966745092
2015-08-26 00:00:00,1.2085014631740059
2015-08-27 00:00:00,1.1883699705916912
2015-08-28 00:00:00,1.1828629052881694
2015-08-31 00:00:00,1.2002065076077613
2015-09-01 00:00:00,1.250455071304636
2015-09-02 00:00:00,1.2312376054272465
2015-09-03 00:00:00,1.222988460008951
2015-09-04 00:00:00,1.2576985697221088
2015-09-08 00:00:00,1.2329969436151718
2015-09-09 00:00:00,1.234802091951046
2015-09-10 00:00:00,1.235693213581996
2015-09-11 00:00:00,1.2347562818030968
2015-09-14 00:00:00,1.237475456843896
2015-09-15 00:00:00,1.2292263114256003
2015-09-16 00:00:00,1.2200631393023804
2015-09-17 00:00:00,1.2209542609333304
2015-09-18 00:00:00,1.2556643706464885
2015-09-21 00:00:00,1.2492432786380419
2015-09-22 00:00:00,1.2647588275477846
2015-09-23 00:00:00,1.26473592247381
2015-09-24 00:00:00,1.2720252310392317
2015-09-25 00:00:00,1.2464095782273699
2015-09-28 00:00:00,1.2719794208912825
2015-09-29 00:00:00,1.2847528896862515
2015-09-30 00:00:00,1.2637073703990125
2015-10-01 00:00:00,1.2554582249807171
2015-10-02 00:00:00,1.2426389460377987
2015-10-05 00:00:00,1.2161092665210125
2015-10-06 00:00:00,1.2252266284962834
2015-10-07 00:00:00,1.2078372160287425
2015-10-08 00:00:00,1.2041582041350696
2015-10-09 00:00:00,1.2013932189463215
2015-10-12 00:00:00,1.199542260462498
2015-10-13 00:00:00,1.2114017025525423
2015-10-14 00:00:00,1.2241751713475113
2015-10-15 00:00:00,1.1967314651258003
2015-10-16 00:00:00,1.1912243998222785
2015-10-19 00:00:00,1.196685654977851
2015-10-20 00:00:00,1.2030609368383485
2015-10-21 00:00:00,1.188413604485581
2015-10-22 00:00:00,1.1746802988377385
2015-10-23 00:00:00,1.1636890733046692
2015-10-26 00:00:00,1.1645801949356194
2015-10-27 00:00:00,1.17369755691089
2015-10-28 00:00:00,1.162706331377821
2015-10-29 00:00:00,1.1777601139962357
2015-10-30 00:00:00,1.1777601139962357
2015-11-02 00:00:00,1.1777601139962357
2015-11-03 00:00:00,1.1777601139962357
2015-11-04 00:00:00,1.1777601139962357
2015-11-05 00:00:00,1.1777601139962357
2015-11-06 00:00:00,1.1777601139962357
2015-11-09 00:00:00,1.1777601139962357
2015-11-10 00:00:00,1.1777601139962357
2015-11-11 00:00:00,1.1777601139962357
2015-11-12 00:00:00,1.1777601139962357
2015-11-13 00:00:00,1.1777601139962357
2015-11-16 00:00:00,1.1777601139962357
2015-11-17 00:00:00,1.1777601139962357
2015-11-18 00:00:00,1.1777601139962357
2015-11-19 00:00:00,1.1777601139962357
2015-11-20 00:00:00,1.1777601139962357
2015-11-23 00:00:00,1.1777601139962357
2015-11-24 00:00:00,1.1777601139962357
2015-11-25 00:00:00,1.1777601139962357
2015-11-27 00:00:00,1.1777601139962357
2015-11-30 00:00:00,1.1777601139962357
2015-12-01 00:00:00,1.1777601139962357
2015-12-02 00:00:00,1.1777601139962357
2015-12-03 00:00:00,1.1777601139962357
2015-12-04 00:00:00,1.1777601139962357
2015-12-07 00:00:00,1.1777601139962357
2015-12-08 00:00:00,1.1777601139962357
2015-12-09 00:00:00,1.1777601139962357
2015-12-10 00:00:00,1.1777601139962357
2015-12-11 00:00:00,1.1777601139962357
2015-12-14 00:00:00,1.1777601139962357
2015-12-15 00:00:00,1.1777601139962357
2015-12-16 00:00:00,1.1777601139962357
2015-12-17 00:00:00,1.1777601139962357
2015-12-18 00:00:00,1.1777601139962357
2015-12-21 00:00:00,1.1777601139962357
2015-12-22 00:00:00,1.1777601139962357
2015-12-23 00:00:00,1.1777601139962357
2015-12-24 00:00:00,1.1777601139962357
2015-12-28 00:00:00,1.1777601139962357
2015-12-29 00:00:00,1.1777601139962357
2015-12-30 00:00:00,1.1777601139962357
2015-12-31 00:00:00,1.1777601139962357
2016-01-04 00:00:00,1.1777601139962357
2016-01-05 00:00:00,1.1748279311398135
2016-01-06 00:00:00,1.1953298428785388
2016-01-07 00:00:00,1.2128995717608417
2016-01-08 00:00:00,1.2373110606414628
2016-01-11 00:00:00,1.2294685381014403
2016-01-12 00:00:00,1.2353095355580543
2016-01-13 00:00:00,1.245060110156565
2016-01-14 00:00:00,1.2313532219036982
2016-01-15 00:00:00,1.2630951679253748
2016-01-19 00:00:00,1.2537865539571413
2016-01-20 00:00:00,1.2957911399762956
2016-01-21 00:00:00,1.2996773488619615
2016-01-22 00:00:00,1.251761660617503
2016-01-25 00:00:00,1.27519575521265
2016-01-26 00:00:00,1.2605114726743092
2016-01-27 00:00:00,1.259510710132605
2016-01-28 00:00:00,1.257532553305427
2016-01-29 00:00:00,1.2311195393413974
2016-02-01 00:00:00,1.2379379310834857
2016-02-02 00:00:00,1.249643294252944
2016-02-03 00:00:00,1.263303445993351
2016-02-04 00:00:00,1.2662122605935429
2016-02-05 00:00:00,1.28475938376132
2016-02-08 00:00:00,1.286690804076038
2016-02-09 00:00:00,1.307192715814763
2016-02-10 00:00:00,1.32573983898254
2016-02-11 00:00:00,1.346241750721265
2016-02-12 00:00:00,1.3374218338957684
2016-02-16 00:00:00,1.3002574827915243
2016-02-17 00:00:00,1.2914375659660275
2016-02-18 00:00:00,1.2914141977097975
2016-02-19 00:00:00,1.296277800880938
2016-02-22 00:00:00,1.2786613354861747
2016-02-23 00:00:00,1.2962310643684778
2016-02-24 00:00:00,1.285456358972033
2016-02-25 00:00:00,1.2727268650046402
2016-02-26 00:00:00,1.2736808910338842
2016-02-29 00:00:00,1.2902732256307128
2016-03-01 00:00:00,1.2638602116666835
2016-03-02 00:00:00,1.2481985348428684
2016-03-03 00:00:00,1.2403560123028459
2016-03-04 00:00:00,1.2286039126209272
2016-03-07 00:00:00,1.2403092757903857
2016-03-08 00:00:00,1.2510372446743703
2016-03-09 00:00:00,1.2519912707036143
2016-03-10 00:00:00,1.2568548738747545
2016-03-11 00:00:00,1.2275096770543028
2016-03-14 00:00:00,1.2225993373707025
2016-03-15 00:00:00,1.237236883396583
2016-03-16 00:00:00,1.235258726569405
2016-03-17 00:00:00,1.2313257811712786
2016-03-18 00:00:00,1.235211990056945
2016-03-21 00:00:00,1.2303016503733444
2016-03-22 00:00:00,1.223436522118796
2016-03-23 00:00:00,1.2380740681446767
2016-03-24 00:00:00,1.244892459886765
2016-03-28 00:00:00,1.228253388777476
2016-03-29 00:00:00,1.216501289095557
2016-03-30 00:00:00,1.2203874979812235
2016-03-31 00:00:00,1.2389346211490002
2016-04-01 00:00:00,1.2662782928860437
2016-04-04 00:00:00,1.2662549246298136
2016-04-05 00:00:00,1.2896890192249608
2016-04-06 00:00:00,1.2720725538301978
2016-04-07 00:00:00,1.277913551286812
2016-04-08 00:00:00,1.2466135658954123
2016-04-11 00:00:00,1.2534319576375006
2016-04-12 00:00:00,1.2279963379589451
2016-04-13 00:00:00,1.1966963525675451
2016-04-14 00:00:00,1.1917860128839448
2016-04-15 00:00:00,1.1961785120094865
2016-04-18 00:00:00,1.1961785120094865
2016-04-19 00:00:00,1.1961785120094865
2016-04-20 00:00:00,1.1961785120094865
2016-04-21 00:00:00,1.1961785120094865
2016-04-22 00:00:00,1.1961785120094865
2016-04-25 00:00:00,1.1961785120094865
2016-04-26 00:00:00,1.1961785120094865
2016-04-27 00:00:00,1.1961785120094865
2016-04-28 00:00:00,1.1961785120094865
2016-04-29 00:00:00,1.1961785120094865
2016-05-02 00:00:00,1.1961785120094865
2016-05-03 00:00:00,1.1961785120094865
2016-05-04 00:00:00,1.1961785120094865
2016-05-05 00:00:00,1.1961785120094865
2016-05-06 00:00:00,1.1961785120094865
2016-05-09 00:00:00,1.1961785120094865
2016-05-10 00:00:00,1.1961785120094865
2016-05-11 00:00:00,1.1961785120094865
2016-05-12 00:00:00,1.1961785120094865
2016-05-13 00:00:00,1.1961785120094865
2016-05-16 00:00:00,1.1961785120094865
2016-05-17 00:00:00,1.1961785120094865
2016-05-18 00:00:00,1.1961785120094865
2016-05-19 00:00:00,1.1961785120094865
2016-05-20 00:00:00,1.1961785120094865
2016-05-23 00:00:00,1.1961785120094865
2016-05-24 00:00:00,1.1961785120094865
2016-05-25 00:00:00,1.1961785120094865
2016-05-26 00:00:00,1.1961785120094865
2016-05-27 00:00:00,1.1961785120094865
2016-05-31 00:00:00,1.1961785120094865
2016-06-01 00:00:00,1.1961785120094865
2016-06-02 00:00:00,1.1961785120094865
2016-06-03 00:00:00,1.1961785120094865
2016-06-06 00:00:00,1.1961785120094865
2016-06-07 00:00:00,1.1961785120094865
2016-06-08 00:00:00,1.1961785120094865
2016-06-09 00:00:00,1.1961785120094865
2016-06-10 00:00:00,1.1961785120094865
2016-06-13 00:00:00,1.1961785120094865
2016-06-14 00:00:00,1.1961785120094865
2016-06-15 00:00:00,1.1961785120094865
2016-06-16 00:00:00,1.1961785120094865
2016-06-17 00:00:00,1.1961785120094865
2016-06-20 00:00:00,1.1961785120094865
2016-06-21 00:00:00,1.1961785120094865
2016-06-22 00:00:00,1.1961785120094865
2016-06-23 00:00:00,1.1961785120094865
2016-06-24 00:00:00,1.1961785120094865
2016-06-27 00:00:00,1.1961785120094865
2016-06-28 00:00:00,1.1961785120094865
2016-06-29 00:00:00,1.1961785120094865
2016-06-30 00:00:00,1.1961785120094865
2016-07-01 00:00:00,1.1961785120094865
2016-07-05 00:00:00,1.1961785120094865
2016-07-06 00:00:00,1.1961785120094865
2016-07-07 00:00:00,1.1961785120094865
2016-07-08 00:00:00,1.1881680747079189
2016-07-11 00:00:00,1.160188450392212
2016-07-12 00:00:00,1.1531764724413511
2016-07-13 00:00:00,1.1551506286468531
2016-07-14 00:00:00,1.1531309474495273
2016-07-15 00:00:00,1.156643130438858
2016-07-18 00:00:00,1.156643130438858
2016-07-19 00:00:00,1.156643130438858
2016-07-20 00:00:00,1.156643130438858
2016-07-21 00:00:00,1.156643130438858
2016-07-22 00:00:00,1.156643130438858
2016-07-25 00:00:00,1.156643130438858
2016-07-26 00:00:00,1.156643130438858
2016-07-27 00:00:00,1.156643130438858
2016-07-28 00:00:00,1.156643130438858
2016-07-29 00:00:00,1.156643130438858
2016-08-01 00:00:00,1.156643130438858
2016-08-02 00:00:00,1.156643130438858
2016-08-03 00:00:00,1.156643130438858
2016-08-04 00:00:00,1.156643130438858
2016-08-05 00:00:00,1.156643130438858
2016-08-08 00:00:00,1.156643130438858
2016-08-09 00:00:00,1.156643130438858
2016-08-10 00:00:00,1.156643130438858
2016-08-11 00:00:00,1.156643130438858
2016-08-12 00:00:00,1.156643130438858
2016-08-15 00:00:00,1.156643130438858
2016-08-16 00:00:00,1.156643130438858
2016-08-17 00:00:00,1.156643130438858
2016-08-18 00:00:00,1.156643130438858
2016-08-19 00:00:00,1.156643130438858
2016-08-22 00:00:00,1.156643130438858
2016-08-23 00:00:00,1.156643130438858
2016-08-24 00:00:00,1.156643130438858
2016-08-25 00:00:00,1.156643130438858
2016-08-26 00:00:00,1.156643130438858
2016-08-29 00:00:00,1.156643130438858
2016-08-30 00:00:00,1.156643130438858
2016-08-31 00:00:00,1.156643130438858
2016-09-01 00:00:00,1.156643130438858
2016-09-02 00:00:00,1.156643130438858
2016-09-06 00:00:00,1.156643130438858
2016-09-07 00:00:00,1.156643130438858
2016-09-08 00:00:00,1.156643130438858
2016-09-09 00:00:00,1.156643130438858
2016-09-12 00:00:00,1.156643130438858
2016-09-13 00:00:00,1.156643130438858
2016-09-14 00:00:00,1.156643130438858
2016-09-15 00:00:00,1.156643130438858
2016-09-16 00:00:00,1.156643130438858
2016-09-19 00:00:00,1.156643130438858
2016-09-20 00:00:00,1.156643130438858
2016-09-21 00:00:00,1.156643130438858
2016-09-22 00:00:00,1.156643130438858
2016-09-23 00:00:00,1.156643130438858
2016-09-26 00:00:00,1.156643130438858
2016-09-27 00:00:00,1.156643130438858
2016-09-28 00:00:00,1.156643130438858
2016-09-29 00:00:00,1.156643130438858
2016-09-30 00:00:00,1.156643130438858
2016-10-03 00:00:00,1.156643130438858
2016-10-04 00:00:00,1.156643130438858
2016-10-05 00:00:00,1.156643130438858
2016-10-06 00:00:00,1.156643130438858
2016-10-07 00:00:00,1.156643130438858
2016-10-10 00:00:00,1.156643130438858
2016-10-11 00:00:00,1.156643130438858
2016-10-12 00:00:00,1.156643130438858
2016-10-13 00:00:00,1.156643130438858
2016-10-14 00:00:00,1.156643130438858
2016-10-17 00:00:00,1.156643130438858
2016-10-18 00:00:00,1.156643130438858
2016-10-19 00:00:00,1.156643130438858
2016-10-20 00:00:00,1.156643130438858
2016-10-21 00:00:00,1.156643130438858
2016-10-24 00:00:00,1.156643130438858
2016-10-25 00:00:00,1.156643130438858
2016-10-26 00:00:00,1.156643130438858
2016-10-27 00:00:00,1.156643130438858
2016-10-28 00:00:00,1.156643130438858
2016-10-31 00:00:00,1.156643130438858
2016-11-01 00:00:00,1.156643130438858
2016-11-02 00:00:00,1.156643130438858
2016-11-03 00:00:00,1.156643130438858
2016-11-04 00:00:00,1.156643130438858
2016-11-07 00:00:00,1.156643130438858
2016-11-08 00:00:00,1.156643130438858
2016-11-09 00:00:00,1.156643130438858
2016-11-10 00:00:00,1.156643130438858
2016-11-11 00:00:00,1.156643130438858
2016-11-14 00:00:00,1.156643130438858
2016-11-15 00:00:00,1.156643130438858
2016-11-16 00:00:00,1.156643130438858
2016-11-17 00:00:00,1.156643130438858
2016-11-18 00:00:00,1.156643130438858
2016-11-21 00:00:00,1.156643130438858
2016-11-22 00:00:00,1.156643130438858
2016-11-23 00:00:00,1.156643130438858
2016-11-25 00:00:00,1.156643130438858
2016-11-28 00:00:00,1.156643130438858
2016-11-29 00:00:00,1.156643130438858
2016-11-30 00:00:00,1.156643130438858
2016-12-01 00:00:00,1.156643130438858
2016-12-02 00:00:00,1.156643130438858
2016-12-05 00:00:00,1.156643130438858
2016-12-06 00:00:00,1.156643130438858
2016-12-07 00:00:00,1.156643130438858
2016-12-08 00:00:00,1.156643130438858
2016-12-09 00:00:00,1.156643130438858
2016-12-12 00:00:00,1.156643130438858
2016-12-13 00:00:00,1.156643130438858
2016-12-14 00:00:00,1.156643130438858
2016-12-15 00:00:00,1.156643130438858
2016-12-16 00:00:00,1.156643130438858
2016-12-19 00:00:00,1.156643130438858
2016-12-20 00:00:00,1.156643130438858
2016-12-21 00:00:00,1.156643130438858
2016-12-22 00:00:00,1.156643130438858
2016-12-23 00:00:00,1.156643130438858
2016-12-27 00:00:00,1.156643130438858
2016-12-28 00:00:00,1.156643130438858
2016-12-29 00:00:00,1.156643130438858
2016-12-30 00:00:00,1.156643130438858
2017-01-03 00:00:00,1.1519279118068204
2017-01-04 00:00:00,1.1285646303097723
2017-01-05 00:00:00,1.1219492395674868
2017-01-06 00:00:00,1.1219492395674868
2017-01-09 00:00:00,1.1219492395674868
2017-01-10 00:00:00,1.1219492395674868
2017-01-11 00:00:00,1.1219492395674868
2017-01-12 00:00:00,1.1219492395674868
2017-01-13 00:00:00,1.1219492395674868
2017-01-17 00:00:00,1.1219492395674868
2017-01-18 00:00:00,1.1219492395674868
2017-01-19 00:00:00,1.1219492395674868
2017-01-20 00:00:00,1.1219492395674868
2017-01-23 00:00:00,1.1219492395674868
2017-01-24 00:00:00,1.1219492395674868
2017-01-25 00:00:00,1.1219492395674868
2017-01-26 00:00:00,1.1219492395674868
2017-01-27 00:00:00,1.1219492395674868
2017-01-30 00:00:00,1.1219492395674868
2017-01-31 00:00:00,1.1219492395674868
2017-02-01 00:00:00,1.1219492395674868
2017-02-02 00:00:00,1.1219492395674868
2017-02-03 00:00:00,1.1219492395674868
2017-02-06 00:00:00,1.1219492395674868
2017-02-07 00:00:00,1.1219492395674868
2017-02-08 00:00:00,1.1219492395674868
2017-02-09 00:00:00,1.1219492395674868
2017-02-10 00:00:00,1.1219492395674868
2017-02-13 00:00:00,1.1219492395674868
2017-02-14 00:00:00,1.1219492395674868
2017-02-15 00:00:00,1.1219492395674868
2017-02-16 00:00:00,1.1219492395674868
2017-02-17 00:00:00,1.1219492395674868
2017-02-21 00:00:00,1.1219492395674868
2017-02-22 00:00:00,1.1219492395674868
2017-02-23 00:00:00,1.1219492395674868
2017-02-24 00:00:00,1.1219492395674868
2017-02-27 00:00:00,1.1219492395674868
2017-02-28 00:00:00,1.1219492395674868
2017-03-01 00:00:00,1.1219492395674868
2017-03-02 00:00:00,1.1219492395674868
2017-03-03 00:00:00,1.1219492395674868
2017-03-06 00:00:00,1.1219492395674868
2017-03-07 00:00:00,1.1219492395674868
2017-03-08 00:00:00,1.1219492395674868
2017-03-09 00:00:00,1.1219492395674868
2017-03-10 00:00:00,1.1219492395674868
2017-03-13 00:00:00,1.1219492395674868
2017-03-14 00:00:00,1.1219492395674868
2017-03-15 00:00:00,1.1219492395674868
2017-03-16 00:00:00,1.1219492395674868
2017-03-17 00:00:00,1.1219492395674868
2017-03-20 00:00:00,1.1219492395674868
2017-03-21 00:00:00,1.1219492395674868
2017-03-22 00:00:00,1.1219492395674868
2017-03-23 00:00:00,1.1219492395674868
2017-03-24 00:00:00,1.1219492395674868
2017-03-27 00:00:00,1.1219492395674868
2017-03-28 00:00:00,1.1219492395674868
2017-03-29 00:00:00,1.1219492395674868
2017-03-30 00:00:00,1.1219492395674868
2017-03-31 00:00:00,1.1219492395674868
2017-04-03 00:00:00,1.1219492395674868
2017-04-04 00:00:00,1.1219492395674868
2017-04-05 00:00:00,1.1219492395674868
2017-04-06 00:00:00,1.1219492395674868
2017-04-07 00:00:00,1.1219492395674868
2017-04-10 00:00:00,1.1219492395674868
2017-04-11 00:00:00,1.1219492395674868
2017-04-12 00:00:00,1.1219492395674868
2017-04-13 00:00:00,1.1219492395674868
2017-04-17 00:00:00,1.1219492395674868
2017-04-18 00:00:00,1.1219492395674868
2017-04-19 00:00:00,1.1219492395674868
2017-04-20 00:00:00,1.1219492395674868
2017-04-21 00:00:00,1.1219492395674868
2017-04-24 00:00:00,1.1219492395674868
2017-04-25 00:00:00,1.1219492395674868
2017-04-26 00:00:00,1.1219492395674868
2017-04-27 00:00:00,1.1219492395674868
2017-04-28 00:00:00,1.1219492395674868
2017-05-01 00:00:00,1.1219492395674868
2017-05-02 00:00:00,1.1219492395674868
2017-05-03 00:00:00,1.1219492395674868
2017-05-04 00:00:00,1.1219492395674868
2017-05-05 00:00:00,1.1219492395674868
2017-05-08 00:00:00,1.1219492395674868
2017-05-09 00:00:00,1.1219492395674868
2017-05-10 00:00:00,1.1219492395674868
2017-05-11 00:00:00,1.1219492395674868
2017-05-12 00:00:00,1.1219492395674868
2017-05-15 00:00:00,1.1219492395674868
2017-05-16 00:00:00,1.1219492395674868
2017-05-17 00:00:00,1.1219492395674868
2017-05-18 00:00:00,1.1219492395674868
2017-05-19 00:00:00,1.1219492395674868
2017-05-22 00:00:00,1.1219492395674868
2017-05-23 00:00:00,1.1219492395674868
2017-05-24 00:00:00,1.1219492395674868
2017-05-25 00:00:00,1.1219492395674868
2017-05-26 00:00:00,1.1219492395674868
2017-05-30 00:00:00,1.1219492395674868
2017-05-31 00:00:00,1.1219492395674868
2017-06-01 00:00:00,1.1219492395674868
2017-06-02 00:00:00,1.1219492395674868
2017-06-05 00:00:00,1.1219492395674868
2017-06-06 00:00:00,1.1219492395674868
2017-06-07 00:00:00,1.1219492395674868
2017-06-08 00:00:00,1.1219492395674868
2017-06-09 00:00:00,1.1219492395674868
2017-06-12 00:00:00,1.1219492395674868
2017-06-13 00:00:00,1.1219492395674868
2017-06-14 00:00:00,1.1219492395674868
2017-06-15 00:00:00,1.1219492395674868
2017-06-16 00:00:00,1.1219492395674868
2017-06-19 00:00:00,1.1219492395674868
2017-06-20 00:00:00,1.1219492395674868
2017-06-21 00:00:00,1.1219492395674868
2017-06-22 00:00:00,1.1219492395674868
2017-06-23 00:00:00,1.1219492395674868
2017-06-26 00:00:00,1.1219492395674868
2017-06-27 00:00:00,1.1219492395674868
2017-06-28 00:00:00,1.1219492395674868
2017-06-29 00:00:00,1.1219492395674868
2017-06-30 00:00:00,1.1219492395674868
2017-07-03 00:00:00,1.1219492395674868
2017-07-05 00:00:00,1.1219492395674868
2017-07-06 00:00:00,1.1219492395674868
2017-07-07 00:00:00,1.1219492395674868
2017-07-10 00:00:00,1.1219492395674868
2017-07-11 00:00:00,1.1219492395674868
2017-07-12 00:00:00,1.1219492395674868
2017-07-13 00:00:00,1.1219492395674868
2017-07-14 00:00:00,1.1219492395674868
2017-07-17 00:00:00,1.1219492395674868
2017-07-18 00:00:00,1.1219492395674868
2017-07-19 00:00:00,1.1219492395674868
2017-07-20 00:00:00,1.1219492395674868
2017-07-21 00:00:00,1.1219492395674868
2017-07-24 00:00:00,1.1219492395674868
2017-07-25 00:00:00,1.1219492395674868
2017-07-26 00:00:00,1.1219492395674868
2017-07-27 00:00:00,1.1219492395674868
2017-07-28 00:00:00,1.1219492395674868
2017-07-31 00:00:00,1.1219492395674868
2017-08-01 00:00:00,1.1219492395674868
2017-08-02 00:00:00,1.1219492395674868
2017-08-03 00:00:00,1.1219492395674868
2017-08-04 00:00:00,1.1219492395674868
2017-08-07 00:00:00,1.1219492395674868
2017-08-08 00:00:00,1.1219492395674868
2017-08-09 00:00:00,1.1219492395674868
2017-08-10 00:00:00,1.1219492395674868
2017-08-11 00:00:00,1.1219492395674868
2017-08-14 00:00:00,1.1219492395674868
2017-08-15 00:00:00,1.1219492395674868
2017-08-16 00:00:00,1.1219492395674868
2017-08-17 00:00:00,1.1219492395674868
2017-08-18 00:00:00,1.1219492395674868
2017-08-21 00:00:00,1.1219492395674868
2017-08-22 00:00:00,1.1219492395674868
2017-08-23 00:00:00,1.1219492395674868
2017-08-24 00:00:00,1.1219492395674868
2017-08-25 00:00:00,1.1219492395674868
2017-08-28 00:00:00,1.1219492395674868
2017-08-29 00:00:00,1.1219492395674868
2017-08-30 00:00:00,1.1219492395674868
2017-08-31 00:00:00,1.1219492395674868
2017-09-01 00:00:00,1.1219492395674868
2017-09-05 00:00:00,1.1219492395674868
2017-09-06 00:00:00,1.1219492395674868
2017-09-07 00:00:00,1.1219492395674868
2017-09-08 00:00:00,1.1219492395674868
2017-09-11 00:00:00,1.1219492395674868
2017-09-12 00:00:00,1.1219492395674868
2017-09-13 00:00:00,1.1219492395674868
2017-09-14 00:00:00,1.1219492395674868
2017-09-15 00:00:00,1.1219492395674868
2017-09-18 00:00:00,1.1219492395674868
2017-09-19 00:00:00,1.1219492395674868
2017-09-20 00:00:00,1.1219492395674868
2017-09-21 00:00:00,1.1219492395674868
2017-09-22 00:00:00,1.1219492395674868
2017-09-25 00:00:00,1.1219492395674868
2017-09-26 00:00:00,1.1219492395674868
2017-09-27 00:00:00,1.1219492395674868
2017-09-28 00:00:00,1.1219492395674868
2017-09-29 00:00:00,1.1219492395674868
2017-10-02 00:00:00,1.1219492395674868
2017-10-03 00:00:00,1.1219492395674868
2017-10-04 00:00:00,1.1219492395674868
2017-10-05 00:00:00,1.1219492395674868
2017-10-06 00:00:00,1.1219492395674868
2017-10-09 00:00:00,1.1219492395674868
2017-10-10 00:00:00,1.1219492395674868
2017-10-11 00:00:00,1.1219492395674868
2017-10-12 00:00:00,1.1219492395674868
2017-10-13 00:00:00,1.1219492395674868
2017-10-16 00:00:00,1.1219492395674868
2017-10-17 00:00:00,1.1219492395674868
2017-10-18 00:00:00,1.1219492395674868
2017-10-19 00:00:00,1.1219492395674868
2017-10-20 00:00:00,1.1219492395674868
2017-10-23 00:00:00,1.1219492395674868
2017-10-24 00:00:00,1.1219492395674868
2017-10-25 00:00:00,1.1219492395674868
2017-10-26 00:00:00,1.1219492395674868
2017-10-27 00:00:00,1.1219492395674868
2017-10-30 00:00:00,1.1219492395674868
2017-10-31 00:00:00,1.1219492395674868
2017-11-01 00:00:00,1.1219492395674868
2017-11-02 00:00:00,1.1219492395674868
2017-11-03 00:00:00,1.1219492395674868
2017-11-06 00:00:00,1.1219492395674868
2017-11-07 00:00:00,1.1219492395674868
2017-11-08 00:00:00,1.1219492395674868
2017-11-09 00:00:00,1.1219492395674868
2017-11-10 00:00:00,1.1219492395674868
2017-11-13 00:00:00,1.1219492395674868
2017-11-14 00:00:00,1.1219492395674868
2017-11-15 00:00:00,1.1219492395674868
2017-11-16 00:00:00,1.1219492395674868
2017-11-17 00:00:00,1.1219492395674868
2017-11-20 00:00:00,1.1219492395674868
2017-11-21 00:00:00,1.1219492395674868
2017-11-22 00:00:00,1.1219492395674868
2017-11-24 00:00:00,1.1219492395674868
2017-11-27 00:00:00,1.1219492395674868
2017-11-28 00:00:00,1.1219492395674868
2017-11-29 00:00:00,1.1219492395674868
2017-11-30 00:00:00,1.1219492395674868
2017-12-01 00:00:00,1.1219492395674868
2017-12-04 00:00:00,1.1219492395674868
2017-12-05 00:00:00,1.1219492395674868
2017-12-06 00:00:00,1.1219492395674868
2017-12-07 00:00:00,1.1219492395674868
2017-12-08 00:00:00,1.1219492395674868
2017-12-11 00:00:00,1.1219492395674868
2017-12-12 00:00:00,1.1219492395674868
2017-12-13 00:00:00,1.1219492395674868
2017-12-14 00:00:00,1.1219492395674868
2017-12-15 00:00:00,1.1219492395674868
2017-12-18 00:00:00,1.1219492395674868
2017-12-19 00:00:00,1.1219492395674868
2017-12-20 00:00:00,1.1219492395674868
2017-12-21 00:00:00,1.1219492395674868
2017-12-22 00:00:00,1.1219492395674868
2017-12-26 00:00:00,1.1219492395674868
2017-12-27 00:00:00,1.1219492395674868
2017-12-28 00:00:00,1.1219492395674868
2017-12-29 00:00:00,1.1219492395674868
2018-01-02 00:00:00,1.1219492395674868
2018-01-03 00:00:00,1.1219492395674868
2018-01-04 00:00:00,1.1219492395674868
2018-01-05 00:00:00,1.1219492395674868
2018-01-08 00:00:00,1.1219492395674868
2018-01-09 00:00:00,1.1219492395674868
2018-01-10 00:00:00,1.1219492395674868
2018-01-11 00:00:00,1.1219492395674868
2018-01-12 00:00:00,1.1219492395674868
2018-01-16 00:00:00,1.1219492395674868
2018-01-17 00:00:00,1.1219492395674868
2018-01-18 00:00:00,1.1219492395674868
2018-01-19 00:00:00,1.1219492395674868
2018-01-22 00:00:00,1.1219492395674868
2018-01-23 00:00:00,1.1219492395674868
2018-01-24 00:00:00,1.1219492395674868
2018-01-25 00:00:00,1.1219492395674868
2018-01-26 00:00:00,1.1219492395674868
2018-01-29 00:00:00,1.1219492395674868
2018-01-30 00:00:00,1.1219492395674868
2018-01-31 00:00:00,1.1219492395674868
2018-02-01 00:00:00,1.1219492395674868
2018-02-02 00:00:00,1.1219492395674868
2018-02-05 00:00:00,1.1219492395674868
2018-02-06 00:00:00,1.1219492395674868
2018-02-07 00:00:00,1.1219492395674868
2018-02-08 00:00:00,1.1219492395674868
2018-02-09 00:00:00,1.1219492395674868
2018-02-12 00:00:00,1.1219492395674868
2018-02-13 00:00:00,1.1219492395674868
2018-02-14 00:00:00,1.1219492395674868
2018-02-15 00:00:00,1.1219492395674868
2018-02-16 00:00:00,1.1219492395674868
2018-02-20 00:00:00,1.1219492395674868
2018-02-21 00:00:00,1.1219492395674868
2018-02-22 00:00:00,1.1219492395674868
2018-02-23 00:00:00,1.1219492395674868
2018-02-26 00:00:00,1.1219492395674868
2018-02-27 00:00:00,1.1219492395674868
2018-02-28 00:00:00,1.1219492395674868
2018-03-01 00:00:00,1.1219492395674868
2018-03-02 00:00:00,1.1219492395674868
2018-03-05 00:00:00,1.1219492395674868
2018-03-06 00:00:00,1.1219492395674868
2018-03-07 00:00:00,1.1219492395674868
2018-03-08 00:00:00,1.1191595472823819
2018-03-09 00:00:00,1.1169395977913272
2018-03-12 00:00:00,1.1160410814879536
2018-03-13 00:00:00,1.117491779740458
2018-03-14 00:00:00,1.1136567452422372
2018-03-15 00:00:00,1.1118772734804097
2018-03-16 00:00:00,1.1158240121985346
2018-03-19 00:00:00,1.1309295200570797
2018-03-20 00:00:00,1.1259198782809197
2018-03-21 00:00:00,1.1247277101580615
2018-03-22 00:00:00,1.1327855743489728
2018-03-23 00:00:00,1.1511212522218501
2018-03-26 00:00:00,1.138917140868314
2018-03-27 00:00:00,1.1368440172870016
2018-03-28 00:00:00,1.1269891204893436
2018-03-29 00:00:00,1.115812790504004
2018-04-02 00:00:00,1.1337079906476544
2018-04-03 00:00:00,1.1226784865720574
2018-04-04 00:00:00,1.1217799702686837
2018-04-05 00:00:00,1.1173576321314935
2018-04-06 00:00:00,1.1312885327120996
2018-04-09 00:00:00,1.1234891986508346
2018-04-10 00:00:00,1.1186263827844172
2018-04-11 00:00:00,1.1208112105856338
2018-04-12 00:00:00,1.1222619088381383
2018-04-13 00:00:00,1.1222443479932191
2018-04-16 00:00:00,1.1197307466826796
2018-04-17 00:00:00,1.1163361899136859
2018-04-18 00:00:00,1.1102987667693294
2018-04-19 00:00:00,1.1136582018484846
2018-04-20 00:00:00,1.115402551920474
2018-04-23 00:00:00,1.1165595983534937
2018-04-24 00:00:00,1.1197722075229066
2018-04-25 00:00:00,1.1169649543928826
2018-04-26 00:00:00,1.1115148348874955
2018-04-27 00:00:00,1.1139933145081966
2018-04-30 00:00:00,1.1160313163996707
2018-05-01 00:00:00,1.1167478851034633
2018-05-02 00:00:00,1.1220160570092697
2018-05-03 00:00:00,1.1211175407058962
2018-05-04 00:00:00,1.1146396398323126
2018-05-07 00:00:00,1.1135942976191968
2018-05-08 00:00:00,1.1107870444891728
2018-05-09 00:00:00,1.1184044309508567
2018-05-10 00:00:00,1.1132479632649546
2018-05-11 00:00:00,1.1064764105718863
2018-05-14 00:00:00,1.1014667687957265
2018-05-15 00:00:00,1.1085833027140974
2018-05-16 00:00:00,1.1085833027140974
2018-05-17 00:00:00,1.1085833027140974
2018-05-18 00:00:00,1.1085833027140974
2018-05-21 00:00:00,1.1085833027140974
2018-05-22 00:00:00,1.1085833027140974
2018-05-23 00:00:00,1.1085833027140974
2018-05-24 00:00:00,1.1085833027140974
2018-05-25 00:00:00,1.1085833027140974
2018-05-29 00:00:00,1.1085833027140974
2018-05-30 00:00:00,1.1085833027140974
2018-05-31 00:00:00,1.1085833027140974
2018-06-01 00:00:00,1.1085833027140974
2018-06-04 00:00:00,1.1085833027140974
2018-06-05 00:00:00,1.109133650208412
2018-06-06 00:00:00,1.1043419762239026
2018-06-07 00:00:00,1.104319980523452
2018-06-08 00:00:00,1.1009958998571143
2018-06-11 00:00:00,1.0970449367049198
2018-06-12 00:00:00,1.0970449367049198
2018-06-13 00:00:00,1.0970449367049198
2018-06-14 00:00:00,1.0970449367049198
2018-06-15 00:00:00,1.0970449367049198
2018-06-18 00:00:00,1.0970449367049198
2018-06-19 00:00:00,1.0970449367049198
2018-06-20 00:00:00,1.1003924208311595
2018-06-21 00:00:00,1.104462023554169
2018-06-22 00:00:00,1.0990470879194987
2018-06-25 00:00:00,1.113903028382614
2018-06-26 00:00:00,1.1075582360462104
2018-06-27 00:00:00,1.1147893515551128
2018-06-28 00:00:00,1.1134657854080692
2018-06-29 00:00:00,1.1169774741100384
2018-07-02 00:00:00,1.1340650706573134
2018-07-03 00:00:00,1.135345103275123
2018-07-05 00:00:00,1.1369970785736256
2018-07-06 00:00:00,1.1300943722161823
2018-07-09 00:00:00,1.1153808695641794
2018-07-10 00:00:00,1.1194504722871885
2018-07-11 00:00:00,1.134306412750304
2018-07-12 00:00:00,1.1331688179436068
2018-07-13 00:00:00,1.1232905701406168
2018-07-16 00:00:00,1.1228968606953065
2018-07-17 00:00:00,1.11339055557301
2018-07-18 00:00:00,1.1150425308715126
2018-07-19 00:00:00,1.1148347927665487
2018-07-20 00:00:00,1.1114655418756918
2018-07-23 00:00:00,1.1060506062410216
2018-07-24 00:00:00,1.1015655273080849
2018-07-25 00:00:00,1.0944768496102948
2018-07-26 00:00:00,1.0916655127404777
2018-07-27 00:00:00,1.0882962618496206
2018-07-30 00:00:00,1.0966432054006032
2018-07-31 00:00:00,1.1049901489515854
2018-08-01 00:00:00,1.0979014712537956
2018-08-02 00:00:00,1.104016758720618
2018-08-03 00:00:00,1.1041809632963473
2018-08-06 00:00:00,1.1123419355069828
2018-08-07 00:00:00,1.1032075730653796
2018-08-08 00:00:00,1.1043016343428425
2018-08-09 00:00:00,1.1083712370658516
2018-08-10 00:00:00,1.1239710628903536
2018-08-13 00:00:00,1.1302723216975228
2018-08-14 00:00:00,1.1259732141049326
2018-08-15 00:00:00,1.1389694411645812
2018-08-16 00:00:00,1.1331825628492178
2018-08-17 00:00:00,1.1296273406180142
2018-08-20 00:00:00,1.125328233025424
2018-08-21 00:00:00,1.1254924376011535
2018-08-22 00:00:00,1.1210073586682165
2018-08-23 00:00:00,1.125448904071919
2018-08-24 00:00:00,1.1217077105003688
2018-08-27 00:00:00,1.1055064371255927
2018-08-28 00:00:00,1.1088321544872153
2018-08-29 00:00:00,1.1049049895753185
2018-08-30 00:00:00,1.112508047764914
2018-08-31 00:00:00,1.110254624916137
2018-09-04 00:00:00,1.1236227946564792
2018-09-05 00:00:00,1.134945279653008
2018-09-06 00:00:00,1.132505885463884
2018-09-07 00:00:00,1.1389931156114
2018-09-10 00:00:00,1.1365537214222763
2018-09-11 00:00:00,1.1343002985734991
2018-09-12 00:00:00,1.1322328470650689
2018-09-13 00:00:00,1.124028341325199
2018-09-14 00:00:00,1.111918437438049
2018-09-17 00:00:00,1.111338756652392
2018-09-18 00:00:00,1.0854669735795897
2018-09-19 00:00:00,1.0815398086676928
2018-09-20 00:00:00,1.0785425004575293
2018-09-21 00:00:00,1.0761031062684057
2018-09-24 00:00:00,1.081102565693148
2018-09-25 00:00:00,1.0727120886129313
2018-09-26 00:00:00,1.0668583350035792
2018-09-27 00:00:00,1.0668583350035792
2018-09-28 00:00:00,1.0668583350035792
2018-10-01 00:00:00,1.0668583350035792
2018-10-02 00:00:00,1.0668583350035792
2018-10-03 00:00:00,1.0668583350035792
2018-10-04 00:00:00,1.0668583350035792
2018-10-05 00:00:00,1.0668583350035792
2018-10-08 00:00:00,1.0668583350035792
2018-10-09 00:00:00,1.0668583350035792
2018-10-10 00:00:00,1.0668583350035792
2018-10-11 00:00:00,1.0668583350035792
2018-10-12 00:00:00,1.0668583350035792
2018-10-15 00:00:00,1.0668583350035792
2018-10-16 00:00:00,1.058271198798826
2018-10-17 00:00:00,1.0589967384707843
2018-10-18 00:00:00,1.0783899655443798
2018-10-19 00:00:00,1.0761286752320762
2018-10-22 00:00:00,1.0826411979985422
2018-10-23 00:00:00,1.0947540269854994
2018-10-24 00:00:00,1.1279613427363067
2018-10-25 00:00:00,1.1130060249908895
2018-10-26 00:00:00,1.1260522383479286
2018-10-29 00:00:00,1.13536491422464
2018-10-30 00:00:00,1.1196628889831572
2018-10-31 00:00:00,1.1097478468361823
2018-11-01 00:00:00,1.112153478374288
2018-11-02 00:00:00,1.106345327455673
2018-11-05 00:00:00,1.1100576971118934
2018-11-06 00:00:00,1.098462563098771
2018-11-07 00:00:00,1.087614136581714
2018-11-08 00:00:00,1.0943133362221964
2018-11-09 00:00:00,1.1047460733430061
2018-11-12 00:00:00,1.118725671070127
2018-11-13 00:00:00,1.1224380407263472
2018-11-14 00:00:00,1.1188700122959288
2018-11-15 00:00:00,1.1128751845032978
2018-11-16 00:00:00,1.1121073091831248
2018-11-19 00:00:00,1.1165663863354107
2018-11-20 00:00:00,1.1352129059129408
2018-11-21 00:00:00,1.119884234419491
2018-11-23 00:00:00,1.1235966040757113
2018-11-26 00:00:00,1.1099480244484088
2018-11-27 00:00:00,1.1108602409943835
2018-11-28 00:00:00,1.0973983382410972
2018-11-29 00:00:00,1.100924031023301
2018-11-30 00:00:00,1.0999694788291121
2018-12-03 00:00:00,1.0859475454537768
2018-12-04 00:00:00,1.124568490551059
2018-12-06 00:00:00,1.1260407377190829
2018-12-07 00:00:00,1.1334866448556307
2018-12-10 00:00:00,1.1411192288661947
2018-12-11 00:00:00,1.141844768538153
2018-12-12 00:00:00,1.129876280776998
2018-12-13 00:00:00,1.1328419429371526
2018-12-14 00:00:00,1.1442080644280441
2018-12-17 00:00:00,1.1520273253126248
2018-12-18 00:00:00,1.1568597562129432
2018-12-19 00:00:00,1.171212707688097
2018-12-20 00:00:00,1.1762318154624318
2018-12-21 00:00:00,1.2057055937329118
2018-12-24 00:00:00,1.2157649771056889
2018-12-26 00:00:00,1.1983828599980588
2018-12-27 00:00:00,1.1858543416148544
2018-12-28 00:00:00,1.1847131125466488
2018-12-31 00:00:00,1.1863720365886892
2019-01-02 00:00:00,1.1798171781740088
2019-01-03 00:00:00,1.1852096396963763
2019-01-04 00:00:00,1.1530800495414528
2019-01-07 00:00:00,1.1506320823551328
2019-01-08 00:00:00,1.145943992680616
2019-01-09 00:00:00,1.1405091955100342
2019-01-10 00:00:00,1.1345143677174028
2019-01-11 00:00:00,1.1460671660823107
2019-01-14 00:00:00,1.1495928588645148
2019-01-15 00:00:00,1.1376243711033596
2019-01-16 00:00:00,1.1327496045548267
2019-01-17 00:00:00,1.1347818823448996
2019-01-18 00:00:00,1.1215066564656297
2019-01-22 00:00:00,1.1395931454211108
2019-01-23 00:00:00,1.1423721307072492
2019-01-24 00:00:00,1.1365639797886344
2019-01-25 00:00:00,1.1257155532715775
2019-01-28 00:00:00,1.1329747835341089
2019-01-29 00:00:00,1.13202023133992
2019-01-30 00:00:00,1.1207984510748301
2019-01-31 00:00:00,1.1189105145105591
2019-02-01 00:00:00,1.1229962379148122
2019-02-04 00:00:00,1.1207349476025084
2019-02-05 00:00:00,1.116606888550041
2019-02-06 00:00:00,1.1215726067384073
2019-02-07 00:00:00,1.1215726067384073
2019-02-08 00:00:00,1.1166590505565057
2019-02-11 00:00:00,1.1155686327443988
2019-02-12 00:00:00,1.0956785217145817
2019-02-13 00:00:00,1.0928790408826832
2019-02-14 00:00:00,1.093711318967842
2019-02-15 00:00:00,1.0802300153749602
2019-02-19 00:00:00,1.0802300153749602
2019-02-20 00:00:00,1.0802300153749602
2019-02-21 00:00:00,1.0802300153749602
2019-02-22 00:00:00,1.0802300153749602
2019-02-25 00:00:00,1.0802300153749602
2019-02-26 00:00:00,1.0802300153749602
2019-02-27 00:00:00,1.0802300153749602
2019-02-28 00:00:00,1.0802300153749602
2019-03-01 00:00:00,1.0802300153749602
2019-03-04 00:00:00,1.0802300153749602
2019-03-05 00:00:00,1.0802300153749602
2019-03-06 00:00:00,1.0802300153749602
2019-03-07 00:00:00,1.0802300153749602
2019-03-08 00:00:00,1.0802300153749602
2019-03-11 00:00:00,1.0802300153749602
2019-03-12 00:00:00,1.0802300153749602
2019-03-13 00:00:00,1.0802300153749602
2019-03-14 00:00:00,1.0802300153749602
2019-03-15 00:00:00,1.0802300153749602
2019-03-18 00:00:00,1.0802300153749602
2019-03-19 00:00:00,1.0802300153749602
2019-03-20 00:00:00,1.0802300153749602
2019-03-21 00:00:00,1.0802300153749602
2019-03-22 00:00:00,1.0802300153749602
2019-03-25 00:00:00,1.0802300153749602
2019-03-26 00:00:00,1.0802300153749602
2019-03-27 00:00:00,1.0802300153749602
2019-03-28 00:00:00,1.0802300153749602
2019-03-29 00:00:00,1.0802300153749602
2019-04-01 00:00:00,1.0802300153749602
2019-04-02 00:00:00,1.0802300153749602
2019-04-03 00:00:00,1.0802300153749602
2019-04-04 00:00:00,1.0802300153749602
2019-04-05 00:00:00,1.0802300153749602
2019-04-08 00:00:00,1.0802300153749602
2019-04-09 00:00:00,1.0802300153749602
2019-04-10 00:00:00,1.0802300153749602
2019-04-11 00:00:00,1.0802300153749602
2019-04-12 00:00:00,1.0802300153749602
2019-04-15 00:00:00,1.0802300153749602
2019-04-16 00:00:00,1.0802300153749602
2019-04-17 00:00:00,1.0802300153749602
2019-04-18 00:00:00,1.0802300153749602
2019-04-22 00:00:00,1.0802300153749602
2019-04-23 00:00:00,1.0802300153749602
2019-04-24 00:00:00,1.0802300153749602
2019-04-25 00:00:00,1.0802300153749602
2019-04-26 00:00:00,1.0802300153749602
2019-04-29 00:00:00,1.0802300153749602
2019-04-30 00:00:00,1.0802300153749602
2019-05-01 00:00:00,1.0802300153749602
2019-05-02 00:00:00,1.0802300153749602
2019-05-03 00:00:00,1.0802300153749602
2019-05-06 00:00:00,1.0802300153749602
2019-05-07 00:00:00,1.0802300153749602
2019-05-08 00:00:00,1.0802300153749602
2019-05-09 00:00:00,1.0802300153749602
2019-05-10 00:00:00,1.0802300153749602
2019-05-13 00:00:00,1.0802300153749602
2019-05-14 00:00:00,1.0802300153749602
2019-05-15 00:00:00,1.0802300153749602
2019-05-16 00:00:00,1.0802300153749602
2019-05-17 00:00:00,1.0802300153749602
2019-05-20 00:00:00,1.0802300153749602
2019-05-21 00:00:00,1.0778138438587441
2019-05-22 00:00:00,1.0866517062829777
2019-05-23 00:00:00,1.0946841782018055
2019-05-24 00:00:00,1.0781522397057697
2019-05-28 00:00:00,1.0871914497563546
2019-05-29 00:00:00,1.0922037072799125
2019-05-30 00:00:00,1.0873499311122543
2019-05-31 00:00:00,1.0988053126790553
2019-06-03 00:00:00,1.092542103126938
2019-06-04 00:00:00,1.0802384647842802
2019-06-05 00:00:00,1.0796129887700006
2019-06-06 00:00:00,1.0783834698766668
2019-06-07 00:00:00,1.0652744410286037
2019-06-10 00:00:00,1.0602193172345944
2019-06-11 00:00:00,1.0565736268250445
2019-06-12 00:00:00,1.0688343988972508
2019-06-13 00:00:00,1.0700210515201332
2019-06-14 00:00:00,1.0728184851538265
2019-06-17 00:00:00,1.079441523688195
2019-06-18 00:00:00,1.0729769665097262
2019-06-19 00:00:00,1.063290847309636
2019-06-20 00:00:00,1.052597989977789
2019-06-21 00:00:00,1.063449328665536
2019-06-24 00:00:00,1.0634278955303103
2019-06-25 00:00:00,1.068238805427517
2019-06-26 00:00:00,1.069828153303102
2019-06-27 00:00:00,1.0653770723881468
2019-06-28 00:00:00,1.0609259914731914
2019-07-01 00:00:00,1.0403377036966814
2019-07-02 00:00:00,1.0403377036966814
2019-07-03 00:00:00,1.0403377036966814
2019-07-05 00:00:00,1.0403377036966814
2019-07-08 00:00:00,1.0403377036966814
2019-07-09 00:00:00,1.0403377036966814
2019-07-10 00:00:00,1.0403377036966814
2019-07-11 00:00:00,1.0403377036966814
2019-07-12 00:00:00,1.0403377036966814
2019-07-15 00:00:00,1.0403377036966814
2019-07-16 00:00:00,1.0403377036966814
2019-07-17 00:00:00,1.0403377036966814
2019-07-18 00:00:00,1.0403377036966814
2019-07-19 00:00:00,1.0403377036966814
2019-07-22 00:00:00,1.0403377036966814
2019-07-23 00:00:00,1.0403377036966814
2019-07-24 00:00:00,1.0403377036966814
2019-07-25 00:00:00,1.0403377036966814
2019-07-26 00:00:00,1.0403377036966814
2019-07-29 00:00:00,1.0403377036966814
2019-07-30 00:00:00,1.0403377036966814
2019-07-31 00:00:00,1.0403377036966814
2019-08-01 00:00:00,1.0403377036966814
2019-08-02 00:00:00,1.0403377036966814
2019-08-05 00:00:00,1.0403377036966814
2019-08-06 00:00:00,1.0403377036966814
2019-08-07 00:00:00,1.0403377036966814
2019-08-08 00:00:00,1.0300527012165612
2019-08-09 00:00:00,1.0410932886778497
2019-08-12 00:00:00,1.0509695362357279
2019-08-13 00:00:00,1.0393054955805245
2019-08-14 00:00:00,1.0645122185332991
2019-08-15 00:00:00,1.0547887443837787
2019-08-16 00:00:00,1.044094986981417
2019-08-19 00:00:00,1.0442684020108801
2019-08-20 00:00:00,1.0463823835460264
2019-08-21 00:00:00,1.042868722214692
2019-08-22 00:00:00,1.0444005337981332
2019-08-23 00:00:00,1.0560232912111263
2019-08-26 00:00:00,1.0410602874962618
2019-08-27 00:00:00,1.044338608934818
2019-08-28 00:00:00,1.0447060806148494
2019-08-29 00:00:00,1.0373112862721487
2019-08-30 00:00:00,1.0339916815913825
2019-09-03 00:00:00,1.0333888700185725
2019-09-04 00:00:00,1.0275465288804184
2019-09-05 00:00:00,1.0199576778871493
2019-09-06 00:00:00,1.0162499599052464
2019-09-09 00:00:00,1.0092432788636825
2019-09-10 00:00:00,1.0071651176909904
2019-09-11 00:00:00,1.0071651176909904
2019-09-12 00:00:00,1.0071651176909904
2019-09-13 00:00:00,1.0071651176909904
2019-09-16 00:00:00,1.0071651176909904
2019-09-17 00:00:00,1.0071651176909904
2019-09-18 00:00:00,1.0071651176909904
2019-09-19 00:00:00,1.0071651176909904
2019-09-20 00:00:00,1.0071651176909904
2019-09-23 00:00:00,1.0071651176909904
2019-09-24 00:00:00,1.0071651176909904
2019-09-25 00:00:00,1.0071651176909904
2019-09-26 00:00:00,1.0071651176909904
2019-09-27 00:00:00,1.0071651176909904
2019-09-30 00:00:00,1.0071651176909904
2019-10-01 00:00:00,1.0071651176909904
2019-10-02 00:00:00,1.0071651176909904
2019-10-03 00:00:00,1.0071651176909904
2019-10-04 00:00:00,1.0071651176909904
2019-10-07 00:00:00,1.0071651176909904
2019-10-08 00:00:00,1.0071651176909904
2019-10-09 00:00:00,1.0071651176909904
2019-10-10 00:00:00,1.0071651176909904
2019-10-11 00:00:00,1.0071651176909904
2019-10-14 00:00:00,1.0071651176909904
2019-10-15 00:00:00,1.0071651176909904
2019-10-16 00:00:00,1.0071651176909904
2019-10-17 00:00:00,1.0071651176909904
2019-10-18 00:00:00,1.0071651176909904
2019-10-21 00:00:00,1.0071651176909904
2019-10-22 00:00:00,1.0071651176909904
2019-10-23 00:00:00,1.0071651176909904
2019-10-24 00:00:00,1.0071651176909904
2019-10-25 00:00:00,1.0071651176909904
2019-10-28 00:00:00,1.0071651176909904
2019-10-29 00:00:00,1.0071651176909904
2019-10-30 00:00:00,1.0071651176909904
2019-10-31 00:00:00,1.0071651176909904
2019-11-01 00:00:00,1.0071651176909904
2019-11-04 00:00:00,1.0071651176909904
2019-11-05 00:00:00,1.0071651176909904
2019-11-06 00:00:00,1.0071651176909904
2019-11-07 00:00:00,1.0071651176909904
2019-11-08 00:00:00,1.0071651176909904
2019-11-11 00:00:00,1.0071651176909904
2019-11-12 00:00:00,1.0071651176909904
2019-11-13 00:00:00,1.0071651176909904
2019-11-14 00:00:00,1.0071651176909904
2019-11-15 00:00:00,1.0071651176909904
2019-11-18 00:00:00,1.0071651176909904
2019-11-19 00:00:00,1.0071651176909904
2019-11-20 00:00:00,1.0071651176909904
2019-11-21 00:00:00,1.0071651176909904
2019-11-22 00:00:00,1.0071651176909904
2019-11-25 00:00:00,1.0071651176909904
2019-11-26 00:00:00,1.0071651176909904
2019-11-27 00:00:00,1.0071651176909904
2019-11-29 00:00:00,1.0071651176909904
2019-12-02 00:00:00,1.0071651176909904
2019-12-03 00:00:00,1.0071651176909904
2019-12-04 00:00:00,1.0071651176909904
2019-12-05 00:00:00,1.0071651176909904
2019-12-06 00:00:00,1.0071651176909904
2019-12-09 00:00:00,1.0071651176909904
2019-12-10 00:00:00,1.0071651176909904
2019-12-11 00:00:00,1.0071651176909904
2019-12-12 00:00:00,1.0071651176909904
2019-12-13 00:00:00,1.0071651176909904
2019-12-16 00:00:00,1.0071651176909904
2019-12-17 00:00:00,1.0071651176909904
2019-12-18 00:00:00,1.0071651176909904
2019-12-19 00:00:00,1.0071651176909904
2019-12-20 00:00:00,1.0071651176909904
2019-12-23 00:00:00,1.0071651176909904
2019-12-24 00:00:00,1.0071651176909904
2019-12-26 00:00:00,1.0071651176909904
2019-12-27 00:00:00,1.0071651176909904
2019-12-30 00:00:00,1.0071651176909904
2019-12-31 00:00:00,1.0071651176909904
2020-01-02 00:00:00,1.0071651176909904
2020-01-03 00:00:00,1.0071651176909904
2020-01-06 00:00:00,1.0071651176909904
2020-01-07 00:00:00,1.0071651176909904
2020-01-08 00:00:00,1.0071651176909904
2020-01-09 00:00:00,1.0071651176909904
2020-01-10 00:00:00,1.0071651176909904
2020-01-13 00:00:00,1.0071651176909904
2020-01-14 00:00:00,1.0071651176909904
2020-01-15 00:00:00,1.0071651176909904
2020-01-16 00:00:00,1.0071651176909904
2020-01-17 00:00:00,1.0071651176909904
2020-01-21 00:00:00,1.0071651176909904
2020-01-22 00:00:00,1.0071651176909904
2020-01-23 00:00:00,1.0071651176909904
2020-01-24 00:00:00,1.0071651176909904
2020-01-27 00:00:00,1.0071651176909904
2020-01-28 00:00:00,1.0071651176909904
2020-01-29 00:00:00,1.0071651176909904
2020-01-30 00:00:00,1.0071651176909904
2020-01-31 00:00:00,1.0071651176909904
2020-02-03 00:00:00,1.0071651176909904
2020-02-04 00:00:00,1.0071651176909904
2020-02-05 00:00:00,1.0071651176909904
2020-02-06 00:00:00,1.0071651176909904
2020-02-07 00:00:00,1.0071651176909904
2020-02-10 00:00:00,1.0071651176909904
2020-02-11 00:00:00,1.0071651176909904
2020-02-12 00:00:00,1.0071651176909904
2020-02-13 00:00:00,1.0071651176909904
2020-02-14 00:00:00,1.0104284425948322
2020-02-18 00:00:00,1.0253510521407072
2020-02-19 00:00:00,1.027048608128907
2020-02-20 00:00:00,1.0333835205594084
2020-02-21 00:00:00,1.041607726355292
2020-02-24 00:00:00,1.0743927459011435
2020-02-25 00:00:00,1.075918547947036
2020-02-26 00:00:00,1.0712612080698596
2020-02-27 00:00:00,1.1035309657887886
2020-02-28 00:00:00,1.1045415060077586
2020-03-02 00:00:00,1.0930140084382833
2020-03-03 00:00:00,1.1048450470226239
2020-03-04 00:00:00,1.0850733602223903
2020-03-05 00:00:00,1.1018852631336473
2020-03-06 00:00:00,1.1106247307564534
2020-03-09 00:00:00,1.1566348038599799
2020-03-10 00:00:00,1.1310234830212924
2020-03-11 00:00:00,1.1608886855479168
2020-03-12 00:00:00,1.2445128720167788
2020-03-13 00:00:00,1.2192450590627062
2020-03-16 00:00:00,1.2716100280316092
2020-03-17 00:00:00,1.2351782088275511
2020-03-18 00:00:00,1.2516466038541931
2020-03-19 00:00:00,1.2409778759962555
2020-03-20 00:00:00,1.2390685991959984
2020-03-23 00:00:00,1.2471210510495745
2020-03-24 00:00:00,1.1938573454993846
2020-03-25 00:00:00,1.178379507256838
2020-03-26 00:00:00,1.1508788930527682
2020-03-27 00:00:00,1.1518894332717382
2020-03-30 00:00:00,1.1413924593561078
2020-03-31 00:00:00,1.1654180278442785
2020-04-01 00:00:00,1.2057602208516585
2020-04-02 00:00:00,1.1954350008783357
2020-04-03 00:00:00,1.2137926892703599
2020-04-06 00:00:00,1.1665403717009315
2020-04-07 00:00:00,1.157417429323761
2020-04-08 00:00:00,1.159458493196576
2020-04-09 00:00:00,1.1482745035117154
2020-04-13 00:00:00,1.1518613528652974
2020-04-14 00:00:00,1.1360400067381355
2020-04-15 00:00:00,1.1447794743609416
2020-04-16 00:00:00,1.152144910445288
2020-04-17 00:00:00,1.1406174128758129
2020-04-20 00:00:00,1.1539942369409204
2020-04-21 00:00:00,1.1620466887944965
2020-04-22 00:00:00,1.1472558663211796
2020-04-23 00:00:00,1.1460336052901525
2020-04-24 00:00:00,1.1393152181052864
2020-04-27 00:00:00,1.1272724587088887
2020-04-28 00:00:00,1.1143709296009539
2020-04-29 00:00:00,1.0985495834737922
2020-04-30 00:00:00,1.1242926913850375
2020-05-01 00:00:00,1.139902316700142
2020-05-04 00:00:00,1.144176181822954
2020-05-05 00:00:00,1.1357402552150133
2020-05-06 00:00:00,1.1424186755301295
2020-05-07 00:00:00,1.1293453924798873
2020-05-08 00:00:00,1.1142110621219552
2020-05-11 00:00:00,1.1056033815717072
2020-05-12 00:00:00,1.1174344201560478
2020-05-13 00:00:00,1.1131205881634862
2020-05-14 00:00:00,1.1264974122285938
2020-05-15 00:00:00,1.1249316433129517
2020-05-18 00:00:00,1.1027554013204135
2020-05-19 00:00:00,1.1133841623086016
2020-05-20 00:00:00,1.099795617431437
2020-05-21 00:00:00,1.1036666165071725
2020-05-22 00:00:00,1.1036666165071725
2020-05-26 00:00:00,1.1036666165071725
2020-05-27 00:00:00,1.1036666165071725
2020-05-28 00:00:00,1.1036666165071725
2020-05-29 00:00:00,1.1036666165071725
2020-06-01 00:00:00,1.1036666165071725
2020-06-02 00:00:00,1.1036666165071725
2020-06-03 00:00:00,1.1036666165071725
2020-06-04 00:00:00,1.1036666165071725
2020-06-05 00:00:00,1.1036666165071725
2020-06-08 00:00:00,1.1036666165071725
2020-06-09 00:00:00,1.1036666165071725
2020-06-10 00:00:00,1.1036666165071725
2020-06-11 00:00:00,1.1036666165071725
2020-06-12 00:00:00,1.1036666165071725
2020-06-15 00:00:00,1.1036666165071725
2020-06-16 00:00:00,1.1036666165071725
2020-06-17 00:00:00,1.1036666165071725
2020-06-18 00:00:00,1.1036666165071725
2020-06-19 00:00:00,1.1036666165071725
2020-06-22 00:00:00,1.1036666165071725
2020-06-23 00:00:00,1.1036666165071725
2020-06-24 00:00:00,1.1036666165071725
2020-06-25 00:00:00,1.1036666165071725
2020-06-26 00:00:00,1.1036666165071725
2020-06-29 00:00:00,1.1036666165071725
2020-06-30 00:00:00,1.1036666165071725
2020-07-01 00:00:00,1.1036666165071725
2020-07-02 00:00:00,1.1036666165071725
2020-07-06 00:00:00,1.1036666165071725
2020-07-07 00:00:00,1.1036666165071725
2020-07-08 00:00:00,1.1036666165071725
2020-07-09 00:00:00,1.1036666165071725
2020-07-10 00:00:00,1.1036666165071725
2020-07-13 00:00:00,1.1036666165071725
2020-07-14 00:00:00,1.1036666165071725
2020-07-15 00:00:00,1.1036666165071725
2020-07-16 00:00:00,1.1036666165071725
2020-07-17 00:00:00,1.1036666165071725
2020-07-20 00:00:00,1.1036666165071725
2020-07-21 00:00:00,1.1036666165071725
2020-07-22 00:00:00,1.1036666165071725
2020-07-23 00:00:00,1.1036666165071725
2020-07-24 00:00:00,1.1036666165071725
2020-07-27 00:00:00,1.1036666165071725
2020-07-28 00:00:00,1.1036666165071725
2020-07-29 00:00:00,1.1036666165071725
2020-07-30 00:00:00,1.1036666165071725
2020-07-31 00:00:00,1.1036666165071725
2020-08-03 00:00:00,1.1036666165071725
2020-08-04 00:00:00,1.1036666165071725
2020-08-05 00:00:00,1.1036666165071725
2020-08-06 00:00:00,1.1036666165071725
2020-08-07 00:00:00,1.1036666165071725
2020-08-10 00:00:00,1.1036666165071725
2020-08-11 00:00:00,1.1036666165071725
2020-08-12 00:00:00,1.1036666165071725
2020-08-13 00:00:00,1.1036666165071725
2020-08-14 00:00:00,1.1036666165071725
2020-08-17 00:00:00,1.1036666165071725
2020-08-18 00:00:00,1.1036666165071725
2020-08-19 00:00:00,1.1036666165071725
2020-08-20 00:00:00,1.1036666165071725
2020-08-21 00:00:00,1.1036666165071725
2020-08-24 00:00:00,1.1036666165071725
2020-08-25 00:00:00,1.1036666165071725
2020-08-26 00:00:00,1.1036666165071725
2020-08-27 00:00:00,1.1036666165071725
2020-08-28 00:00:00,1.1036666165071725
2020-08-31 00:00:00,1.1036666165071725
2020-09-01 00:00:00,1.1036666165071725
2020-09-02 00:00:00,1.1036666165071725
2020-09-03 00:00:00,1.1036666165071725
2020-09-04 00:00:00,1.1036666165071725
2020-09-08 00:00:00,1.1036666165071725
2020-09-09 00:00:00,1.1036666165071725
2020-09-10 00:00:00,1.1036666165071725
2020-09-11 00:00:00,1.1036666165071725
2020-09-14 00:00:00,1.1036666165071725
2020-09-15 00:00:00,1.1036666165071725
2020-09-16 00:00:00,1.1036666165071725
2020-09-17 00:00:00,1.1036666165071725
2020-09-18 00:00:00,1.1036666165071725
2020-09-21 00:00:00,1.1036666165071725
2020-09-22 00:00:00,1.1036666165071725
2020-09-23 00:00:00,1.1036666165071725
2020-09-24 00:00:00,1.1036666165071725
2020-09-25 00:00:00,1.1036666165071725
2020-09-28 00:00:00,1.1036666165071725
2020-09-29 00:00:00,1.1036666165071725
2020-09-30 00:00:00,1.1036666165071725
2020-10-01 00:00:00,1.1036666165071725
2020-10-02 00:00:00,1.1036666165071725
2020-10-05 00:00:00,1.1036666165071725
2020-10-06 00:00:00,1.1036666165071725
2020-10-07 00:00:00,1.1036666165071725
2020-10-08 00:00:00,1.1036666165071725
2020-10-09 00:00:00,1.1036666165071725
2020-10-12 00:00:00,1.1036666165071725
2020-10-13 00:00:00,1.1036666165071725
2020-10-14 00:00:00,1.1036666165071725
2020-10-15 00:00:00,1.1036666165071725
2020-10-16 00:00:00,1.1036666165071725
2020-10-19 00:00:00,1.1036666165071725
2020-10-20 00:00:00,1.1036666165071725
2020-10-21 00:00:00,1.1036666165071725
2020-10-22 00:00:00,1.1036666165071725
2020-10-23 00:00:00,1.1036666165071725
2020-10-26 00:00:00,1.1036666165071725
2020-10-27 00:00:00,1.1036666165071725
2020-10-28 00:00:00,1.1036666165071725
2020-10-29 00:00:00,1.1036666165071725
2020-10-30 00:00:00,1.1036666165071725
2020-11-02 00:00:00,1.1036666165071725
2020-11-03 00:00:00,1.1036666165071725
2020-11-04 00:00:00,1.1036666165071725
2020-11-05 00:00:00,1.1036666165071725
2020-11-06 00:00:00,1.1036666165071725
2020-11-09 00:00:00,1.1036666165071725
2020-11-10 00:00:00,1.1036666165071725
2020-11-11 00:00:00,1.1036666165071725
2020-11-12 00:00:00,1.1036666165071725
2020-11-13 00:00:00,1.1036666165071725
2020-11-16 00:00:00,1.1036666165071725
2020-11-17 00:00:00,1.1036666165071725
2020-11-18 00:00:00,1.1036666165071725
2020-11-19 00:00:00,1.1036666165071725
2020-11-20 00:00:00,1.1036666165071725
2020-11-23 00:00:00,1.1036666165071725
2020-11-24 00:00:00,1.1036666165071725
2020-11-25 00:00:00,1.1036666165071725
2020-11-27 00:00:00,1.1036666165071725
2020-11-30 00:00:00,1.1036666165071725
2020-12-01 00:00:00,1.1036666165071725
2020-12-02 00:00:00,1.1036666165071725
2020-12-03 00:00:00,1.1036666165071725
2020-12-04 00:00:00,1.1036666165071725
2020-12-07 00:00:00,1.1036666165071725
2020-12-08 00:00:00,1.1036666165071725
2020-12-09 00:00:00,1.1036666165071725
2020-12-10 00:00:00,1.1036666165071725
2020-12-11 00:00:00,1.1036666165071725
2020-12-14 00:00:00,1.1036666165071725
2020-12-15 00:00:00,1.1036666165071725
2020-12-16 00:00:00,1.1036666165071725
2020-12-17 00:00:00,1.1036666165071725
2020-12-18 00:00:00,1.1036666165071725
2020-12-21 00:00:00,1.1036666165071725
2020-12-22 00:00:00,1.1036666165071725
2020-12-23 00:00:00,1.1036666165071725
2020-12-24 00:00:00,1.1036666165071725
2020-12-28 00:00:00,1.1036666165071725
2020-12-29 00:00:00,1.1036666165071725
2020-12-30 00:00:00,1.1036666165071725
2020-12-31 00:00:00,1.1036666165071725
2021-01-04 00:00:00,1.1036666165071725
2021-01-05 00:00:00,1.1036666165071725
2021-01-06 00:00:00,1.1036666165071725
2021-01-07 00:00:00,1.1036666165071725
2021-01-08 00:00:00,1.1036666165071725
2021-01-11 00:00:00,1.1036666165071725
2021-01-12 00:00:00,1.1036666165071725
2021-01-13 00:00:00,1.1036666165071725
2021-01-14 00:00:00,1.1036666165071725
2021-01-15 00:00:00,1.1036666165071725
2021-01-19 00:00:00,1.1036666165071725
2021-01-20 00:00:00,1.1036666165071725
2021-01-21 00:00:00,1.1036666165071725
2021-01-22 00:00:00,1.1036666165071725
2021-01-25 00:00:00,1.1036666165071725
2021-01-26 00:00:00,1.1036666165071725
2021-01-27 00:00:00,1.1036666165071725
2021-01-28 00:00:00,1.1036666165071725
2021-01-29 00:00:00,1.1036666165071725
2021-02-01 00:00:00,1.1036666165071725
2021-02-02 00:00:00,1.1036666165071725
2021-02-03 00:00:00,1.1036666165071725
2021-02-04 00:00:00,1.1036666165071725
2021-02-05 00:00:00,1.1036666165071725
2021-02-08 00:00:00,1.1036666165071725
2021-02-09 00:00:00,1.1036666165071725
2021-02-10 00:00:00,1.1036666165071725
2021-02-11 00:00:00,1.1036666165071725
2021-02-12 00:00:00,1.1036666165071725
2021-02-16 00:00:00,1.1036666165071725
2021-02-17 00:00:00,1.1036666165071725
2021-02-18 00:00:00,1.1036666165071725
2021-02-19 00:00:00,1.1036666165071725
2021-02-22 00:00:00,1.1036666165071725
2021-02-23 00:00:00,1.1036666165071725
2021-02-24 00:00:00,1.1036666165071725
2021-02-25 00:00:00,1.1036666165071725
2021-02-26 00:00:00,1.1036666165071725
2021-03-01 00:00:00,1.1036666165071725
2021-03-02 00:00:00,1.1036666165071725
2021-03-03 00:00:00,1.1036666165071725
2021-03-04 00:00:00,1.1036666165071725
2021-03-05 00:00:00,1.1036666165071725
2021-03-08 00:00:00,1.1036666165071725
2021-03-09 00:00:00,1.1036666165071725
2021-03-10 00:00:00,1.1036666165071725
2021-03-11 00:00:00,1.1036666165071725
2021-03-12 00:00:00,1.1036666165071725
2021-03-15 00:00:00,1.1036666165071725
2021-03-16 00:00:00,1.1036666165071725
2021-03-17 00:00:00,1.1036666165071725
2021-03-18 00:00:00,1.1036666165071725
2021-03-19 00:00:00,1.1036666165071725
2021-03-22 00:00:00,1.1036666165071725
2021-03-23 00:00:00,1.1036666165071725
2021-03-24 00:00:00,1.1036666165071725
2021-03-25 00:00:00,1.1036666165071725
2021-03-26 00:00:00,1.1036666165071725
2021-03-29 00:00:00,1.1036666165071725
2021-03-30 00:00:00,1.1036666165071725
2021-03-31 00:00:00,1.1036666165071725
2021-04-01 00:00:00,1.1036666165071725
2021-04-05 00:00:00,1.1036666165071725
2021-04-06 00:00:00,1.1036666165071725
2021-04-07 00:00:00,1.1036666165071725
2021-04-08 00:00:00,1.1036666165071725
2021-04-09 00:00:00,1.1036666165071725
2021-04-12 00:00:00,1.1036666165071725
2021-04-13 00:00:00,1.1036666165071725
2021-04-14 00:00:00,1.1036666165071725
2021-04-15 00:00:00,1.1036666165071725
2021-04-16 00:00:00,1.1036666165071725
2021-04-19 00:00:00,1.1036666165071725
2021-04-20 00:00:00,1.1036666165071725
2021-04-21 00:00:00,1.1036666165071725
2021-04-22 00:00:00,1.1036666165071725
2021-04-23 00:00:00,1.1036666165071725
2021-04-26 00:00:00,1.1036666165071725
2021-04-27 00:00:00,1.1036666165071725
2021-04-28 00:00:00,1.1036666165071725
2021-04-29 00:00:00,1.1051245644814223
2021-04-30 00:00:00,1.1151463079346575
2021-05-03 00:00:00,1.1021648722386166
2021-05-04 00:00:00,1.1160744769565183
2021-05-05 00:00:00,1.1029310470411164
2021-05-06 00:00:00,1.0939994668291029
2021-05-07 00:00:00,1.0884697652236726
2021-05-10 00:00:00,1.090715786147575
2021-05-11 00:00:00,1.1096472116656708
2021-05-12 00:00:00,1.1472079724102928
2021-05-13 00:00:00,1.1384383864176408
2021-05-14 00:00:00,1.1215690894569335
2021-05-17 00:00:00,1.130618867594002
2021-05-18 00:00:00,1.1169894550205166
2021-05-19 00:00:00,1.1224753603316413
2021-05-20 00:00:00,1.1125718148034611
2021-05-21 00:00:00,1.1065561305399476
2021-05-24 00:00:00,1.1016744058119616
2021-05-25 00:00:00,1.1042444151745865
2021-05-26 00:00:00,1.101792603737017
2021-05-27 00:00:00,1.1009607344930585
2021-05-28 00:00:00,1.0959170155457114
2021-06-01 00:00:00,1.102860868831086
2021-06-02 00:00:00,1.0926333348641837
2021-06-03 00:00:00,1.0922874482783087
2021-06-04 00:00:00,1.0801159836790732
2021-06-07 00:00:00,1.0757202416091707
2021-06-08 00:00:00,1.081206146920295
2021-06-09 00:00:00,1.0839826665137613
2021-06-10 00:00:00,1.0839826665137613
2021-06-11 00:00:00,1.0839826665137613
2021-06-14 00:00:00,1.0839826665137613
2021-06-15 00:00:00,1.0839826665137613
2021-06-16 00:00:00,1.0839826665137613
2021-06-17 00:00:00,1.0839826665137613
2021-06-18 00:00:00,1.0863950908457654
2021-06-21 00:00:00,1.0749547747483572
2021-06-22 00:00:00,1.0736466408453655
2021-06-23 00:00:00,1.0819882042703897
2021-06-24 00:00:00,1.0724778276385847
2021-06-25 00:00:00,1.0674706430931868
2021-06-28 00:00:00,1.0719523275870046
2021-06-29 00:00:00,1.0711266785504139
2021-06-30 00:00:00,1.0815590097298413
2021-07-01 00:00:00,1.082341643581253
2021-07-02 00:00:00,1.0755653478590526
2021-07-06 00:00:00,1.0795645474864695
2021-07-07 00:00:00,1.0790605550274792
2021-07-08 00:00:00,1.095926017758917
2021-07-09 00:00:00,1.0671162464710806
2021-07-12 00:00:00,1.063878173102486
2021-07-13 00:00:00,1.067394887863502
2021-07-14 00:00:00,1.0619052184517037
2021-07-15 00:00:00,1.075393287118336
2021-07-16 00:00:00,1.0864689314529645
2021-07-19 00:00:00,1.1018869395852
2021-07-20 00:00:00,1.08915999717739
2021-07-21 00:00:00,1.0814187317223878
2021-07-22 00:00:00,1.0820405372849993
2021-07-23 00:00:00,1.0759075547179995
2021-07-26 00:00:00,1.0797459260566165
2021-07-27 00:00:00,1.0856750651496365
2021-07-28 00:00:00,1.0798637391602375
2021-07-29 00:00:00,1.0761431809252422
2021-07-30 00:00:00,1.0880229667038717
2021-08-02 00:00:00,1.077547620339265
2021-08-03 00:00:00,1.0694846983066624
2021-08-04 00:00:00,1.0807211709300912
2021-08-05 00:00:00,1.0742665317854914
2021-08-06 00:00:00,1.0764966202361055
2021-08-09 00:00:00,1.0771184257987167
2021-08-10 00:00:00,1.0764536050509264
2021-08-11 00:00:00,1.062922521199115
2021-08-12 00:00:00,1.066600064248931
2021-08-13 00:00:00,1.0648583372793339
2021-08-16 00:00:00,1.0648583372793339
2021-08-17 00:00:00,1.0648583372793339
2021-08-18 00:00:00,1.068802257047035
2021-08-19 00:00:00,1.0788775635107375
2021-08-20 00:00:00,1.0780676514155847
2021-08-23 00:00:00,1.0641639256916635
2021-08-24 00:00:00,1.0546773901075681
2021-08-25 00:00:00,1.05670710024516
2021-08-26 00:00:00,1.062207459778329
2021-08-27 00:00:00,1.054771762473438
2021-08-30 00:00:00,1.0561704454481977
2021-08-31 00:00:00,1.0504700728410952
2021-09-01 00:00:00,1.0337063270689923
2021-09-02 00:00:00,1.0337063270689923
2021-09-03 00:00:00,1.0337063270689923
2021-09-07 00:00:00,1.0337063270689923
2021-09-08 00:00:00,1.0337063270689923
2021-09-09 00:00:00,1.0337063270689923
2021-09-10 00:00:00,1.0337063270689923
2021-09-13 00:00:00,1.0337063270689923
2021-09-14 00:00:00,1.0337063270689923
2021-09-15 00:00:00,1.0337063270689923
2021-09-16 00:00:00,1.0337063270689923
2021-09-17 00:00:00,1.0337063270689923
2021-09-20 00:00:00,1.0337063270689923
2021-09-21 00:00:00,1.0337063270689923
2021-09-22 00:00:00,1.0337063270689923
2021-09-23 00:00:00,1.0337063270689923
2021-09-24 00:00:00,1.0337063270689923
2021-09-27 00:00:00,1.0337063270689923
2021-09-28 00:00:00,1.0337063270689923
2021-09-29 00:00:00,1.0337063270689923
2021-09-30 00:00:00,1.0337063270689923
2021-10-01 00:00:00,1.0337063270689923
2021-10-04 00:00:00,1.0337063270689923
2021-10-05 00:00:00,1.0337063270689923
2021-10-06 00:00:00,1.0337063270689923
2021-10-07 00:00:00,1.030664672435863
2021-10-08 00:00:00,1.0353587270710414
2021-10-11 00:00:00,1.0307757350751754
2021-10-12 00:00:00,1.037446865221888
2021-10-13 00:00:00,1.0380346861023417
2021-10-14 00:00:00,1.028280881230156
2021-10-15 00:00:00,1.0173104145047185
2021-10-18 00:00:00,1.0224607173348663
2021-10-19 00:00:00,1.0159006498274663
2021-10-20 00:00:00,1.0169447189028895
2021-10-21 00:00:00,1.0351741366554934
2021-10-22 00:00:00,1.0266369936365594
2021-10-25 00:00:00,1.026160235395418
2021-10-26 00:00:00,1.0259876426175896
2021-10-27 00:00:00,1.0335712691542407
2021-10-28 00:00:00,1.0253382915986196
2021-10-29 00:00:00,1.026838608869012
2021-11-01 00:00:00,1.0111535774622242
2021-11-02 00:00:00,1.0123497292693042
2021-11-03 00:00:00,1.0059417444935608
2021-11-04 00:00:00,0.9983170978645655
2021-11-05 00:00:00,0.996927843233485
2021-11-08 00:00:00,0.9991885741621601
2021-11-09 00:00:00,1.0058597043088726
2021-11-10 00:00:00,1.022416212013255
2021-11-11 00:00:00,1.0163123927008246
2021-11-12 00:00:00,1.001083609489006
2021-11-15 00:00:00,1.001975595832773
2021-11-16 00:00:00,1.0040842440297915
2021-11-17 00:00:00,1.011254388035615
2021-11-18 00:00:00,1.011254388035615
2021-11-19 00:00:00,1.011254388035615
2021-11-22 00:00:00,1.011254388035615
2021-11-23 00:00:00,1.011254388035615
2021-11-24 00:00:00,1.011254388035615
2021-11-26 00:00:00,1.0208283940761889
2021-11-29 00:00:00,1.0179660464617022
2021-11-30 00:00:00,1.0302126771299964
2021-12-01 00:00:00,1.035428397112244
2021-12-02 00:00:00,1.0205985419470402
2021-12-03 00:00:00,1.0147443174448743
2021-12-06 00:00:00,1.014125877496147
2021-12-07 00:00:00,0.9906195793566733
2021-12-08 00:00:00,0.9917962655405538
2021-12-09 00:00:00,1.0001534562548646
2021-12-10 00:00:00,0.9986374532398338
2021-12-13 00:00:00,1.0216548407037735
2021-12-14 00:00:00,1.0228315268876542
2021-12-15 00:00:00,1.0056081702123068
2021-12-16 00:00:00,1.0043913548860437
2021-12-17 00:00:00,1.016787579398722
2021-12-20 00:00:00,1.0252943639574168
2021-12-21 00:00:00,1.019440139455251
2021-12-22 00:00:00,1.0177745425958362
2021-12-23 00:00:00,1.0138650380706618
2021-12-27 00:00:00,1.0147425365657745
2021-12-28 00:00:00,1.0135257212395115
2021-12-29 00:00:00,1.0182926596886073
2021-12-30 00:00:00,1.0211148781607116
2021-12-31 00:00:00,1.0203468443676005
2022-01-03 00:00:00,1.0192796228857215
2022-01-04 00:00:00,1.0060953000087414
2022-01-05 00:00:00,1.0107126446134531
2022-01-06 00:00:00,1.0181722722614603
2022-01-07 00:00:00,1.0245847429987796
2022-01-10 00:00:00,1.0269581799377319
2022-01-11 00:00:00,1.0191592354585743
2022-01-12 00:00:00,1.0047781618265226
2022-01-13 00:00:00,1.014930478673441
2022-01-14 00:00:00,1.0161071648573214
2022-01-18 00:00:00,1.0319440477908308
2022-01-19 00:00:00,1.044190678459125
2022-01-20 00:00:00,1.0485088353750687
2022-01-21 00:00:00,1.0522286169134767
2022-01-24 00:00:00,1.0563971799850367
2022-01-25 00:00:00,1.0598177738346768
2022-01-26 00:00:00,1.0731115614136586
2022-01-27 00:00:00,1.0865549428370245
2022-01-28 00:00:00,1.082944626000618
2022-01-31 00:00:00,1.0630285801263593
2022-02-01 00:00:00,1.0627093278664002
2022-02-02 00:00:00,1.0480290665455803
2022-02-03 00:00:00,1.0683537648106085
2022-02-04 00:00:00,1.060854008020219
2022-02-07 00:00:00,1.0602355680714919
2022-02-08 00:00:00,1.054680531258094
2022-02-09 00:00:00,1.0413466145367298
2022-02-10 00:00:00,1.056884309781471
2022-02-11 00:00:00,1.0646431251182462
2022-02-14 00:00:00,1.064623060547055
2022-02-15 00:00:00,1.053981833024602
2022-02-16 00:00:00,1.053812174609027
2022-02-17 00:00:00,1.0680035252543127
2022-02-18 00:00:00,1.069479399126961
2022-02-22 00:00:00,1.0770886206193524
2022-02-23 00:00:00,1.086792155933119
2022-02-24 00:00:00,1.0921574697597507
2022-02-25 00:00:00,1.0705958915972682
2022-02-28 00:00:00,1.079701051533499
2022-03-01 00:00:00,1.0925460575793289
2022-03-02 00:00:00,1.0893845222760745
2022-03-03 00:00:00,1.0940018668807863
2022-03-04 00:00:00,1.1059493098603124
2022-03-07 00:00:00,1.138091921831674
2022-03-08 00:00:00,1.15078733403312
2022-03-09 00:00:00,1.127281035893646
2022-03-10 00:00:00,1.131000817432054
2022-03-11 00:00:00,1.1453417619217237
2022-03-14 00:00:00,1.1441249465954608
2022-03-15 00:00:00,1.1297438729634088
2022-03-16 00:00:00,1.1098278270891502
2022-03-17 00:00:00,1.1012809133880728
2022-03-18 00:00:00,1.0894429351105481
2022-03-21 00:00:00,1.0897220582281248
2022-03-22 00:00:00,1.0868597106136384
2022-03-23 00:00:00,1.092374618284654
2022-03-24 00:00:00,1.082182172295353
2022-03-25 00:00:00,1.0823117015685457
2022-03-28 00:00:00,1.0963534583694476
2022-03-29 00:00:00,1.0780829447834124
2022-03-30 00:00:00,1.087936073941563
2022-03-31 00:00:00,1.0991355476991693
2022-04-01 00:00:00,1.0943284801076911
2022-04-04 00:00:00,1.0868287233173017
2022-04-05 00:00:00,1.111192455380697
2022-04-06 00:00:00,1.1247854306484468
2022-04-07 00:00:00,1.127906836809319
2022-04-08 00:00:00,1.131626618347727
2022-04-11 00:00:00,1.1455187813042447
2022-04-12 00:00:00,1.157017442750619
2022-04-13 00:00:00,1.1445810890955586
2022-04-14 00:00:00,1.1469545260345109
2022-04-18 00:00:00,1.1574060305701974
2022-04-19 00:00:00,1.1572363721546222
2022-04-20 00:00:00,1.1491382399866967
2022-04-21 00:00:00,1.156298679945936
2022-04-22 00:00:00,1.1691436859917659
2022-04-25 00:00:00,1.163887836867136
2022-04-26 00:00:00,1.1819686274664047
2022-04-27 00:00:00,1.178657498318766
2022-04-28 00:00:00,1.1632292677760265
2022-04-29 00:00:00,1.1733815846229452
2022-05-02 00:00:00,1.173660707740522
2022-05-03 00:00:00,1.1669089201720522
2022-05-04 00:00:00,1.1517798773180803
2022-05-05 00:00:00,1.1755452340039398
2022-05-06 00:00:00,1.1722341048563014
2022-05-09 00:00:00,1.1961490553865448
2022-05-10 00:00:00,1.194932240060282
2022-05-11 00:00:00,1.2038878061521288
2022-05-12 00:00:00,1.1947425170735158
2022-05-13 00:00:00,1.1776687542425521
2022-05-16 00:00:00,1.18213650500288
2022-05-17 00:00:00,1.1759830928119461
2022-05-18 00:00:00,1.1840410958374892
2022-05-19 00:00:00,1.1768405267358677
2022-05-20 00:00:00,1.1660497053690309
2022-05-23 00:00:00,1.1578019793567216
2022-05-24 00:00:00,1.1610729793619776
2022-05-25 00:00:00,1.159257788658179
2022-05-26 00:00:00,1.152506001089709
2022-05-27 00:00:00,1.147250151965079
2022-05-31 00:00:00,1.1583000318783014
2022-06-01 00:00:00,1.1578311857739585
2022-06-02 00:00:00,1.1489850843841132
2022-06-03 00:00:00,1.167065874983382
2022-06-06 00:00:00,1.1624084012362879
2022-06-07 00:00:00,1.1596956474661853
2022-06-08 00:00:00,1.1708951212237917
2022-06-09 00:00:00,1.1850864718690772
2022-06-10 00:00:00,1.2001753855806667
2022-06-13 00:00:00,1.2230431792002225
2022-06-14 00:00:00,1.228408493026854
2022-06-15 00:00:00,1.2195623916370089
2022-06-16 00:00:00,1.2322578038384548
2022-06-17 00:00:00,1.2409141822415337
2022-06-21 00:00:00,1.2328160500736083
2022-06-22 00:00:00,1.2366854254564001
2022-06-23 00:00:00,1.2318783578649222
2022-06-24 00:00:00,1.2163005334777983
2022-06-27 00:00:00,1.2233113795926536
2022-06-28 00:00:00,1.2244880657765342
2022-06-29 00:00:00,1.2280582534705582
2022-06-30 00:00:00,1.2292349396544389
2022-07-01 00:00:00,1.2259238105068004
2022-07-05 00:00:00,1.230989936644664
2022-07-06 00:00:00,1.2311194659178568
2022-07-07 00:00:00,1.219879863017868
2022-07-08 00:00:00,1.21582076464831
2022-07-11 00:00:00,1.2267210507171482
2022-07-12 00:00:00,1.226401798457189
2022-07-13 00:00:00,1.230570361528749
2022-07-14 00:00:00,1.238329176865524
2022-07-15 00:00:00,1.2300814508532147
2022-07-18 00:00:00,1.2285654478381838
2022-07-19 00:00:00,1.2171762510938113
2022-07-20 00:00:00,1.2137155281017888
2022-07-21 00:00:00,1.2035230821124878
2022-07-22 00:00:00,1.2009599221867693
2022-07-25 00:00:00,1.2010894514599622
2022-07-26 00:00:00,1.210045017551809
2022-07-27 00:00:00,1.1937192239427654
2022-07-28 00:00:00,1.1869674363742955
2022-07-29 00:00:00,1.1791684918951382
2022-08-01 00:00:00,1.1683776705283015
2022-08-02 00:00:00,1.1845137411505786
2022-08-03 00:00:00,1.1862888027119949
2022-08-04 00:00:00,1.1865679258295718
2022-08-05 00:00:00,1.1916340519674355
2022-08-08 00:00:00,1.1919131750850123
2022-08-09 00:00:00,1.2001207719549392
2022-08-10 00:00:00,1.1766144738154651
2022-08-11 00:00:00,1.1721508736906927
2022-08-12 00:00:00,1.1721508736906927
2022-08-15 00:00:00,1.1721508736906927
2022-08-16 00:00:00,1.1721508736906927
2022-08-17 00:00:00,1.1721508736906927
2022-08-18 00:00:00,1.1721508736906927
2022-08-19 00:00:00,1.1721508736906927
2022-08-22 00:00:00,1.1721508736906927
2022-08-23 00:00:00,1.1721508736906927
2022-08-24 00:00:00,1.1721508736906927
2022-08-25 00:00:00,1.1721508736906927
2022-08-26 00:00:00,1.1721508736906927
2022-08-29 00:00:00,1.1721508736906927
2022-08-30 00:00:00,1.1721508736906927
2022-08-31 00:00:00,1.1721508736906927
2022-09-01 00:00:00,1.1721508736906927
2022-09-02 00:00:00,1.1721508736906927
2022-09-06 00:00:00,1.1805040289924178
2022-09-07 00:00:00,1.1822868596634435
2022-09-08 00:00:00,1.168266423547422
2022-09-09 00:00:00,1.1461185930837767
2022-09-12 00:00:00,1.1456438142137957
2022-09-13 00:00:00,1.1851287242196338
2022-09-14 00:00:00,1.1683991566544047
2022-09-15 00:00:00,1.1776320988107525
2022-09-16 00:00:00,1.1785118856653756
2022-09-19 00:00:00,1.1746506924838847
2022-09-20 00:00:00,1.1868185270435414
2022-09-21 00:00:00,1.2001151663737013
2022-09-22 00:00:00,1.1910614712478949
2022-09-23 00:00:00,1.2142915925584847
2022-09-26 00:00:00,1.2325549728788596
2022-09-27 00:00:00,1.2417879150352076
2022-09-28 00:00:00,1.2209946502961662
2022-09-29 00:00:00,1.231807919131219
2022-09-30 00:00:00,1.2410408612875667
2022-10-03 00:00:00,1.2211506403649282
2022-10-04 00:00:00,1.1852313917011417
2022-10-05 00:00:00,1.1973992262607982
2022-10-06 00:00:00,1.2077609731876497
2022-10-07 00:00:00,1.2192515248850044
2022-10-10 00:00:00,1.2237434870052382
2022-10-11 00:00:00,1.235234038702593
2022-10-12 00:00:00,1.2433381760884377
2022-10-13 00:00:00,1.2336071981003291
2022-10-14 00:00:00,1.2496129688796973
2022-10-17 00:00:00,1.2385274251669847
2022-10-18 00:00:00,1.2423421044249165
2022-10-19 00:00:00,1.2490916760861575
2022-10-20 00:00:00,1.2499714629407803
2022-10-21 00:00:00,1.2307585248804436
2022-10-24 00:00:00,1.2379596184498856
2022-10-25 00:00:00,1.2126511346288307
2022-10-26 00:00:00,1.2060808099981315
2022-10-27 00:00:00,1.2202804931446944
2022-10-28 00:00:00,1.208291905615579
2022-10-31 00:00:00,1.2148157163227191
2022-11-01 00:00:00,1.206213543105114
2022-11-02 00:00:00,1.2136403976286565
2022-11-03 00:00:00,1.2167777940242863
2022-11-04 00:00:00,1.1948557245147415
2022-11-07 00:00:00,1.1882853998840426
2022-11-08 00:00:00,1.171555832318813
2022-11-09 00:00:00,1.1913995393178927
2022-11-10 00:00:00,1.1270344104374217
2022-11-11 00:00:00,1.1116420701555212
2022-11-14 00:00:00,1.1116420701555212
2022-11-15 00:00:00,1.1116420701555212
2022-11-16 00:00:00,1.1116420701555212
2022-11-17 00:00:00,1.1116420701555212
2022-11-18 00:00:00,1.1116420701555212
2022-11-21 00:00:00,1.1116420701555212
2022-11-22 00:00:00,1.1116420701555212
2022-11-23 00:00:00,1.1116420701555212
2022-11-25 00:00:00,1.1116420701555212
2022-11-28 00:00:00,1.1116420701555212
2022-11-29 00:00:00,1.1116420701555212
2022-11-30 00:00:00,1.1116420701555212
2022-12-01 00:00:00,1.1116420701555212
2022-12-02 00:00:00,1.1116420701555212
2022-12-05 00:00:00,1.1116420701555212
2022-12-06 00:00:00,1.1116420701555212
2022-12-07 00:00:00,1.1116420701555212
2022-12-08 00:00:00,1.1116420701555212
2022-12-09 00:00:00,1.1116420701555212
2022-12-12 00:00:00,1.1116420701555212
2022-12-13 00:00:00,1.1116420701555212
2022-12-14 00:00:00,1.1116420701555212
2022-12-15 00:00:00,1.1116420701555212
2022-12-16 00:00:00,1.1116420701555212
2022-12-19 00:00:00,1.1116420701555212
2022-12-20 00:00:00,1.1116420701555212
2022-12-21 00:00:00,1.1116420701555212
2022-12-22 00:00:00,1.1116420701555212
2022-12-23 00:00:00,1.1116420701555212
2022-12-27 00:00:00,1.1116420701555212
2022-12-28 00:00:00,1.1116420701555212
2022-12-29 00:00:00,1.1116420701555212
2022-12-30 00:00:00,1.1116420701555212
2023-01-03 00:00:00,1.1116420701555212
2023-01-04 00:00:00,1.1116420701555212
2023-01-05 00:00:00,1.1116420701555212
2023-01-06 00:00:00,1.1116420701555212
2023-01-09 00:00:00,1.1116420701555212
2023-01-10 00:00:00,1.1116420701555212
2023-01-11 00:00:00,1.1116420701555212
2023-01-12 00:00:00,1.1116420701555212
2023-01-13 00:00:00,1.1116420701555212
2023-01-17 00:00:00,1.1116420701555212
2023-01-18 00:00:00,1.1116420701555212
2023-01-19 00:00:00,1.1116420701555212
2023-01-20 00:00:00,1.1116420701555212
2023-01-23 00:00:00,1.1116420701555212
2023-01-24 00:00:00,1.1116420701555212
2023-01-25 00:00:00,1.1116420701555212
2023-01-26 00:00:00,1.1116420701555212
2023-01-27 00:00:00,1.1116420701555212
2023-01-30 00:00:00,1.1116420701555212
2023-01-31 00:00:00,1.1116420701555212
2023-02-01 00:00:00,1.1116420701555212
2023-02-02 00:00:00,1.1116420701555212
2023-02-03 00:00:00,1.1116420701555212
2023-02-06 00:00:00,1.1116420701555212
2023-02-07 00:00:00,1.1116420701555212
2023-02-08 00:00:00,1.1116420701555212
2023-02-09 00:00:00,1.1116420701555212
2023-02-10 00:00:00,1.1116420701555212
2023-02-13 00:00:00,1.1116420701555212
2023-02-14 00:00:00,1.1116420701555212
2023-02-15 00:00:00,1.1116420701555212
2023-02-16 00:00:00,1.1116420701555212
2023-02-17 00:00:00,1.1116420701555212
2023-02-21 00:00:00,1.1116420701555212
2023-02-22 00:00:00,1.1116420701555212
2023-02-23 00:00:00,1.1116420701555212
2023-02-24 00:00:00,1.1116420701555212
2023-02-27 00:00:00,1.1116420701555212
2023-02-28 00:00:00,1.1116420701555212
2023-03-01 00:00:00,1.1116420701555212
2023-03-02 00:00:00,1.1116420701555212
2023-03-03 00:00:00,1.1116420701555212
2023-03-06 00:00:00,1.1116420701555212
2023-03-07 00:00:00,1.1116420701555212
2023-03-08 00:00:00,1.1116420701555212
2023-03-09 00:00:00,1.1116420701555212
2023-03-10 00:00:00,1.1116420701555212
2023-03-13 00:00:00,1.1116420701555212
2023-03-14 00:00:00,1.1116420701555212
2023-03-15 00:00:00,1.1116420701555212
2023-03-16 00:00:00,1.1116420701555212
2023-03-17 00:00:00,1.1116420701555212
2023-03-20 00:00:00,1.1116420701555212
2023-03-21 00:00:00,1.1116420701555212
2023-03-22 00:00:00,1.1116420701555212
2023-03-23 00:00:00,1.1116420701555212
2023-03-24 00:00:00,1.1116420701555212
2023-03-27 00:00:00,1.1116420701555212
2023-03-28 00:00:00,1.1116420701555212
2023-03-29 00:00:00,1.1116420701555212
2023-03-30 00:00:00,1.1116420701555212
2023-03-31 00:00:00,1.1116420701555212
2023-04-03 00:00:00,1.1116420701555212
2023-04-04 00:00:00,1.1116420701555212
2023-04-05 00:00:00,1.1116420701555212
2023-04-06 00:00:00,1.1116420701555212
2023-04-10 00:00:00,1.1116420701555212
2023-04-11 00:00:00,1.1116420701555212
2023-04-12 00:00:00,1.1116420701555212
2023-04-13 00:00:00,1.1116420701555212
2023-04-14 00:00:00,1.1116420701555212
2023-04-17 00:00:00,1.1116420701555212
2023-04-18 00:00:00,1.1116420701555212
2023-04-19 00:00:00,1.1116420701555212
2023-04-20 00:00:00,1.1116420701555212
2023-04-21 00:00:00,1.1116420701555212
2023-04-24 00:00:00,1.1116420701555212
2023-04-25 00:00:00,1.1116420701555212
2023-04-26 00:00:00,1.1116420701555212
2023-04-27 00:00:00,1.1116420701555212
2023-04-28 00:00:00,1.1116420701555212
2023-05-01 00:00:00,1.1116420701555212
2023-05-02 00:00:00,1.1116420701555212
2023-05-03 00:00:00,1.1116420701555212
2023-05-04 00:00:00,1.1116420701555212
2023-05-05 00:00:00,1.1116420701555212
2023-05-08 00:00:00,1.1116420701555212
2023-05-09 00:00:00,1.1116420701555212
2023-05-10 00:00:00,1.1116420701555212
2023-05-11 00:00:00,1.1116420701555212
2023-05-12 00:00:00,1.1116420701555212
2023-05-15 00:00:00,1.1116420701555212
2023-05-16 00:00:00,1.1116420701555212
2023-05-17 00:00:00,1.1116420701555212
2023-05-18 00:00:00,1.1116420701555212
2023-05-19 00:00:00,1.1116420701555212
2023-05-22 00:00:00,1.1116420701555212
2023-05-23 00:00:00,1.1116420701555212
2023-05-24 00:00:00,1.1116420701555212
2023-05-25 00:00:00,1.1116420701555212
2023-05-26 00:00:00,1.1116420701555212
2023-05-30 00:00:00,1.1116420701555212
2023-05-31 00:00:00,1.1116420701555212
2023-06-01 00:00:00,1.1116420701555212
2023-06-02 00:00:00,1.1116420701555212
2023-06-05 00:00:00,1.1116420701555212
2023-06-06 00:00:00,1.1116420701555212
2023-06-07 00:00:00,1.1116420701555212
2023-06-08 00:00:00,1.1116420701555212
2023-06-09 00:00:00,1.1116420701555212
2023-06-12 00:00:00,1.1116420701555212
2023-06-13 00:00:00,1.1116420701555212
2023-06-14 00:00:00,1.1116420701555212
2023-06-15 00:00:00,1.1116420701555212
2023-06-16 00:00:00,1.1116420701555212
2023-06-20 00:00:00,1.1116420701555212
2023-06-21 00:00:00,1.1116420701555212
2023-06-22 00:00:00,1.1116420701555212
2023-06-23 00:00:00,1.1116420701555212
2023-06-26 00:00:00,1.1116420701555212
2023-06-27 00:00:00,1.1116420701555212
2023-06-28 00:00:00,1.1116420701555212
2023-06-29 00:00:00,1.1116420701555212
2023-06-30 00:00:00,1.1116420701555212
2023-07-03 00:00:00,1.1116420701555212
2023-07-05 00:00:00,1.1116420701555212
2023-07-06 00:00:00,1.1116420701555212
2023-07-07 00:00:00,1.1116420701555212
2023-07-10 00:00:00,1.1116420701555212
2023-07-11 00:00:00,1.1116420701555212
2023-07-12 00:00:00,1.1116420701555212
2023-07-13 00:00:00,1.1116420701555212
2023-07-14 00:00:00,1.1116420701555212
2023-07-17 00:00:00,1.1116420701555212
2023-07-18 00:00:00,1.1116420701555212
2023-07-19 00:00:00,1.1116420701555212
2023-07-20 00:00:00,1.1116420701555212
2023-07-21 00:00:00,1.1116420701555212
2023-07-24 00:00:00,1.1116420701555212
2023-07-25 00:00:00,1.1116420701555212
2023-07-26 00:00:00,1.1116420701555212
2023-07-27 00:00:00,1.1116420701555212
2023-07-28 00:00:00,1.1116420701555212
2023-07-31 00:00:00,1.1116420701555212
2023-08-01 00:00:00,1.1116420701555212
2023-08-02 00:00:00,1.1116420701555212
2023-08-03 00:00:00,1.1116420701555212
2023-08-04 00:00:00,1.1116420701555212
2023-08-07 00:00:00,1.1116420701555212
2023-08-08 00:00:00,1.1116420701555212
2023-08-09 00:00:00,1.1116420701555212
2023-08-10 00:00:00,1.1116420701555212
2023-08-11 00:00:00,1.1116420701555212
2023-08-14 00:00:00,1.1116420701555212
2023-08-15 00:00:00,1.1116420701555212
2023-08-16 00:00:00,1.1116420701555212
2023-08-17 00:00:00,1.1116420701555212
2023-08-18 00:00:00,1.1116420701555212
2023-08-21 00:00:00,1.1107050825711016
2023-08-22 00:00:00,1.1052484981911865
2023-08-23 00:00:00,1.0904220379670746
2023-08-24 00:00:00,1.1052043854106248
2023-08-25 00:00:00,1.0993730059969418
2023-08-28 00:00:00,1.0860457259079013
2023-08-29 00:00:00,1.0781529738084952
2023-08-30 00:00:00,1.0801922901039374
2023-08-31 00:00:00,1.0703557010413975
2023-09-01 00:00:00,1.0703557010413975
2023-09-05 00:00:00,1.0703557010413975
2023-09-06 00:00:00,1.0703557010413975
2023-09-07 00:00:00,1.0703557010413975
2023-09-08 00:00:00,1.0703557010413975
2023-09-11 00:00:00,1.0703557010413975
2023-09-12 00:00:00,1.0703557010413975
2023-09-13 00:00:00,1.0703557010413975
2023-09-14 00:00:00,1.0703557010413975
2023-09-15 00:00:00,1.0703557010413975
2023-09-18 00:00:00,1.0703557010413975
2023-09-19 00:00:00,1.0703557010413975
2023-09-20 00:00:00,1.0703557010413975
2023-09-21 00:00:00,1.0703557010413975
2023-09-22 00:00:00,1.0703557010413975
2023-09-25 00:00:00,1.0703557010413975
2023-09-26 00:00:00,1.0703557010413975
2023-09-27 00:00:00,1.0703557010413975
2023-09-28 00:00:00,1.0703557010413975
2023-09-29 00:00:00,1.0703557010413975
2023-10-02 00:00:00,1.0703557010413975
2023-10-03 00:00:00,1.0712661771395955
2023-10-04 00:00:00,1.0828990339802373
2023-10-05 00:00:00,1.062118941725036
2023-10-06 00:00:00,1.0593662762141518
2023-10-09 00:00:00,1.0562494202639887
2023-10-10 00:00:00,1.0420247559158116
2023-10-11 00:00:00,1.0447349469941145
2023-10-12 00:00:00,1.0328135686601145
2023-10-13 00:00:00,1.0391878976076416
2023-10-16 00:00:00,1.0358941012207945
2023-10-17 00:00:00,1.0338062589591555
2023-10-18 00:00:00,1.0499800077363772
2023-10-19 00:00:00,1.0573675193156564
2023-10-20 00:00:00,1.06406591425196
2023-10-23 00:00:00,1.066457330169664
2023-10-24 00:00:00,1.0600625088894258
2023-10-25 00:00:00,1.0640044372538253
2023-10-26 00:00:00,1.0775939986198877
2023-10-27 00:00:00,1.0693041065714657
2023-10-30 00:00:00,1.0618756103267633
2023-10-31 00:00:00,1.0496232975812296
2023-11-01 00:00:00,1.032202610013377
2023-11-02 00:00:00,1.0152987599277563
2023-11-03 00:00:00,0.9926439959494912
2023-11-06 00:00:00,0.9926439959494912
2023-11-07 00:00:00,0.9926439959494912
2023-11-08 00:00:00,0.9964573936289363
2023-11-09 00:00:00,0.9922927008338985
2023-11-10 00:00:00,0.9826566113683525
2023-11-13 00:00:00,0.9831343157482915
2023-11-14 00:00:00,0.963218632538154
2023-11-15 00:00:00,0.9708257325796645
2023-11-16 00:00:00,0.967324239381052
2023-11-17 00:00:00,0.951409937922546
2023-11-20 00:00:00,0.951409937922546
2023-11-21 00:00:00,0.951409937922546
2023-11-22 00:00:00,0.951409937922546
2023-11-24 00:00:00,0.951409937922546
2023-11-27 00:00:00,0.951409937922546
2023-11-28 00:00:00,0.951409937922546
2023-11-29 00:00:00,0.951409937922546
2023-11-30 00:00:00,0.951409937922546
2023-12-01 00:00:00,0.951409937922546
2023-12-04 00:00:00,0.951409937922546
2023-12-05 00:00:00,0.951409937922546
2023-12-06 00:00:00,0.951409937922546
2023-12-07 00:00:00,0.951409937922546
2023-12-08 00:00:00,0.951409937922546
2023-12-11 00:00:00,0.951409937922546
2023-12-12 00:00:00,0.951409937922546
2023-12-13 00:00:00,0.951409937922546
2023-12-14 00:00:00,0.951409937922546
2023-12-15 00:00:00,0.951409937922546
2023-12-18 00:00:00,0.951409937922546
2023-12-19 00:00:00,0.951409937922546
2023-12-20 00:00:00,0.951409937922546
2023-12-21 00:00:00,0.951409937922546
2023-12-22 00:00:00,0.951409937922546
2023-12-26 00:00:00,0.951409937922546
2023-12-27 00:00:00,0.951409937922546
2023-12-28 00:00:00,0.951409937922546
2023-12-29 00:00:00,0.951409937922546
