date,combined_equity
2006-04-28 00:00:00,1.0
2006-05-01 00:00:00,1.0
2006-05-02 00:00:00,1.0
2006-05-03 00:00:00,1.0
2006-05-04 00:00:00,1.0
2006-05-05 00:00:00,1.0
2006-05-08 00:00:00,1.0
2006-05-09 00:00:00,1.0
2006-05-10 00:00:00,1.0
2006-05-11 00:00:00,1.0
2006-05-12 00:00:00,1.0
2006-05-15 00:00:00,1.0
2006-05-16 00:00:00,1.0
2006-05-17 00:00:00,1.0
2006-05-18 00:00:00,1.0
2006-05-19 00:00:00,1.0
2006-05-22 00:00:00,1.0
2006-05-23 00:00:00,1.0
2006-05-24 00:00:00,1.0
2006-05-25 00:00:00,1.0
2006-05-26 00:00:00,1.0
2006-05-30 00:00:00,1.0
2006-05-31 00:00:00,1.0
2006-06-01 00:00:00,1.0
2006-06-02 00:00:00,1.0
2006-06-05 00:00:00,1.0
2006-06-06 00:00:00,1.0
2006-06-07 00:00:00,1.0
2006-06-08 00:00:00,1.0
2006-06-09 00:00:00,1.0
2006-06-12 00:00:00,1.0
2006-06-13 00:00:00,1.0
2006-06-14 00:00:00,1.0
2006-06-15 00:00:00,1.0
2006-06-16 00:00:00,1.0
2006-06-19 00:00:00,1.0
2006-06-20 00:00:00,1.0
2006-06-21 00:00:00,1.0
2006-06-22 00:00:00,1.0
2006-06-23 00:00:00,1.0
2006-06-26 00:00:00,1.0
2006-06-27 00:00:00,1.0
2006-06-28 00:00:00,1.0
2006-06-29 00:00:00,1.0
2006-06-30 00:00:00,1.0
2006-07-03 00:00:00,1.0
2006-07-05 00:00:00,1.0
2006-07-06 00:00:00,1.0
2006-07-07 00:00:00,1.0
2006-07-10 00:00:00,1.0
2006-07-11 00:00:00,1.0
2006-07-12 00:00:00,1.0
2006-07-13 00:00:00,1.0
2006-07-14 00:00:00,1.0
2006-07-17 00:00:00,1.0
2006-07-18 00:00:00,1.0
2006-07-19 00:00:00,1.0
2006-07-20 00:00:00,1.0
2006-07-21 00:00:00,1.0
2006-07-24 00:00:00,1.0
2006-07-25 00:00:00,1.0
2006-07-26 00:00:00,1.0
2006-07-27 00:00:00,1.0
2006-07-28 00:00:00,1.0
2006-07-31 00:00:00,1.0
2006-08-01 00:00:00,1.0
2006-08-02 00:00:00,1.0
2006-08-03 00:00:00,1.0
2006-08-04 00:00:00,1.0
2006-08-07 00:00:00,1.0
2006-08-08 00:00:00,1.0
2006-08-09 00:00:00,1.0
2006-08-10 00:00:00,1.0
2006-08-11 00:00:00,1.0
2006-08-14 00:00:00,1.0
2006-08-15 00:00:00,1.0
2006-08-16 00:00:00,1.0
2006-08-17 00:00:00,1.0
2006-08-18 00:00:00,1.0
2006-08-21 00:00:00,1.0
2006-08-22 00:00:00,1.0
2006-08-23 00:00:00,1.0
2006-08-24 00:00:00,1.0
2006-08-25 00:00:00,1.0
2006-08-28 00:00:00,1.0
2006-08-29 00:00:00,1.0
2006-08-30 00:00:00,1.0
2006-08-31 00:00:00,1.0
2006-09-01 00:00:00,1.0
2006-09-05 00:00:00,1.0
2006-09-06 00:00:00,1.0
2006-09-07 00:00:00,1.0
2006-09-08 00:00:00,1.0
2006-09-11 00:00:00,1.0
2006-09-12 00:00:00,1.0
2006-09-13 00:00:00,1.0
2006-09-14 00:00:00,1.0
2006-09-15 00:00:00,1.0
2006-09-18 00:00:00,1.0
2006-09-19 00:00:00,1.0
2006-09-20 00:00:00,1.0
2006-09-21 00:00:00,1.0
2006-09-22 00:00:00,1.0
2006-09-25 00:00:00,1.0
2006-09-26 00:00:00,1.0
2006-09-27 00:00:00,1.0
2006-09-28 00:00:00,1.0
2006-09-29 00:00:00,1.0
2006-10-02 00:00:00,1.0
2006-10-03 00:00:00,1.0
2006-10-04 00:00:00,1.0
2006-10-05 00:00:00,1.0
2006-10-06 00:00:00,1.0
2006-10-09 00:00:00,1.0
2006-10-10 00:00:00,1.0
2006-10-11 00:00:00,1.0
2006-10-12 00:00:00,1.0
2006-10-13 00:00:00,1.0
2006-10-16 00:00:00,1.0
2006-10-17 00:00:00,1.0
2006-10-18 00:00:00,1.0
2006-10-19 00:00:00,1.0
2006-10-20 00:00:00,1.0
2006-10-23 00:00:00,1.0
2006-10-24 00:00:00,1.0
2006-10-25 00:00:00,1.0
2006-10-26 00:00:00,1.0
2006-10-27 00:00:00,1.0
2006-10-30 00:00:00,1.0
2006-10-31 00:00:00,1.0
2006-11-01 00:00:00,1.0
2006-11-02 00:00:00,1.0
2006-11-03 00:00:00,1.0
2006-11-06 00:00:00,1.0
2006-11-07 00:00:00,1.0
2006-11-08 00:00:00,1.0
2006-11-09 00:00:00,1.0
2006-11-10 00:00:00,1.0
2006-11-13 00:00:00,1.0
2006-11-14 00:00:00,1.0
2006-11-15 00:00:00,1.0
2006-11-16 00:00:00,1.0
2006-11-17 00:00:00,1.0
2006-11-20 00:00:00,1.0
2006-11-21 00:00:00,1.0
2006-11-22 00:00:00,1.0
2006-11-24 00:00:00,1.0
2006-11-27 00:00:00,1.0
2006-11-28 00:00:00,1.0
2006-11-29 00:00:00,1.0
2006-11-30 00:00:00,1.0
2006-12-01 00:00:00,1.0
2006-12-04 00:00:00,1.0
2006-12-05 00:00:00,1.0
2006-12-06 00:00:00,1.0
2006-12-07 00:00:00,1.0
2006-12-08 00:00:00,1.0
2006-12-11 00:00:00,1.0
2006-12-12 00:00:00,1.0
2006-12-13 00:00:00,1.0
2006-12-14 00:00:00,1.0
2006-12-15 00:00:00,1.0
2006-12-18 00:00:00,1.0
2006-12-19 00:00:00,1.0
2006-12-20 00:00:00,1.0
2006-12-21 00:00:00,1.0
2006-12-22 00:00:00,1.0
2006-12-26 00:00:00,1.0
2006-12-27 00:00:00,1.0
2006-12-28 00:00:00,1.0
2006-12-29 00:00:00,1.0
2007-01-03 00:00:00,1.0
2007-01-04 00:00:00,1.0
2007-01-05 00:00:00,1.0
2007-01-08 00:00:00,1.0
2007-01-09 00:00:00,1.0
2007-01-10 00:00:00,1.0
2007-01-11 00:00:00,1.0
2007-01-12 00:00:00,1.0
2007-01-16 00:00:00,1.0
2007-01-17 00:00:00,1.0
2007-01-18 00:00:00,1.0
2007-01-19 00:00:00,1.0
2007-01-22 00:00:00,1.0
2007-01-23 00:00:00,1.0
2007-01-24 00:00:00,1.0
2007-01-25 00:00:00,1.0
2007-01-26 00:00:00,1.0
2007-01-29 00:00:00,1.0
2007-01-30 00:00:00,1.0
2007-01-31 00:00:00,1.0
2007-02-01 00:00:00,1.0
2007-02-02 00:00:00,1.0
2007-02-05 00:00:00,1.0
2007-02-06 00:00:00,1.0
2007-02-07 00:00:00,1.0
2007-02-08 00:00:00,1.0
2007-02-09 00:00:00,1.0
2007-02-12 00:00:00,1.0
2007-02-13 00:00:00,1.0
2007-02-14 00:00:00,1.002023101023332
2007-02-15 00:00:00,0.9979763209478041
2007-02-16 00:00:00,0.9950289517712412
2007-02-20 00:00:00,0.9886128313829593
2007-02-21 00:00:00,1.0113871686170406
2007-02-22 00:00:00,1.0114449715034215
2007-02-23 00:00:00,1.0312713615320763
2007-02-26 00:00:00,1.0411556551032133
2007-02-27 00:00:00,1.0030057500918075
2007-02-28 00:00:00,1.0079767983205665
2007-03-01 00:00:00,0.9753269530694445
2007-03-02 00:00:00,0.9753269530694445
2007-03-05 00:00:00,0.9753269530694445
2007-03-06 00:00:00,0.9753269530694445
2007-03-07 00:00:00,0.9753269530694445
2007-03-08 00:00:00,0.9753269530694445
2007-03-09 00:00:00,0.9753269530694445
2007-03-12 00:00:00,0.9753269530694445
2007-03-13 00:00:00,0.9753269530694445
2007-03-14 00:00:00,0.9753269530694445
2007-03-15 00:00:00,0.9753269530694445
2007-03-16 00:00:00,0.9753269530694445
2007-03-19 00:00:00,0.9753269530694445
2007-03-20 00:00:00,0.9753269530694445
2007-03-21 00:00:00,0.9753269530694445
2007-03-22 00:00:00,0.9753269530694445
2007-03-23 00:00:00,0.9753269530694445
2007-03-26 00:00:00,0.9753269530694445
2007-03-27 00:00:00,0.9753269530694445
2007-03-28 00:00:00,0.9753269530694445
2007-03-29 00:00:00,0.9753269530694445
2007-03-30 00:00:00,0.9753269530694445
2007-04-02 00:00:00,0.9753269530694445
2007-04-03 00:00:00,0.9753269530694445
2007-04-04 00:00:00,0.9753269530694445
2007-04-05 00:00:00,0.9753269530694445
2007-04-09 00:00:00,0.9753269530694445
2007-04-10 00:00:00,0.9753269530694445
2007-04-11 00:00:00,0.9753269530694445
2007-04-12 00:00:00,0.9753269530694445
2007-04-13 00:00:00,0.9753269530694445
2007-04-16 00:00:00,0.9753269530694445
2007-04-17 00:00:00,0.9753269530694445
2007-04-18 00:00:00,0.9753269530694445
2007-04-19 00:00:00,0.9753269530694445
2007-04-20 00:00:00,0.9753269530694445
2007-04-23 00:00:00,0.9753269530694445
2007-04-24 00:00:00,0.9753269530694445
2007-04-25 00:00:00,0.9753269530694445
2007-04-26 00:00:00,0.9753269530694445
2007-04-27 00:00:00,0.9753269530694445
2007-04-30 00:00:00,0.9753269530694445
2007-05-01 00:00:00,0.9753269530694445
2007-05-02 00:00:00,0.9753269530694445
2007-05-03 00:00:00,0.9753269530694445
2007-05-04 00:00:00,0.9753269530694445
2007-05-07 00:00:00,0.9753269530694445
2007-05-08 00:00:00,0.9753269530694445
2007-05-09 00:00:00,0.9753269530694445
2007-05-10 00:00:00,0.9753269530694445
2007-05-11 00:00:00,0.9753269530694445
2007-05-14 00:00:00,0.9753269530694445
2007-05-15 00:00:00,0.9753269530694445
2007-05-16 00:00:00,0.9753269530694445
2007-05-17 00:00:00,0.9753269530694445
2007-05-18 00:00:00,0.9753269530694445
2007-05-21 00:00:00,0.9753269530694445
2007-05-22 00:00:00,0.9753269530694445
2007-05-23 00:00:00,0.9753269530694445
2007-05-24 00:00:00,0.9753269530694445
2007-05-25 00:00:00,0.9753269530694445
2007-05-29 00:00:00,0.9753269530694445
2007-05-30 00:00:00,0.9753269530694445
2007-05-31 00:00:00,0.9753269530694445
2007-06-01 00:00:00,0.9753269530694445
2007-06-04 00:00:00,0.9753269530694445
2007-06-05 00:00:00,0.9753269530694445
2007-06-06 00:00:00,0.9753269530694445
2007-06-07 00:00:00,0.9753269530694445
2007-06-08 00:00:00,0.9753269530694445
2007-06-11 00:00:00,0.9753269530694445
2007-06-12 00:00:00,0.9753269530694445
2007-06-13 00:00:00,0.9753269530694445
2007-06-14 00:00:00,0.9753269530694445
2007-06-15 00:00:00,0.9753269530694445
2007-06-18 00:00:00,0.9753269530694445
2007-06-19 00:00:00,0.9753269530694445
2007-06-20 00:00:00,0.9753269530694445
2007-06-21 00:00:00,0.9753269530694445
2007-06-22 00:00:00,0.9753269530694445
2007-06-25 00:00:00,0.9753269530694445
2007-06-26 00:00:00,0.9753269530694445
2007-06-27 00:00:00,0.9753269530694445
2007-06-28 00:00:00,0.9753269530694445
2007-06-29 00:00:00,0.9753269530694445
2007-07-02 00:00:00,0.9753269530694445
2007-07-03 00:00:00,0.9753269530694445
2007-07-05 00:00:00,0.9753269530694445
2007-07-06 00:00:00,0.9753269530694445
2007-07-09 00:00:00,0.9753269530694445
2007-07-10 00:00:00,0.9753269530694445
2007-07-11 00:00:00,0.9753269530694445
2007-07-12 00:00:00,0.9753269530694445
2007-07-13 00:00:00,0.9753269530694445
2007-07-16 00:00:00,0.9753269530694445
2007-07-17 00:00:00,0.9753269530694445
2007-07-18 00:00:00,0.9753269530694445
2007-07-19 00:00:00,0.9753269530694445
2007-07-20 00:00:00,0.9753269530694445
2007-07-23 00:00:00,0.9753269530694445
2007-07-24 00:00:00,0.9753269530694445
2007-07-25 00:00:00,0.9753269530694445
2007-07-26 00:00:00,0.9753269530694445
2007-07-27 00:00:00,0.9753269530694445
2007-07-30 00:00:00,0.9753269530694445
2007-07-31 00:00:00,0.9753269530694445
2007-08-01 00:00:00,0.9753269530694445
2007-08-02 00:00:00,0.9753269530694445
2007-08-03 00:00:00,0.9753269530694445
2007-08-06 00:00:00,0.9753269530694445
2007-08-07 00:00:00,0.9753269530694445
2007-08-08 00:00:00,0.9753269530694445
2007-08-09 00:00:00,0.9753269530694445
2007-08-10 00:00:00,0.9753269530694445
2007-08-13 00:00:00,0.9753269530694445
2007-08-14 00:00:00,0.9753269530694445
2007-08-15 00:00:00,0.9753269530694445
2007-08-16 00:00:00,0.9753269530694445
2007-08-17 00:00:00,0.9753269530694445
2007-08-20 00:00:00,0.9753269530694445
2007-08-21 00:00:00,0.9753269530694445
2007-08-22 00:00:00,0.9753269530694445
2007-08-23 00:00:00,0.9753269530694445
2007-08-24 00:00:00,0.9753269530694445
2007-08-27 00:00:00,0.9753269530694445
2007-08-28 00:00:00,0.9753269530694445
2007-08-29 00:00:00,0.9753269530694445
2007-08-30 00:00:00,0.9753269530694445
2007-08-31 00:00:00,0.9753269530694445
2007-09-04 00:00:00,0.9753269530694445
2007-09-05 00:00:00,0.9753269530694445
2007-09-06 00:00:00,0.9753269530694445
2007-09-07 00:00:00,0.9753269530694445
2007-09-10 00:00:00,0.9753269530694445
2007-09-11 00:00:00,0.9753269530694445
2007-09-12 00:00:00,0.9753269530694445
2007-09-13 00:00:00,0.9753269530694445
2007-09-14 00:00:00,0.9753269530694445
2007-09-17 00:00:00,0.9753269530694445
2007-09-18 00:00:00,0.9753269530694445
2007-09-19 00:00:00,0.9753269530694445
2007-09-20 00:00:00,0.9753269530694445
2007-09-21 00:00:00,0.9753269530694445
2007-09-24 00:00:00,0.9753269530694445
2007-09-25 00:00:00,0.9753269530694445
2007-09-26 00:00:00,0.9753269530694445
2007-09-27 00:00:00,0.9753269530694445
2007-09-28 00:00:00,0.9753269530694445
2007-10-01 00:00:00,0.9753269530694445
2007-10-02 00:00:00,0.9753269530694445
2007-10-03 00:00:00,0.9753269530694445
2007-10-04 00:00:00,0.9753269530694445
2007-10-05 00:00:00,0.9788178003179075
2007-10-08 00:00:00,0.9713473872061965
2007-10-09 00:00:00,0.9857994948148339
2007-10-10 00:00:00,0.9921528368070368
2007-10-11 00:00:00,1.0029046463323033
2007-10-12 00:00:00,1.0098863408292293
2007-10-15 00:00:00,1.0063954935807664
2007-10-16 00:00:00,0.9930604570916371
2007-10-17 00:00:00,0.9946662468259302
2007-10-18 00:00:00,1.0070936630304588
2007-10-19 00:00:00,0.9899186945680204
2007-10-22 00:00:00,0.982494360639989
2007-10-23 00:00:00,0.9904772301277744
2007-10-24 00:00:00,0.991454667357344
2007-10-25 00:00:00,1.0114223136185534
2007-10-26 00:00:00,1.0373244002021496
2007-10-29 00:00:00,1.0551975381142804
2007-10-30 00:00:00,1.0359280613027642
2007-10-31 00:00:00,1.0531728467101718
2007-11-01 00:00:00,1.0282481973561455
2007-11-02 00:00:00,1.0650417273549468
2007-11-05 00:00:00,1.0711856185122417
2007-11-06 00:00:00,1.124037045853973
2007-11-07 00:00:00,1.1097943890802437
2007-11-08 00:00:00,1.1208254663853872
2007-11-09 00:00:00,1.118102605531586
2007-11-12 00:00:00,1.0500310841865552
2007-11-13 00:00:00,1.060154541207098
2007-11-14 00:00:00,1.088570037809588
2007-11-15 00:00:00,1.052125592535633
2007-11-16 00:00:00,1.0517765078107868
2007-11-19 00:00:00,1.0329957496140552
2007-11-20 00:00:00,1.0741179302009507
2007-11-21 00:00:00,1.052125592535633
2007-11-23 00:00:00,1.0743273810358585
2007-11-26 00:00:00,1.0719536049069036
2007-11-27 00:00:00,1.052125592535633
2007-11-28 00:00:00,1.0487743791771085
2007-11-29 00:00:00,1.035090257963133
2007-11-30 00:00:00,1.0210570520243114
2007-12-03 00:00:00,1.0285274651360223
2007-12-04 00:00:00,1.0424908541298747
2007-12-05 00:00:00,1.0371149493672418
2007-12-06 00:00:00,1.05428991782968
2007-12-07 00:00:00,1.047308223332754
2007-12-10 00:00:00,1.067275869593963
2007-12-11 00:00:00,1.0524746772604794
2007-12-12 00:00:00,1.0663207737867835
2007-12-13 00:00:00,1.0290161837508072
2007-12-14 00:00:00,1.00981652388426
2007-12-17 00:00:00,1.0080012833150593
2007-12-18 00:00:00,1.0211268689692805
2007-12-19 00:00:00,1.0269914923466985
2007-12-20 00:00:00,1.0343222715684712
2007-12-21 00:00:00,1.0430493896896291
2007-12-24 00:00:00,1.0603639920420058
2007-12-26 00:00:00,1.0697194626678872
2007-12-27 00:00:00,1.0647624595750695
2007-12-28 00:00:00,1.0735593946411965
2007-12-31 00:00:00,1.0767011571648135
2008-01-02 00:00:00,1.1104227415849672
2008-01-03 00:00:00,1.1177535208067395
2008-01-04 00:00:00,1.1095151213003664
2008-01-07 00:00:00,1.101555989573871
2008-01-08 00:00:00,1.1390476890223646
2008-01-09 00:00:00,1.134160502874516
2008-01-10 00:00:00,1.1719314701028871
2008-01-11 00:00:00,1.1730485412223954
2008-01-14 00:00:00,1.1872213810511556
2008-01-15 00:00:00,1.1560830235948647
2008-01-16 00:00:00,1.1435159735003975
2008-01-17 00:00:00,1.1479144410334607
2008-01-18 00:00:00,1.1697671448088403
2008-01-22 00:00:00,1.1608305758527746
2008-01-23 00:00:00,1.160690941962836
2008-01-24 00:00:00,1.188617719950541
2008-01-25 00:00:00,1.1884780860606021
2008-01-28 00:00:00,1.2060719561928566
2008-01-29 00:00:00,1.2049548850733482
2008-01-30 00:00:00,1.2147990743140142
2008-01-31 00:00:00,1.2247828974446187
2008-02-01 00:00:00,1.2108683803122449
2008-02-04 00:00:00,1.2036283631189324
2008-02-05 00:00:00,1.1793320662696287
2008-02-06 00:00:00,1.193853292653786
2008-02-07 00:00:00,1.2144499895891676
2008-02-08 00:00:00,1.2393048219982252
2008-02-11 00:00:00,1.2654163594167291
2008-02-12 00:00:00,1.23979354061301
2008-02-13 00:00:00,1.2467061163344169
2008-02-14 00:00:00,1.2435636556413503
2008-02-15 00:00:00,1.2341383680705
2008-02-19 00:00:00,1.2638803866274055
2008-02-20 00:00:00,1.286361442907508
2008-02-21 00:00:00,1.286082175127631
2008-02-22 00:00:00,1.301441204851419
2008-02-25 00:00:00,1.306608356948594
2008-02-26 00:00:00,1.3491966933798443
2008-02-27 00:00:00,1.3864091250484611
2008-02-28 00:00:00,1.4236215567170778
2008-02-29 00:00:00,1.423761190607016
2008-03-03 00:00:00,1.4582926515888133
2008-03-04 00:00:00,1.4204099772484913
2008-03-05 00:00:00,1.4903246659407108
2008-03-06 00:00:00,1.4521766872095059
2008-03-07 00:00:00,1.4497330941355817
2008-03-10 00:00:00,1.4102865202279486
2008-03-11 00:00:00,1.4134282827515654
2008-03-12 00:00:00,1.4448459079877332
2008-03-13 00:00:00,1.4752860959943317
2008-03-14 00:00:00,1.4763333501688707
2008-03-17 00:00:00,1.445544077437426
2008-03-18 00:00:00,1.4035840935108992
2008-03-19 00:00:00,1.3248305795855715
2008-03-20 00:00:00,1.2166150130526647
2008-03-24 00:00:00,1.2226178739811218
2008-03-25 00:00:00,1.2915977137802024
2008-03-26 00:00:00,1.3230153390163708
2008-03-27 00:00:00,1.3296479487884507
2008-03-28 00:00:00,1.289852290155971
2008-03-31 00:00:00,1.2403520761727642
2008-04-01 00:00:00,1.2095628034413195
2008-04-02 00:00:00,1.254664549891463
2008-04-03 00:00:00,1.2535474787719547
2008-04-04 00:00:00,1.2804270025851208
2008-04-07 00:00:00,1.3038156791498234
2008-04-08 00:00:00,1.2728867725284403
2008-04-09 00:00:00,1.3083537805728258
2008-04-10 00:00:00,1.2941809407440654
2008-04-11 00:00:00,1.2778298122322642
2008-04-14 00:00:00,1.2734453080881947
2008-04-15 00:00:00,1.2851047378980613
2008-04-16 00:00:00,1.3180583359235531
2008-04-17 00:00:00,1.3080046958479792
2008-04-18 00:00:00,1.2843367515033994
2008-04-21 00:00:00,1.2561307057358175
2008-04-22 00:00:00,1.2707922641793625
2008-04-23 00:00:00,1.2375600965434435
2008-04-24 00:00:00,1.2062367241829839
2008-04-25 00:00:00,1.2154972437637068
2008-04-28 00:00:00,1.226319568403392
2008-04-29 00:00:00,1.1943427094380201
2008-04-30 00:00:00,1.217940836837631
2008-05-01 00:00:00,1.1672544329593961
2008-05-02 00:00:00,1.1856155913168624
2008-05-05 00:00:00,1.207765715277811
2008-05-06 00:00:00,1.2186390062873236
2008-05-07 00:00:00,1.2027898616098514
2008-05-08 00:00:00,1.2165444979382456
2008-05-09 00:00:00,1.2141009048643214
2008-05-12 00:00:00,1.2372801305941168
2008-05-13 00:00:00,1.2063302788892425
2008-05-14 00:00:00,1.1932263364879616
2008-05-15 00:00:00,1.206400095834212
2008-05-16 00:00:00,1.2200353451867088
2008-05-19 00:00:00,1.2248527143895878
2008-05-20 00:00:00,1.2723980539136555
2008-05-21 00:00:00,1.29753215410259
2008-05-22 00:00:00,1.291946798505049
2008-05-23 00:00:00,1.3087726822426413
2008-05-27 00:00:00,1.2553627193411556
2008-05-28 00:00:00,1.2559910718458789
2008-05-29 00:00:00,1.2010451361550696
2008-05-30 00:00:00,1.2146594404240756
2008-06-02 00:00:00,1.2124951151300285
2008-06-03 00:00:00,1.208655183156719
2008-06-04 00:00:00,1.2124246000156094
2008-06-05 00:00:00,1.2355347069698852
2008-06-06 00:00:00,1.2654163594167291
2008-06-09 00:00:00,1.2335798325107457
2008-06-10 00:00:00,1.1983920922462377
2008-06-11 00:00:00,1.2165444979382456
2008-06-12 00:00:00,1.192108567199004
2008-06-13 00:00:00,1.1907820452445879
2008-06-16 00:00:00,1.2339987341805612
2008-06-17 00:00:00,1.2306475208220367
2008-06-18 00:00:00,1.250684984028215
2008-06-19 00:00:00,1.2481715740093213
2008-06-20 00:00:00,1.2512016294209873
2008-06-23 00:00:00,1.2116573117903975
2008-06-24 00:00:00,1.202022573384639
2008-06-25 00:00:00,1.2113780440105202
2008-06-26 00:00:00,1.239235005053256
2008-06-27 00:00:00,1.260529173268881
2008-06-30 00:00:00,1.2558514379559402
2008-07-01 00:00:00,1.3003248319013605
2008-07-02 00:00:00,1.322317169566678
2008-07-03 00:00:00,1.3073756451738061
2008-07-07 00:00:00,1.279379748410582
2008-07-08 00:00:00,1.2838480328886144
2008-07-09 00:00:00,1.3038156791498234
2008-07-10 00:00:00,1.3156845597945979
2008-07-11 00:00:00,1.3519188560641955
2008-07-14 00:00:00,1.372585369944547
2008-07-15 00:00:00,1.3561644244877764
2008-07-16 00:00:00,1.3453567614065345
2008-07-17 00:00:00,1.3296472506190011
2008-07-18 00:00:00,1.3050723841592702
2008-07-21 00:00:00,1.3232247898512788
2008-07-22 00:00:00,1.2904806426606945
2008-07-23 00:00:00,1.2507548009731844
2008-07-24 00:00:00,1.2556419871210327
2008-07-25 00:00:00,1.2549438176713401
2008-07-28 00:00:00,1.2626236816179588
2008-07-29 00:00:00,1.2507548009731844
2008-07-30 00:00:00,1.2626166999234618
2008-07-31 00:00:00,1.2744925622627337
2008-08-01 00:00:00,1.2570383260204179
2008-08-04 00:00:00,1.2193371757370162
2008-08-05 00:00:00,1.1830323643529996
2008-08-06 00:00:00,1.1935049060983893
2008-08-07 00:00:00,1.1725528409131136
2008-08-08 00:00:00,1.1111069476456659
2008-08-11 00:00:00,1.0559655245089425
2008-08-12 00:00:00,1.0559655245089425
2008-08-13 00:00:00,1.0831941330469548
2008-08-14 00:00:00,1.0322277632193935
2008-08-15 00:00:00,0.9456677674608116
2008-08-18 00:00:00,0.9456677674608116
2008-08-19 00:00:00,0.9456677674608116
2008-08-20 00:00:00,0.9456677674608116
2008-08-21 00:00:00,0.9456677674608116
2008-08-22 00:00:00,0.9456677674608116
2008-08-25 00:00:00,0.9456677674608116
2008-08-26 00:00:00,0.9456677674608116
2008-08-27 00:00:00,0.9456677674608116
2008-08-28 00:00:00,0.9456677674608116
2008-08-29 00:00:00,0.9456677674608116
2008-09-02 00:00:00,0.9456677674608116
2008-09-03 00:00:00,0.9456677674608116
2008-09-04 00:00:00,0.9456677674608116
2008-09-05 00:00:00,0.9456677674608116
2008-09-08 00:00:00,0.9456677674608116
2008-09-09 00:00:00,0.9456677674608116
2008-09-10 00:00:00,0.9456677674608116
2008-09-11 00:00:00,0.9456677674608116
2008-09-12 00:00:00,0.9456677674608116
2008-09-15 00:00:00,0.9456677674608116
2008-09-16 00:00:00,0.9456677674608116
2008-09-17 00:00:00,0.9456677674608116
2008-09-18 00:00:00,0.9456677674608116
2008-09-19 00:00:00,0.9456677674608116
2008-09-22 00:00:00,0.9456677674608116
2008-09-23 00:00:00,0.9456677674608116
2008-09-24 00:00:00,0.9456677674608116
2008-09-25 00:00:00,0.9456677674608116
2008-09-26 00:00:00,0.9456677674608116
2008-09-29 00:00:00,0.9456677674608116
2008-09-30 00:00:00,0.9456677674608116
2008-10-01 00:00:00,0.9456677674608116
2008-10-02 00:00:00,0.9456677674608116
2008-10-03 00:00:00,0.9456677674608116
2008-10-06 00:00:00,0.9456677674608116
2008-10-07 00:00:00,0.9456677674608116
2008-10-08 00:00:00,0.9456677674608116
2008-10-09 00:00:00,0.9456677674608116
2008-10-10 00:00:00,0.9456677674608116
2008-10-13 00:00:00,0.9456677674608116
2008-10-14 00:00:00,0.9456677674608116
2008-10-15 00:00:00,0.9456677674608116
2008-10-16 00:00:00,0.9456677674608116
2008-10-17 00:00:00,0.9456677674608116
2008-10-20 00:00:00,0.9456677674608116
2008-10-21 00:00:00,0.9456677674608116
2008-10-22 00:00:00,0.9456677674608116
2008-10-23 00:00:00,0.9456677674608116
2008-10-24 00:00:00,0.9456677674608116
2008-10-27 00:00:00,0.9456677674608116
2008-10-28 00:00:00,0.9456677674608116
2008-10-29 00:00:00,0.9456677674608116
2008-10-30 00:00:00,0.9456677674608116
2008-10-31 00:00:00,0.9456677674608116
2008-11-03 00:00:00,0.9456677674608116
2008-11-04 00:00:00,0.9456677674608116
2008-11-05 00:00:00,0.9456677674608116
2008-11-06 00:00:00,0.9456677674608116
2008-11-07 00:00:00,0.9456677674608116
2008-11-10 00:00:00,0.9456677674608116
2008-11-11 00:00:00,0.9456677674608116
2008-11-12 00:00:00,0.9456677674608116
2008-11-13 00:00:00,0.9456677674608116
2008-11-14 00:00:00,0.9456677674608116
2008-11-17 00:00:00,0.9456677674608116
2008-11-18 00:00:00,0.9456677674608116
2008-11-19 00:00:00,0.9456677674608116
2008-11-20 00:00:00,0.9456677674608116
2008-11-21 00:00:00,0.9456677674608116
2008-11-24 00:00:00,0.9456677674608116
2008-11-25 00:00:00,0.9456677674608116
2008-11-26 00:00:00,0.9456677674608116
2008-11-28 00:00:00,0.9456677674608116
2008-12-01 00:00:00,0.9456677674608116
2008-12-02 00:00:00,0.9456677674608116
2008-12-03 00:00:00,0.9456677674608116
2008-12-04 00:00:00,0.9456677674608116
2008-12-05 00:00:00,0.9456677674608116
2008-12-08 00:00:00,0.9456677674608116
2008-12-09 00:00:00,0.9456677674608116
2008-12-10 00:00:00,0.9456677674608116
2008-12-11 00:00:00,0.9456677674608116
2008-12-12 00:00:00,0.9456677674608116
2008-12-15 00:00:00,0.9456677674608116
2008-12-16 00:00:00,0.9456677674608116
2008-12-17 00:00:00,0.9456677674608116
2008-12-18 00:00:00,0.9456677674608116
2008-12-19 00:00:00,0.9456677674608116
2008-12-22 00:00:00,0.9456677674608116
2008-12-23 00:00:00,0.9456677674608116
2008-12-24 00:00:00,0.9456677674608116
2008-12-26 00:00:00,0.9456677674608116
2008-12-29 00:00:00,0.9456677674608116
2008-12-30 00:00:00,0.9456677674608116
2008-12-31 00:00:00,0.9456677674608116
2009-01-02 00:00:00,0.9456677674608116
2009-01-05 00:00:00,0.9456677674608116
2009-01-06 00:00:00,0.9456677674608116
2009-01-07 00:00:00,0.9456677674608116
2009-01-08 00:00:00,0.9456677674608116
2009-01-09 00:00:00,0.9456677674608116
2009-01-12 00:00:00,0.9456677674608116
2009-01-13 00:00:00,0.9456677674608116
2009-01-14 00:00:00,0.9456677674608116
2009-01-15 00:00:00,0.9456677674608116
2009-01-16 00:00:00,0.9456677674608116
2009-01-20 00:00:00,0.9456677674608116
2009-01-21 00:00:00,0.9456677674608116
2009-01-22 00:00:00,0.9456677674608116
2009-01-23 00:00:00,0.9456677674608116
2009-01-26 00:00:00,0.9456677674608116
2009-01-27 00:00:00,0.9456677674608116
2009-01-28 00:00:00,0.9456677674608116
2009-01-29 00:00:00,0.9456677674608116
2009-01-30 00:00:00,0.9456677674608116
2009-02-02 00:00:00,0.9456677674608116
2009-02-03 00:00:00,0.9456677674608116
2009-02-04 00:00:00,0.9456677674608116
2009-02-05 00:00:00,0.9456677674608116
2009-02-06 00:00:00,0.9456677674608116
2009-02-09 00:00:00,0.9456677674608116
2009-02-10 00:00:00,0.9456677674608116
2009-02-11 00:00:00,0.9456677674608116
2009-02-12 00:00:00,0.9456677674608116
2009-02-13 00:00:00,0.9456677674608116
2009-02-17 00:00:00,0.9456677674608116
2009-02-18 00:00:00,0.9456677674608116
2009-02-19 00:00:00,0.9456677674608116
2009-02-20 00:00:00,0.9456677674608116
2009-02-23 00:00:00,0.9456677674608116
2009-02-24 00:00:00,0.9456677674608116
2009-02-25 00:00:00,0.9456677674608116
2009-02-26 00:00:00,0.9456677674608116
2009-02-27 00:00:00,0.9367439448759598
2009-03-02 00:00:00,0.9324760297266828
2009-03-03 00:00:00,0.9182265914183263
2009-03-04 00:00:00,0.9182265914183263
2009-03-05 00:00:00,0.9182265914183263
2009-03-06 00:00:00,0.9182265914183263
2009-03-09 00:00:00,0.9182265914183263
2009-03-10 00:00:00,0.9182265914183263
2009-03-11 00:00:00,0.9182265914183263
2009-03-12 00:00:00,0.9182265914183263
2009-03-13 00:00:00,0.9182265914183263
2009-03-16 00:00:00,0.9182265914183263
2009-03-17 00:00:00,0.9182265914183263
2009-03-18 00:00:00,0.9182265914183263
2009-03-19 00:00:00,0.9182265914183263
2009-03-20 00:00:00,0.9182265914183263
2009-03-23 00:00:00,0.9182265914183263
2009-03-24 00:00:00,0.9182265914183263
2009-03-25 00:00:00,0.9182265914183263
2009-03-26 00:00:00,0.9182265914183263
2009-03-27 00:00:00,0.9182265914183263
2009-03-30 00:00:00,0.9182265914183263
2009-03-31 00:00:00,0.9182265914183263
2009-04-01 00:00:00,0.9182265914183263
2009-04-02 00:00:00,0.9182265914183263
2009-04-03 00:00:00,0.9182265914183263
2009-04-06 00:00:00,0.9182265914183263
2009-04-07 00:00:00,0.9182265914183263
2009-04-08 00:00:00,0.9182265914183263
2009-04-09 00:00:00,0.9182265914183263
2009-04-13 00:00:00,0.9182265914183263
2009-04-14 00:00:00,0.9182265914183263
2009-04-15 00:00:00,0.9182265914183263
2009-04-16 00:00:00,0.9182265914183263
2009-04-17 00:00:00,0.9182265914183263
2009-04-20 00:00:00,0.9182265914183263
2009-04-21 00:00:00,0.9182265914183263
2009-04-22 00:00:00,0.9182265914183263
2009-04-23 00:00:00,0.9182265914183263
2009-04-24 00:00:00,0.9182265914183263
2009-04-27 00:00:00,0.9182265914183263
2009-04-28 00:00:00,0.9182265914183263
2009-04-29 00:00:00,0.9182265914183263
2009-04-30 00:00:00,0.9182265914183263
2009-05-01 00:00:00,0.9182265914183263
2009-05-04 00:00:00,0.9182265914183263
2009-05-05 00:00:00,0.9182265914183263
2009-05-06 00:00:00,0.9182265914183263
2009-05-07 00:00:00,0.9182265914183263
2009-05-08 00:00:00,0.9182265914183263
2009-05-11 00:00:00,0.9182265914183263
2009-05-12 00:00:00,0.9182265914183263
2009-05-13 00:00:00,0.9182265914183263
2009-05-14 00:00:00,0.9182265914183263
2009-05-15 00:00:00,0.9182265914183263
2009-05-18 00:00:00,0.9182265914183263
2009-05-19 00:00:00,0.9182265914183263
2009-05-20 00:00:00,0.9182265914183263
2009-05-21 00:00:00,0.9182265914183263
2009-05-22 00:00:00,0.9182265914183263
2009-05-26 00:00:00,0.9182265914183263
2009-05-27 00:00:00,0.9182265914183263
2009-05-28 00:00:00,0.9182265914183263
2009-05-29 00:00:00,0.9182265914183263
2009-06-01 00:00:00,0.9182265914183263
2009-06-02 00:00:00,0.9182265914183263
2009-06-03 00:00:00,0.9182265914183263
2009-06-04 00:00:00,0.9182265914183263
2009-06-05 00:00:00,0.9182265914183263
2009-06-08 00:00:00,0.9182265914183263
2009-06-09 00:00:00,0.9182265914183263
2009-06-10 00:00:00,0.9182265914183263
2009-06-11 00:00:00,0.9182265914183263
2009-06-12 00:00:00,0.9182265914183263
2009-06-15 00:00:00,0.9182265914183263
2009-06-16 00:00:00,0.9182265914183263
2009-06-17 00:00:00,0.9182265914183263
2009-06-18 00:00:00,0.9182265914183263
2009-06-19 00:00:00,0.9182265914183263
2009-06-22 00:00:00,0.9182265914183263
2009-06-23 00:00:00,0.9182265914183263
2009-06-24 00:00:00,0.9182265914183263
2009-06-25 00:00:00,0.9182265914183263
2009-06-26 00:00:00,0.9182265914183263
2009-06-29 00:00:00,0.9182265914183263
2009-06-30 00:00:00,0.9182265914183263
2009-07-01 00:00:00,0.9182265914183263
2009-07-02 00:00:00,0.9182265914183263
2009-07-06 00:00:00,0.9182265914183263
2009-07-07 00:00:00,0.9182265914183263
2009-07-08 00:00:00,0.9182265914183263
2009-07-09 00:00:00,0.9182265914183263
2009-07-10 00:00:00,0.9182265914183263
2009-07-13 00:00:00,0.9182265914183263
2009-07-14 00:00:00,0.9182265914183263
2009-07-15 00:00:00,0.9182265914183263
2009-07-16 00:00:00,0.9182265914183263
2009-07-17 00:00:00,0.9182265914183263
2009-07-20 00:00:00,0.9182265914183263
2009-07-21 00:00:00,0.9182265914183263
2009-07-22 00:00:00,0.9182265914183263
2009-07-23 00:00:00,0.9182265914183263
2009-07-24 00:00:00,0.9182265914183263
2009-07-27 00:00:00,0.9182265914183263
2009-07-28 00:00:00,0.9182265914183263
2009-07-29 00:00:00,0.9182265914183263
2009-07-30 00:00:00,0.9182265914183263
2009-07-31 00:00:00,0.9182265914183263
2009-08-03 00:00:00,0.9182265914183263
2009-08-04 00:00:00,0.9182265914183263
2009-08-05 00:00:00,0.9182265914183263
2009-08-06 00:00:00,0.9182265914183263
2009-08-07 00:00:00,0.9182265914183263
2009-08-10 00:00:00,0.9182265914183263
2009-08-11 00:00:00,0.9182265914183263
2009-08-12 00:00:00,0.9182265914183263
2009-08-13 00:00:00,0.9182265914183263
2009-08-14 00:00:00,0.9182265914183263
2009-08-17 00:00:00,0.9182265914183263
2009-08-18 00:00:00,0.9182265914183263
2009-08-19 00:00:00,0.9182265914183263
2009-08-20 00:00:00,0.9182265914183263
2009-08-21 00:00:00,0.9182265914183263
2009-08-24 00:00:00,0.9182265914183263
2009-08-25 00:00:00,0.9182265914183263
2009-08-26 00:00:00,0.9182265914183263
2009-08-27 00:00:00,0.9182265914183263
2009-08-28 00:00:00,0.9182265914183263
2009-08-31 00:00:00,0.9182265914183263
2009-09-01 00:00:00,0.9182265914183263
2009-09-02 00:00:00,0.9182265914183263
2009-09-03 00:00:00,0.9182265914183263
2009-09-04 00:00:00,0.9182265914183263
2009-09-08 00:00:00,0.9182265914183263
2009-09-09 00:00:00,0.9182265914183263
2009-09-10 00:00:00,0.9182265914183263
2009-09-11 00:00:00,0.9182265914183263
2009-09-14 00:00:00,0.9182265914183263
2009-09-15 00:00:00,0.9182265914183263
2009-09-16 00:00:00,0.9182265914183263
2009-09-17 00:00:00,0.9182265914183263
2009-09-18 00:00:00,0.9182265914183263
2009-09-21 00:00:00,0.9182265914183263
2009-09-22 00:00:00,0.9182265914183263
2009-09-23 00:00:00,0.9182265914183263
2009-09-24 00:00:00,0.9182265914183263
2009-09-25 00:00:00,0.9182265914183263
2009-09-28 00:00:00,0.9182265914183263
2009-09-29 00:00:00,0.9182265914183263
2009-09-30 00:00:00,0.9182265914183263
2009-10-01 00:00:00,0.9182265914183263
2009-10-02 00:00:00,0.9182265914183263
2009-10-05 00:00:00,0.9182265914183263
2009-10-06 00:00:00,0.9182265914183263
2009-10-07 00:00:00,0.9182265914183263
2009-10-08 00:00:00,0.9182265914183263
2009-10-09 00:00:00,0.9182265914183263
2009-10-12 00:00:00,0.9182265914183263
2009-10-13 00:00:00,0.9182265914183263
2009-10-14 00:00:00,0.9182265914183263
2009-10-15 00:00:00,0.9182265914183263
2009-10-16 00:00:00,0.9182265914183263
2009-10-19 00:00:00,0.9182265914183263
2009-10-20 00:00:00,0.9182265914183263
2009-10-21 00:00:00,0.9182265914183263
2009-10-22 00:00:00,0.9182265914183263
2009-10-23 00:00:00,0.9182265914183263
2009-10-26 00:00:00,0.9182265914183263
2009-10-27 00:00:00,0.9182265914183263
2009-10-28 00:00:00,0.9182265914183263
2009-10-29 00:00:00,0.9182265914183263
2009-10-30 00:00:00,0.9182265914183263
2009-11-02 00:00:00,0.9182265914183263
2009-11-03 00:00:00,0.9182265914183263
2009-11-04 00:00:00,0.9182265914183263
2009-11-05 00:00:00,0.9182265914183263
2009-11-06 00:00:00,0.9182265914183263
2009-11-09 00:00:00,0.9182265914183263
2009-11-10 00:00:00,0.9182265914183263
2009-11-11 00:00:00,0.9182265914183263
2009-11-12 00:00:00,0.9182265914183263
2009-11-13 00:00:00,0.9182265914183263
2009-11-16 00:00:00,0.9182265914183263
2009-11-17 00:00:00,0.9182265914183263
2009-11-18 00:00:00,0.9182265914183263
2009-11-19 00:00:00,0.9182265914183263
2009-11-20 00:00:00,0.9182265914183263
2009-11-23 00:00:00,0.9182265914183263
2009-11-24 00:00:00,0.9182265914183263
2009-11-25 00:00:00,0.9182265914183263
2009-11-27 00:00:00,0.9182265914183263
2009-11-30 00:00:00,0.9182265914183263
2009-12-01 00:00:00,0.9182265914183263
2009-12-02 00:00:00,0.9182265914183263
2009-12-03 00:00:00,0.9182265914183263
2009-12-04 00:00:00,0.9182265914183263
2009-12-07 00:00:00,0.9182265914183263
2009-12-08 00:00:00,0.9182265914183263
2009-12-09 00:00:00,0.9182265914183263
2009-12-10 00:00:00,0.9182265914183263
2009-12-11 00:00:00,0.9182265914183263
2009-12-14 00:00:00,0.9182265914183263
2009-12-15 00:00:00,0.9182265914183263
2009-12-16 00:00:00,0.9182265914183263
2009-12-17 00:00:00,0.9182265914183263
2009-12-18 00:00:00,0.9182265914183263
2009-12-21 00:00:00,0.9182265914183263
2009-12-22 00:00:00,0.9182265914183263
2009-12-23 00:00:00,0.9182265914183263
2009-12-24 00:00:00,0.9182265914183263
2009-12-28 00:00:00,0.9182265914183263
2009-12-29 00:00:00,0.9182265914183263
2009-12-30 00:00:00,0.9182265914183263
2009-12-31 00:00:00,0.9182265914183263
2010-01-04 00:00:00,0.9182265914183263
2010-01-05 00:00:00,0.9182265914183263
2010-01-06 00:00:00,0.9182265914183263
2010-01-07 00:00:00,0.9182265914183263
2010-01-08 00:00:00,0.9182265914183263
2010-01-11 00:00:00,0.9182265914183263
2010-01-12 00:00:00,0.9182265914183263
2010-01-13 00:00:00,0.9182265914183263
2010-01-14 00:00:00,0.9182265914183263
2010-01-15 00:00:00,0.9182265914183263
2010-01-19 00:00:00,0.9182265914183263
2010-01-20 00:00:00,0.9182265914183263
2010-01-21 00:00:00,0.9182265914183263
2010-01-22 00:00:00,0.9182265914183263
2010-01-25 00:00:00,0.9182265914183263
2010-01-26 00:00:00,0.9182265914183263
2010-01-27 00:00:00,0.9182265914183263
2010-01-28 00:00:00,0.9182265914183263
2010-01-29 00:00:00,0.9182265914183263
2010-02-01 00:00:00,0.9182265914183263
2010-02-02 00:00:00,0.9182265914183263
2010-02-03 00:00:00,0.9182265914183263
2010-02-04 00:00:00,0.9182265914183263
2010-02-05 00:00:00,0.9182265914183263
2010-02-08 00:00:00,0.9182265914183263
2010-02-09 00:00:00,0.9182265914183263
2010-02-10 00:00:00,0.9182265914183263
2010-02-11 00:00:00,0.9182265914183263
2010-02-12 00:00:00,0.9182265914183263
2010-02-16 00:00:00,0.9182265914183263
2010-02-17 00:00:00,0.9182265914183263
2010-02-18 00:00:00,0.9182265914183263
2010-02-19 00:00:00,0.9182265914183263
2010-02-22 00:00:00,0.9182265914183263
2010-02-23 00:00:00,0.9182265914183263
2010-02-24 00:00:00,0.9182265914183263
2010-02-25 00:00:00,0.9182265914183263
2010-02-26 00:00:00,0.9182265914183263
2010-03-01 00:00:00,0.9182265914183263
2010-03-02 00:00:00,0.9182265914183263
2010-03-03 00:00:00,0.9182265914183263
2010-03-04 00:00:00,0.9182265914183263
2010-03-05 00:00:00,0.9182265914183263
2010-03-08 00:00:00,0.9182265914183263
2010-03-09 00:00:00,0.9253466469681385
2010-03-10 00:00:00,0.9165313400969425
2010-03-11 00:00:00,0.9216170940610938
2010-03-12 00:00:00,0.9199218427397102
2010-03-15 00:00:00,0.9192437422111565
2010-03-16 00:00:00,0.9297543004037363
2010-03-17 00:00:00,0.9307714511965666
2010-03-18 00:00:00,0.9307714511965666
2010-03-19 00:00:00,0.9161922898326655
2010-03-22 00:00:00,0.9144970385112818
2010-03-23 00:00:00,0.918565641682603
2010-03-24 00:00:00,0.9039864803187021
2010-03-25 00:00:00,0.9050036311115324
2010-03-26 00:00:00,0.9148360887755586
2010-03-29 00:00:00,0.9294152501394595
2010-03-30 00:00:00,0.9263637977609687
2010-03-31 00:00:00,0.9328057527822273
2010-04-01 00:00:00,0.9463677633532979
2010-04-05 00:00:00,0.9534878189031101
2010-04-06 00:00:00,0.9487411152032352
2010-04-07 00:00:00,0.9541659194316635
2010-04-08 00:00:00,0.9524706681102796
2010-04-09 00:00:00,0.962303125774306
2010-04-12 00:00:00,0.9551830702244938
2010-04-13 00:00:00,0.9565392712816009
2010-04-14 00:00:00,0.9643374273599665
2010-04-15 00:00:00,0.9643374273599665
2010-04-16 00:00:00,0.9419601099177
2010-04-19 00:00:00,0.9409429591248696
2010-04-20 00:00:00,0.9443334617676373
2010-04-21 00:00:00,0.9541659194316635
2010-04-22 00:00:00,0.9497582659960655
2010-04-23 00:00:00,0.9589126231315382
2010-04-26 00:00:00,0.9595907236600918
2010-04-27 00:00:00,0.9578954723387079
2010-04-28 00:00:00,0.9534878189031101
2010-04-29 00:00:00,0.9667107792099039
2010-04-30 00:00:00,0.9707793823812251
2010-05-03 00:00:00,0.9762041866096534
2010-05-04 00:00:00,0.9480630146746817
2010-05-05 00:00:00,0.9317886019893968
2010-05-06 00:00:00,0.938908657539209
2010-05-07 00:00:00,0.9619640755100292
2010-05-10 00:00:00,0.9656936284170735
2010-05-11 00:00:00,0.9941738506163219
2010-05-12 00:00:00,0.9999377051090269
2010-05-13 00:00:00,0.995530051673429
2010-05-14 00:00:00,0.9934957500877684
2010-05-17 00:00:00,0.9799337395166978
2010-05-18 00:00:00,0.9812899405738048
2010-05-19 00:00:00,0.9575564220744311
2010-05-20 00:00:00,0.9399258083320393
2010-05-21 00:00:00,0.9378915067463788
2010-05-24 00:00:00,0.9470458638818513
2010-05-25 00:00:00,0.9463677633532979
2010-05-26 00:00:00,0.9531487686388331
2010-05-27 00:00:00,0.9660326786813503
2010-05-28 00:00:00,0.9629812263028594
2010-06-01 00:00:00,0.9626421760385826
2010-06-02 00:00:00,0.9612181649286203
2010-06-03 00:00:00,0.9497582659960655
2010-06-04 00:00:00,0.9297543004037363
2010-06-07 00:00:00,0.9555221204887705
2010-06-08 00:00:00,0.9582345226029847
2010-06-09 00:00:00,0.9538268691673868
2010-06-10 00:00:00,0.9572173718101544
2010-06-11 00:00:00,0.9568783215458777
2010-06-14 00:00:00,0.9572173718101544
2010-06-15 00:00:00,0.9684060305312877
2010-06-16 00:00:00,0.9646764776242432
2010-06-17 00:00:00,0.9731527342311623
2010-06-18 00:00:00,0.9873928453307866
2010-06-21 00:00:00,0.9731527342311623
2010-06-22 00:00:00,0.9762041866096534
2010-06-23 00:00:00,0.9680669802670109
2010-06-24 00:00:00,0.9707793823812251
2010-06-25 00:00:00,0.9846804432165724
2010-06-28 00:00:00,0.9748479855525463
2010-06-29 00:00:00,0.966371728945627
2010-06-30 00:00:00,0.9690841310598411
2010-07-01 00:00:00,0.9429772607105302
2010-07-02 00:00:00,0.9436553612390838
2010-07-06 00:00:00,0.9416210596534231
2010-07-07 00:00:00,0.9500973162603422
2010-07-08 00:00:00,0.9487411152032352
2010-07-09 00:00:00,0.9528097183745564
2010-07-12 00:00:00,0.9490801654675121
2010-07-13 00:00:00,0.9558611707530473
2010-07-14 00:00:00,0.9606078744529221
2010-07-15 00:00:00,0.9602688241886452
2010-07-16 00:00:00,0.9446725120319139
2010-07-19 00:00:00,0.9372134062178251
2010-07-20 00:00:00,0.9392477078034858
2010-07-21 00:00:00,0.9385696072749322
2010-07-22 00:00:00,0.952131617846003
2010-07-23 00:00:00,0.9524706681102796
2010-07-26 00:00:00,0.9545049696959403
2010-07-27 00:00:00,0.9382305570106555
2010-07-28 00:00:00,0.9334838533107808
2010-07-29 00:00:00,0.9361962554249948
2010-07-30 00:00:00,0.9477239644104049
2010-08-02 00:00:00,0.9606078744529221
2010-08-03 00:00:00,0.9626421760385826
2010-08-04 00:00:00,0.9595907236600918
2010-08-05 00:00:00,0.9606078744529221
2010-08-06 00:00:00,0.9643374273599665
2010-08-09 00:00:00,0.9606078744529221
2010-08-10 00:00:00,0.9609469247171988
2010-08-11 00:00:00,0.9460287130890211
2010-08-12 00:00:00,0.9514535173174494
2010-08-13 00:00:00,0.9531487686388331
2010-08-16 00:00:00,0.9619640755100292
2010-08-17 00:00:00,0.9660326786813503
2010-08-18 00:00:00,0.9626421760385826
2010-08-19 00:00:00,0.9592516733958151
2010-08-20 00:00:00,0.9480630146746817
2010-08-23 00:00:00,0.9487411152032352
2010-08-24 00:00:00,0.9616250252457523
2010-08-25 00:00:00,0.9802727897809745
2010-08-26 00:00:00,0.9819680411023582
2010-08-27 00:00:00,0.9856975940094028
2010-08-30 00:00:00,0.9833242421594653
2010-08-31 00:00:00,0.9934957500877684
2010-09-01 00:00:00,0.9945129008805987
2010-09-02 00:00:00,1.0053625093374552
2010-09-03 00:00:00,1.01010921303733
2010-09-07 00:00:00,1.0080749114516694
2010-09-08 00:00:00,1.0128216151515441
2010-09-09 00:00:00,1.0067187103945623
2010-09-10 00:00:00,1.01010921303733
2010-09-13 00:00:00,1.0141778162086512
2010-09-14 00:00:00,1.0314693796867662
2010-09-15 00:00:00,1.0355379828580875
2010-09-16 00:00:00,1.0416408876150691
2010-09-17 00:00:00,1.0396065860294086
2010-09-20 00:00:00,1.0396065860294086
2010-09-21 00:00:00,1.0497780939577115
2010-09-22 00:00:00,1.053914507181888
2010-09-23 00:00:00,1.0521514458076489
2010-09-24 00:00:00,1.064018205057336
2010-09-27 00:00:00,1.0633401045287822
2010-09-28 00:00:00,1.0735116124570854
2010-09-29 00:00:00,1.0772411653641296
2010-09-30 00:00:00,1.0741897129856388
2010-10-01 00:00:00,1.0857174219710488
2010-10-04 00:00:00,1.080970718271174
2010-10-05 00:00:00,1.1091118902061456
2010-10-06 00:00:00,1.1209786494558327
2010-10-07 00:00:00,1.098262281749289
2010-10-08 00:00:00,1.1223348505129396
2010-10-11 00:00:00,1.1240301018343235
2010-10-12 00:00:00,1.126064403419984
2010-10-13 00:00:00,1.1481026705979738
2010-10-14 00:00:00,1.1663435748160638
2010-10-15 00:00:00,1.1569179774691696
2010-10-18 00:00:00,1.164038033018982
2010-10-19 00:00:00,1.126064403419984
2010-10-20 00:00:00,1.1426778663695456
2010-10-21 00:00:00,1.1175881468130648
2010-10-22 00:00:00,1.12335200130577
2010-10-25 00:00:00,1.13487971029118
2010-10-26 00:00:00,1.1409826150481617
2010-10-27 00:00:00,1.1337947494454943
2010-10-28 00:00:00,1.1460683690123132
2010-10-29 00:00:00,1.171158088568794
2010-11-01 00:00:00,1.1677675859260264
2010-11-02 00:00:00,1.1759047922686687
2010-11-03 00:00:00,1.1738365856565802
2010-11-04 00:00:00,1.2206594271532019
2010-11-05 00:00:00,1.2399852922169774
2010-11-08 00:00:00,1.2721950673232703
2010-11-09 00:00:00,1.239307191688424
2010-11-10 00:00:00,1.2576159059593692
2010-11-11 00:00:00,1.2708388662661632
2010-11-12 00:00:00,1.2168620641933021
2010-11-15 00:00:00,1.1969259086538282
2010-11-16 00:00:00,1.1969259086538282
2010-11-17 00:00:00,1.1992992605037656
2010-11-18 00:00:00,1.245071046181129
2010-11-19 00:00:00,1.258294006487923
2010-11-22 00:00:00,1.272873167851824
2010-11-23 00:00:00,1.2625321347913823
2010-11-24 00:00:00,1.2650750117734582
2010-11-26 00:00:00,1.23761194036704
2010-11-29 00:00:00,1.2518520514666645
2010-11-30 00:00:00,1.2820275249872966
2010-12-01 00:00:00,1.2945723847655368
2010-12-02 00:00:00,1.2986409879368581
2010-12-03 00:00:00,1.3212725930773324
2010-12-06 00:00:00,1.3522109296925873
2010-12-07 00:00:00,1.3037267419010097
2010-12-08 00:00:00,1.2908428318584924
2010-12-09 00:00:00,1.3020314905796257
2010-12-10 00:00:00,1.3003362392582418
2010-12-13 00:00:00,1.3305117127788741
2010-12-14 00:00:00,1.3284774111932134
2010-12-15 00:00:00,1.3037267419010097
2010-12-16 00:00:00,1.310507747186545
2010-12-17 00:00:00,1.3182211406988413
2010-12-20 00:00:00,1.325086908550446
2010-12-21 00:00:00,1.3227135567005086
2010-12-22 00:00:00,1.320340204850571
2010-12-23 00:00:00,1.3216964059076783
2010-12-27 00:00:00,1.3210183053791247
2010-12-28 00:00:00,1.3528890302211407
2010-12-29 00:00:00,1.3644167392065507
2010-12-30 00:00:00,1.3606871862995062
2010-12-31 00:00:00,1.3749272973991304
2011-01-03 00:00:00,1.3681462921135952
2011-01-04 00:00:00,1.3376317683286862
2011-01-05 00:00:00,1.3216964059076783
2011-01-06 00:00:00,1.3152544508864197
2011-01-07 00:00:00,1.3044048424295631
2011-01-10 00:00:00,1.3108467974508216
2011-01-11 00:00:00,1.3312745758734967
2011-01-12 00:00:00,1.334919366214472
2011-01-13 00:00:00,1.3010143397867955
2011-01-14 00:00:00,1.2921990329155995
2011-01-18 00:00:00,1.306184856317016
2011-01-19 00:00:00,1.3037267419010097
2011-01-20 00:00:00,1.2620235593949674
2011-01-21 00:00:00,1.2613454588664137
2011-01-24 00:00:00,1.2454100964454056
2011-01-25 00:00:00,1.2410024430098079
2011-01-26 00:00:00,1.2633797604520745
2011-01-27 00:00:00,1.2430367445954684
2011-01-28 00:00:00,1.2772808212874218
2011-01-31 00:00:00,1.2804000837187681
2011-02-01 00:00:00,1.2966066863511976
2011-02-02 00:00:00,1.2905037815942157
2011-02-03 00:00:00,1.3106772723186833
2011-02-04 00:00:00,1.314576350357866
2011-02-07 00:00:00,1.323391657229062
2011-02-08 00:00:00,1.3566185831281852
2011-02-09 00:00:00,1.3524821699040086
2011-02-10 00:00:00,1.3505156783712033
2011-02-11 00:00:00,1.3420394217642841
2011-02-14 00:00:00,1.3674681915850417
2011-02-15 00:00:00,1.3688243926421488
2011-02-16 00:00:00,1.3674681915850417
2011-02-17 00:00:00,1.4037465698626557
2011-02-18 00:00:00,1.4294296273816207
2011-02-22 00:00:00,1.4454497523686978
2011-02-23 00:00:00,1.4607070142611525
2011-02-24 00:00:00,1.4093408992232224
2011-02-25 00:00:00,1.4556212602970011
2011-02-28 00:00:00,1.474269024832223
2011-03-01 00:00:00,1.5001216074833263
2011-03-02 00:00:00,1.4990196941244271
2011-03-03 00:00:00,1.4846100578926644
2011-03-04 00:00:00,1.5279237291540215
2011-03-07 00:00:00,1.5461476808588972
2011-03-08 00:00:00,1.5444524295375135
2011-03-09 00:00:00,1.5475038819160047
2011-03-10 00:00:00,1.5166503078668188
2011-03-11 00:00:00,1.5393327705469346
2011-03-14 00:00:00,1.5386885750448087
2011-03-15 00:00:00,1.4912215380460614
2011-03-16 00:00:00,1.4830843317034188
2011-03-17 00:00:00,1.4878649404297213
2011-03-18 00:00:00,1.5135988554883282
2011-03-21 00:00:00,1.5485210327088348
2011-03-22 00:00:00,1.5565734764854082
2011-03-23 00:00:00,1.5881899136292164
2011-03-24 00:00:00,1.5763231543795297
2011-03-25 00:00:00,1.5854775115150024
2011-03-28 00:00:00,1.5786965062294671
2011-03-29 00:00:00,1.5780184057009135
2011-03-30 00:00:00,1.5902242152148771
2011-03-31 00:00:00,1.5983614215575197
2011-04-01 00:00:00,1.6014128739360103
2011-04-04 00:00:00,1.6258244929639374
2011-04-05 00:00:00,1.651592313048972
2011-04-06 00:00:00,1.6610857204487213
2011-04-07 00:00:00,1.6648152733557655
2011-04-08 00:00:00,1.7031279532190404
2011-04-11 00:00:00,1.6810896860410505
2011-04-12 00:00:00,1.6770210828697292
2011-04-13 00:00:00,1.693295495555014
2011-04-14 00:00:00,1.744153035196529
2011-04-15 00:00:00,1.7702599055458403
2011-04-18 00:00:00,1.7898909158474647
2011-04-19 00:00:00,1.8095897362019449
2011-04-20 00:00:00,1.8475972708273707
2011-04-21 00:00:00,1.8955389781961052
2011-04-25 00:00:00,1.9055409609922696
2011-04-26 00:00:00,1.8445119134224517
2011-04-27 00:00:00,1.9452098419126513
2011-04-28 00:00:00,1.9540251487838474
2011-04-29 00:00:00,1.9411412387413303
2011-05-02 00:00:00,1.80382588170924
2011-05-03 00:00:00,1.7275395722469675
2011-05-04 00:00:00,1.6492528662254622
2011-05-05 00:00:00,1.4949849959795332
2011-05-06 00:00:00,1.52071891103814
2011-05-09 00:00:00,1.6054814771073316
2011-05-10 00:00:00,1.6237901913782773
2011-05-11 00:00:00,1.5176674586596492
2011-05-12 00:00:00,1.4813890803820353
2011-05-13 00:00:00,1.5177013636860766
2011-05-16 00:00:00,1.4654537179610272
2011-05-17 00:00:00,1.4735909243036698
2011-05-18 00:00:00,1.5122426544312209
2011-05-19 00:00:00,1.5132598052240511
2011-05-20 00:00:00,1.510547403109837
2011-05-23 00:00:00,1.5135988554883282
2011-05-24 00:00:00,1.564456395129843
2011-05-25 00:00:00,1.603447175521671
2011-05-26 00:00:00,1.5895461146863235
2011-05-27 00:00:00,1.6071767284287155
2011-05-31 00:00:00,1.626502593492491
2011-06-01 00:00:00,1.5637782946012895
2011-06-02 00:00:00,1.5481819824445582
2011-06-03 00:00:00,1.5498772337659419
2011-06-06 00:00:00,1.5624220935441822
2011-06-07 00:00:00,1.5763231543795297
2011-06-08 00:00:00,1.5732717020010387
2011-06-09 00:00:00,1.5949709189147518
2011-06-10 00:00:00,1.5468257813874509
2011-06-13 00:00:00,1.5000368449172572
2011-06-14 00:00:00,1.5271608660593987
2011-06-15 00:00:00,1.5342809216092106
2011-06-16 00:00:00,1.526482765530845
2011-06-17 00:00:00,1.5366542734591482
2011-06-20 00:00:00,1.541400977159023
2011-06-21 00:00:00,1.5556410882586469
2011-06-22 00:00:00,1.5553020379943703
2011-06-23 00:00:00,1.5169893581310956
2011-06-24 00:00:00,1.4827452814391422
2011-06-27 00:00:00,1.4579946121469383
2011-06-28 00:00:00,1.4705394719251785
2011-06-29 00:00:00,1.504783548617132
2011-06-30 00:00:00,1.4990196941244271
2011-07-01 00:00:00,1.4705394719251785
2011-07-05 00:00:00,1.5258046650022914
2011-07-06 00:00:00,1.5417400274232995
2011-07-07 00:00:00,1.5553020379943703
2011-07-08 00:00:00,1.563812199627717
2011-07-11 00:00:00,1.5349590221377643
2011-07-12 00:00:00,1.5451305300660674
2011-07-13 00:00:00,1.6139577337142506
2011-07-14 00:00:00,1.6200606384712324
2011-07-15 00:00:00,1.6482018104062042
2011-07-18 00:00:00,1.6899049929122465
2011-07-19 00:00:00,1.6404036543278384
2011-07-20 00:00:00,1.6780382336625594
2011-07-21 00:00:00,1.6505751622561415
2011-07-22 00:00:00,1.6763429823411757
2011-07-25 00:00:00,1.6844801886838183
2011-07-26 00:00:00,1.7041451040118707
2011-07-27 00:00:00,1.6797334849839434
2011-07-28 00:00:00,1.665832424148596
2011-07-29 00:00:00,1.668883876527087
2011-08-01 00:00:00,1.6498970617275879
2011-08-02 00:00:00,1.7017717521619333
2011-08-03 00:00:00,1.726522421454137
2011-08-04 00:00:00,1.6268416437567679
2011-08-05 00:00:00,1.6170091860927416
2011-08-08 00:00:00,1.6390474532707313
2011-08-09 00:00:00,1.583104159665065
2011-08-10 00:00:00,1.6551184357974502
2011-08-11 00:00:00,1.6332835987780263
2011-08-12 00:00:00,1.644133207234883
2011-08-15 00:00:00,1.6627809717701054
2011-08-16 00:00:00,1.6749867812840686
2011-08-17 00:00:00,1.6851582892123718
2011-08-18 00:00:00,1.696346947933505
2011-08-19 00:00:00,1.764835101317412
2011-08-22 00:00:00,1.7970448764237046
2011-08-23 00:00:00,1.7292348235683512
2011-08-24 00:00:00,1.6682057759985334
2011-08-25 00:00:00,1.7078746569189152
2011-08-26 00:00:00,1.7217757177542623
2011-08-29 00:00:00,1.6983812495191657
2011-08-30 00:00:00,1.7214366674899857
2011-08-31 00:00:00,1.7231319188113696
2011-09-01 00:00:00,1.725505270661307
2011-09-02 00:00:00,1.7817876145312501
2011-09-06 00:00:00,1.7434749346679754
2011-09-07 00:00:00,1.7258443209255838
2011-09-08 00:00:00,1.7492387891606804
2011-09-09 00:00:00,1.725505270661307
2011-09-12 00:00:00,1.678716334191113
2011-09-13 00:00:00,1.703467003483317
2011-09-14 00:00:00,1.6943126463478444
2011-09-15 00:00:00,1.666849574941426
2011-09-16 00:00:00,1.6871925907980323
2011-09-19 00:00:00,1.6621028712415513
2011-09-20 00:00:00,1.6682057759985334
2011-09-21 00:00:00,1.6590514188630605
2011-09-22 00:00:00,1.535637122666318
2011-09-23 00:00:00,1.3681462921135952
2011-09-26 00:00:00,1.3609584265109278
2011-09-27 00:00:00,1.4084932735625304
2011-09-28 00:00:00,1.3305117127788741
2011-09-29 00:00:00,1.3674681915850417
2011-09-30 00:00:00,1.331867913835981
2011-10-03 00:00:00,1.3515328291640336
2011-10-04 00:00:00,1.337970818592963
2011-10-05 00:00:00,1.3572966836567386
2011-10-06 00:00:00,1.369953972502613
2011-10-07 00:00:00,1.369953972502613
2011-10-10 00:00:00,1.369953972502613
2011-10-11 00:00:00,1.369953972502613
2011-10-12 00:00:00,1.369953972502613
2011-10-13 00:00:00,1.369953972502613
2011-10-14 00:00:00,1.369953972502613
2011-10-17 00:00:00,1.369953972502613
2011-10-18 00:00:00,1.369953972502613
2011-10-19 00:00:00,1.369953972502613
2011-10-20 00:00:00,1.369953972502613
2011-10-21 00:00:00,1.369953972502613
2011-10-24 00:00:00,1.369953972502613
2011-10-25 00:00:00,1.369953972502613
2011-10-26 00:00:00,1.369953972502613
2011-10-27 00:00:00,1.369953972502613
2011-10-28 00:00:00,1.369953972502613
2011-10-31 00:00:00,1.369953972502613
2011-11-01 00:00:00,1.369953972502613
2011-11-02 00:00:00,1.369953972502613
2011-11-03 00:00:00,1.369953972502613
2011-11-04 00:00:00,1.369953972502613
2011-11-07 00:00:00,1.369953972502613
2011-11-08 00:00:00,1.369953972502613
2011-11-09 00:00:00,1.369953972502613
2011-11-10 00:00:00,1.369953972502613
2011-11-11 00:00:00,1.369953972502613
2011-11-14 00:00:00,1.369953972502613
2011-11-15 00:00:00,1.369953972502613
2011-11-16 00:00:00,1.369953972502613
2011-11-17 00:00:00,1.369953972502613
2011-11-18 00:00:00,1.369953972502613
2011-11-21 00:00:00,1.369953972502613
2011-11-22 00:00:00,1.369953972502613
2011-11-23 00:00:00,1.369953972502613
2011-11-25 00:00:00,1.369953972502613
2011-11-28 00:00:00,1.369953972502613
2011-11-29 00:00:00,1.369953972502613
2011-11-30 00:00:00,1.369953972502613
2011-12-01 00:00:00,1.369953972502613
2011-12-02 00:00:00,1.369953972502613
2011-12-05 00:00:00,1.369953972502613
2011-12-06 00:00:00,1.369953972502613
2011-12-07 00:00:00,1.369953972502613
2011-12-08 00:00:00,1.369953972502613
2011-12-09 00:00:00,1.369953972502613
2011-12-12 00:00:00,1.369953972502613
2011-12-13 00:00:00,1.369953972502613
2011-12-14 00:00:00,1.369953972502613
2011-12-15 00:00:00,1.369953972502613
2011-12-16 00:00:00,1.369953972502613
2011-12-19 00:00:00,1.369953972502613
2011-12-20 00:00:00,1.369953972502613
2011-12-21 00:00:00,1.369953972502613
2011-12-22 00:00:00,1.369953972502613
2011-12-23 00:00:00,1.369953972502613
2011-12-27 00:00:00,1.369953972502613
2011-12-28 00:00:00,1.369953972502613
2011-12-29 00:00:00,1.369953972502613
2011-12-30 00:00:00,1.369953972502613
2012-01-03 00:00:00,1.369953972502613
2012-01-04 00:00:00,1.369953972502613
2012-01-05 00:00:00,1.369953972502613
2012-01-06 00:00:00,1.369953972502613
2012-01-09 00:00:00,1.369953972502613
2012-01-10 00:00:00,1.369953972502613
2012-01-11 00:00:00,1.369953972502613
2012-01-12 00:00:00,1.369953972502613
2012-01-13 00:00:00,1.369953972502613
2012-01-17 00:00:00,1.369953972502613
2012-01-18 00:00:00,1.369953972502613
2012-01-19 00:00:00,1.369953972502613
2012-01-20 00:00:00,1.369953972502613
2012-01-23 00:00:00,1.369953972502613
2012-01-24 00:00:00,1.369953972502613
2012-01-25 00:00:00,1.369953972502613
2012-01-26 00:00:00,1.369953972502613
2012-01-27 00:00:00,1.369953972502613
2012-01-30 00:00:00,1.369953972502613
2012-01-31 00:00:00,1.369953972502613
2012-02-01 00:00:00,1.369953972502613
2012-02-02 00:00:00,1.369953972502613
2012-02-03 00:00:00,1.369953972502613
2012-02-06 00:00:00,1.369953972502613
2012-02-07 00:00:00,1.369953972502613
2012-02-08 00:00:00,1.369953972502613
2012-02-09 00:00:00,1.369953972502613
2012-02-10 00:00:00,1.369953972502613
2012-02-13 00:00:00,1.369953972502613
2012-02-14 00:00:00,1.369953972502613
2012-02-15 00:00:00,1.369953972502613
2012-02-16 00:00:00,1.369953972502613
2012-02-17 00:00:00,1.369953972502613
2012-02-21 00:00:00,1.369953972502613
2012-02-22 00:00:00,1.369953972502613
2012-02-23 00:00:00,1.369953972502613
2012-02-24 00:00:00,1.369953972502613
2012-02-27 00:00:00,1.369953972502613
2012-02-28 00:00:00,1.369953972502613
2012-02-29 00:00:00,1.369953972502613
2012-03-01 00:00:00,1.369953972502613
2012-03-02 00:00:00,1.369953972502613
2012-03-05 00:00:00,1.369953972502613
2012-03-06 00:00:00,1.369953972502613
2012-03-07 00:00:00,1.369953972502613
2012-03-08 00:00:00,1.369953972502613
2012-03-09 00:00:00,1.369953972502613
2012-03-12 00:00:00,1.369953972502613
2012-03-13 00:00:00,1.369953972502613
2012-03-14 00:00:00,1.369953972502613
2012-03-15 00:00:00,1.369953972502613
2012-03-16 00:00:00,1.369953972502613
2012-03-19 00:00:00,1.369953972502613
2012-03-20 00:00:00,1.369953972502613
2012-03-21 00:00:00,1.369953972502613
2012-03-22 00:00:00,1.369953972502613
2012-03-23 00:00:00,1.369953972502613
2012-03-26 00:00:00,1.369953972502613
2012-03-27 00:00:00,1.369953972502613
2012-03-28 00:00:00,1.369953972502613
2012-03-29 00:00:00,1.369953972502613
2012-03-30 00:00:00,1.369953972502613
2012-04-02 00:00:00,1.369953972502613
2012-04-03 00:00:00,1.369953972502613
2012-04-04 00:00:00,1.369953972502613
2012-04-05 00:00:00,1.369953972502613
2012-04-09 00:00:00,1.369953972502613
2012-04-10 00:00:00,1.369953972502613
2012-04-11 00:00:00,1.369953972502613
2012-04-12 00:00:00,1.369953972502613
2012-04-13 00:00:00,1.369953972502613
2012-04-16 00:00:00,1.369953972502613
2012-04-17 00:00:00,1.369953972502613
2012-04-18 00:00:00,1.369953972502613
2012-04-19 00:00:00,1.369953972502613
2012-04-20 00:00:00,1.369953972502613
2012-04-23 00:00:00,1.369953972502613
2012-04-24 00:00:00,1.369953972502613
2012-04-25 00:00:00,1.369953972502613
2012-04-26 00:00:00,1.369953972502613
2012-04-27 00:00:00,1.369953972502613
2012-04-30 00:00:00,1.369953972502613
2012-05-01 00:00:00,1.369953972502613
2012-05-02 00:00:00,1.369953972502613
2012-05-03 00:00:00,1.369953972502613
2012-05-04 00:00:00,1.369953972502613
2012-05-07 00:00:00,1.369953972502613
2012-05-08 00:00:00,1.369953972502613
2012-05-09 00:00:00,1.369953972502613
2012-05-10 00:00:00,1.369953972502613
2012-05-11 00:00:00,1.369953972502613
2012-05-14 00:00:00,1.369953972502613
2012-05-15 00:00:00,1.369953972502613
2012-05-16 00:00:00,1.369953972502613
2012-05-17 00:00:00,1.369953972502613
2012-05-18 00:00:00,1.369953972502613
2012-05-21 00:00:00,1.369953972502613
2012-05-22 00:00:00,1.369953972502613
2012-05-23 00:00:00,1.369953972502613
2012-05-24 00:00:00,1.369953972502613
2012-05-25 00:00:00,1.369953972502613
2012-05-29 00:00:00,1.369953972502613
2012-05-30 00:00:00,1.369953972502613
2012-05-31 00:00:00,1.369953972502613
2012-06-01 00:00:00,1.369953972502613
2012-06-04 00:00:00,1.369953972502613
2012-06-05 00:00:00,1.369953972502613
2012-06-06 00:00:00,1.369953972502613
2012-06-07 00:00:00,1.369953972502613
2012-06-08 00:00:00,1.369953972502613
2012-06-11 00:00:00,1.369953972502613
2012-06-12 00:00:00,1.369953972502613
2012-06-13 00:00:00,1.369953972502613
2012-06-14 00:00:00,1.369953972502613
2012-06-15 00:00:00,1.369953972502613
2012-06-18 00:00:00,1.369953972502613
2012-06-19 00:00:00,1.369953972502613
2012-06-20 00:00:00,1.369953972502613
2012-06-21 00:00:00,1.369953972502613
2012-06-22 00:00:00,1.369953972502613
2012-06-25 00:00:00,1.369953972502613
2012-06-26 00:00:00,1.369953972502613
2012-06-27 00:00:00,1.369953972502613
2012-06-28 00:00:00,1.369953972502613
2012-06-29 00:00:00,1.369953972502613
2012-07-02 00:00:00,1.369953972502613
2012-07-03 00:00:00,1.369953972502613
2012-07-05 00:00:00,1.369953972502613
2012-07-06 00:00:00,1.369953972502613
2012-07-09 00:00:00,1.369953972502613
2012-07-10 00:00:00,1.369953972502613
2012-07-11 00:00:00,1.369953972502613
2012-07-12 00:00:00,1.369953972502613
2012-07-13 00:00:00,1.369953972502613
2012-07-16 00:00:00,1.369953972502613
2012-07-17 00:00:00,1.369953972502613
2012-07-18 00:00:00,1.369953972502613
2012-07-19 00:00:00,1.369953972502613
2012-07-20 00:00:00,1.369953972502613
2012-07-23 00:00:00,1.369953972502613
2012-07-24 00:00:00,1.369953972502613
2012-07-25 00:00:00,1.369953972502613
2012-07-26 00:00:00,1.369953972502613
2012-07-27 00:00:00,1.369953972502613
2012-07-30 00:00:00,1.369953972502613
2012-07-31 00:00:00,1.369953972502613
2012-08-01 00:00:00,1.369953972502613
2012-08-02 00:00:00,1.369953972502613
2012-08-03 00:00:00,1.369953972502613
2012-08-06 00:00:00,1.369953972502613
2012-08-07 00:00:00,1.369953972502613
2012-08-08 00:00:00,1.369953972502613
2012-08-09 00:00:00,1.369953972502613
2012-08-10 00:00:00,1.369953972502613
2012-08-13 00:00:00,1.369953972502613
2012-08-14 00:00:00,1.369953972502613
2012-08-15 00:00:00,1.369953972502613
2012-08-16 00:00:00,1.369953972502613
2012-08-17 00:00:00,1.369953972502613
2012-08-20 00:00:00,1.369953972502613
2012-08-21 00:00:00,1.369953972502613
2012-08-22 00:00:00,1.369953972502613
2012-08-23 00:00:00,1.369953972502613
2012-08-24 00:00:00,1.369953972502613
2012-08-27 00:00:00,1.369953972502613
2012-08-28 00:00:00,1.369953972502613
2012-08-29 00:00:00,1.369953972502613
2012-08-30 00:00:00,1.369953972502613
2012-08-31 00:00:00,1.369953972502613
2012-09-04 00:00:00,1.369953972502613
2012-09-05 00:00:00,1.369953972502613
2012-09-06 00:00:00,1.369953972502613
2012-09-07 00:00:00,1.369953972502613
2012-09-10 00:00:00,1.369953972502613
2012-09-11 00:00:00,1.369953972502613
2012-09-12 00:00:00,1.3510287985805196
2012-09-13 00:00:00,1.3387488313373392
2012-09-14 00:00:00,1.3387488313373392
2012-09-17 00:00:00,1.3387488313373392
2012-09-18 00:00:00,1.3387488313373392
2012-09-19 00:00:00,1.3387488313373392
2012-09-20 00:00:00,1.3387488313373392
2012-09-21 00:00:00,1.3387488313373392
2012-09-24 00:00:00,1.3387488313373392
2012-09-25 00:00:00,1.3387488313373392
2012-09-26 00:00:00,1.3387488313373392
2012-09-27 00:00:00,1.3387488313373392
2012-09-28 00:00:00,1.3387488313373392
2012-10-01 00:00:00,1.3387488313373392
2012-10-02 00:00:00,1.3387488313373392
2012-10-03 00:00:00,1.3387488313373392
2012-10-04 00:00:00,1.3387488313373392
2012-10-05 00:00:00,1.3387488313373392
2012-10-08 00:00:00,1.3387488313373392
2012-10-09 00:00:00,1.3387488313373392
2012-10-10 00:00:00,1.3387488313373392
2012-10-11 00:00:00,1.3387488313373392
2012-10-12 00:00:00,1.3387488313373392
2012-10-15 00:00:00,1.3387488313373392
2012-10-16 00:00:00,1.3387488313373392
2012-10-17 00:00:00,1.3387488313373392
2012-10-18 00:00:00,1.3387488313373392
2012-10-19 00:00:00,1.3387488313373392
2012-10-22 00:00:00,1.3387488313373392
2012-10-23 00:00:00,1.3387488313373392
2012-10-24 00:00:00,1.3387488313373392
2012-10-25 00:00:00,1.3387488313373392
2012-10-26 00:00:00,1.3387488313373392
2012-10-31 00:00:00,1.3387488313373392
2012-11-01 00:00:00,1.3387488313373392
2012-11-02 00:00:00,1.3387488313373392
2012-11-05 00:00:00,1.3387488313373392
2012-11-06 00:00:00,1.3387488313373392
2012-11-07 00:00:00,1.3387488313373392
2012-11-08 00:00:00,1.3387488313373392
2012-11-09 00:00:00,1.3387488313373392
2012-11-12 00:00:00,1.3387488313373392
2012-11-13 00:00:00,1.3387488313373392
2012-11-14 00:00:00,1.3387488313373392
2012-11-15 00:00:00,1.3387488313373392
2012-11-16 00:00:00,1.3387488313373392
2012-11-19 00:00:00,1.3387488313373392
2012-11-20 00:00:00,1.3387488313373392
2012-11-21 00:00:00,1.3387488313373392
2012-11-23 00:00:00,1.3387488313373392
2012-11-26 00:00:00,1.3387488313373392
2012-11-27 00:00:00,1.3387488313373392
2012-11-28 00:00:00,1.3387488313373392
2012-11-29 00:00:00,1.3387488313373392
2012-11-30 00:00:00,1.3387488313373392
2012-12-03 00:00:00,1.3387488313373392
2012-12-04 00:00:00,1.3387488313373392
2012-12-05 00:00:00,1.3387488313373392
2012-12-06 00:00:00,1.3387488313373392
2012-12-07 00:00:00,1.3387488313373392
2012-12-10 00:00:00,1.3387488313373392
2012-12-11 00:00:00,1.3387488313373392
2012-12-12 00:00:00,1.3387488313373392
2012-12-13 00:00:00,1.3387488313373392
2012-12-14 00:00:00,1.3387488313373392
2012-12-17 00:00:00,1.3387488313373392
2012-12-18 00:00:00,1.3387488313373392
2012-12-19 00:00:00,1.3387488313373392
2012-12-20 00:00:00,1.3387488313373392
2012-12-21 00:00:00,1.3387488313373392
2012-12-24 00:00:00,1.3387488313373392
2012-12-26 00:00:00,1.3387488313373392
2012-12-27 00:00:00,1.3387488313373392
2012-12-28 00:00:00,1.3387488313373392
2012-12-31 00:00:00,1.3387488313373392
2013-01-02 00:00:00,1.3387488313373392
2013-01-03 00:00:00,1.3387488313373392
2013-01-04 00:00:00,1.3387488313373392
2013-01-07 00:00:00,1.3387488313373392
2013-01-08 00:00:00,1.3387488313373392
2013-01-09 00:00:00,1.3387488313373392
2013-01-10 00:00:00,1.3387488313373392
2013-01-11 00:00:00,1.3387488313373392
2013-01-14 00:00:00,1.3387488313373392
2013-01-15 00:00:00,1.3387488313373392
2013-01-16 00:00:00,1.3387488313373392
2013-01-17 00:00:00,1.3387488313373392
2013-01-18 00:00:00,1.3387488313373392
2013-01-22 00:00:00,1.3387488313373392
2013-01-23 00:00:00,1.3387488313373392
2013-01-24 00:00:00,1.3352963914740403
2013-01-25 00:00:00,1.3174249380640226
2013-01-28 00:00:00,1.3046245026821028
2013-01-29 00:00:00,1.3046245026821028
2013-01-30 00:00:00,1.3046245026821028
2013-01-31 00:00:00,1.3046245026821028
2013-02-01 00:00:00,1.3046245026821028
2013-02-04 00:00:00,1.3046245026821028
2013-02-05 00:00:00,1.3046245026821028
2013-02-06 00:00:00,1.3046245026821028
2013-02-07 00:00:00,1.3046245026821028
2013-02-08 00:00:00,1.3046245026821028
2013-02-11 00:00:00,1.3046245026821028
2013-02-12 00:00:00,1.3046245026821028
2013-02-13 00:00:00,1.3046245026821028
2013-02-14 00:00:00,1.3046245026821028
2013-02-15 00:00:00,1.3046245026821028
2013-02-19 00:00:00,1.3046245026821028
2013-02-20 00:00:00,1.3046245026821028
2013-02-21 00:00:00,1.3046245026821028
2013-02-22 00:00:00,1.3046245026821028
2013-02-25 00:00:00,1.3046245026821028
2013-02-26 00:00:00,1.3046245026821028
2013-02-27 00:00:00,1.3046245026821028
2013-02-28 00:00:00,1.3046245026821028
2013-03-01 00:00:00,1.3046245026821028
2013-03-04 00:00:00,1.3046245026821028
2013-03-05 00:00:00,1.3046245026821028
2013-03-06 00:00:00,1.3046245026821028
2013-03-07 00:00:00,1.3046245026821028
2013-03-08 00:00:00,1.3046245026821028
2013-03-11 00:00:00,1.3046245026821028
2013-03-12 00:00:00,1.3046245026821028
2013-03-13 00:00:00,1.3046245026821028
2013-03-14 00:00:00,1.3046245026821028
2013-03-15 00:00:00,1.3046245026821028
2013-03-18 00:00:00,1.3046245026821028
2013-03-19 00:00:00,1.3046245026821028
2013-03-20 00:00:00,1.3046245026821028
2013-03-21 00:00:00,1.3046245026821028
2013-03-22 00:00:00,1.3046245026821028
2013-03-25 00:00:00,1.3046245026821028
2013-03-26 00:00:00,1.3046245026821028
2013-03-27 00:00:00,1.3046245026821028
2013-03-28 00:00:00,1.3046245026821028
2013-04-01 00:00:00,1.3046245026821028
2013-04-02 00:00:00,1.3046245026821028
2013-04-03 00:00:00,1.3046245026821028
2013-04-04 00:00:00,1.3046245026821028
2013-04-05 00:00:00,1.3046245026821028
2013-04-08 00:00:00,1.3046245026821028
2013-04-09 00:00:00,1.3046245026821028
2013-04-10 00:00:00,1.3046245026821028
2013-04-11 00:00:00,1.3046245026821028
2013-04-12 00:00:00,1.3046245026821028
2013-04-15 00:00:00,1.3046245026821028
2013-04-16 00:00:00,1.3046245026821028
2013-04-17 00:00:00,1.3046245026821028
2013-04-18 00:00:00,1.3046245026821028
2013-04-19 00:00:00,1.3046245026821028
2013-04-22 00:00:00,1.3046245026821028
2013-04-23 00:00:00,1.3046245026821028
2013-04-24 00:00:00,1.3046245026821028
2013-04-25 00:00:00,1.3046245026821028
2013-04-26 00:00:00,1.3046245026821028
2013-04-29 00:00:00,1.3046245026821028
2013-04-30 00:00:00,1.3046245026821028
2013-05-01 00:00:00,1.3046245026821028
2013-05-02 00:00:00,1.3046245026821028
2013-05-03 00:00:00,1.3046245026821028
2013-05-06 00:00:00,1.3046245026821028
2013-05-07 00:00:00,1.3046245026821028
2013-05-08 00:00:00,1.3046245026821028
2013-05-09 00:00:00,1.3046245026821028
2013-05-10 00:00:00,1.3046245026821028
2013-05-13 00:00:00,1.3046245026821028
2013-05-14 00:00:00,1.3046245026821028
2013-05-15 00:00:00,1.3046245026821028
2013-05-16 00:00:00,1.3046245026821028
2013-05-17 00:00:00,1.3046245026821028
2013-05-20 00:00:00,1.3046245026821028
2013-05-21 00:00:00,1.3046245026821028
2013-05-22 00:00:00,1.3046245026821028
2013-05-23 00:00:00,1.3046245026821028
2013-05-24 00:00:00,1.3046245026821028
2013-05-28 00:00:00,1.3046245026821028
2013-05-29 00:00:00,1.3046245026821028
2013-05-30 00:00:00,1.3046245026821028
2013-05-31 00:00:00,1.3046245026821028
2013-06-03 00:00:00,1.3046245026821028
2013-06-04 00:00:00,1.3046245026821028
2013-06-05 00:00:00,1.3046245026821028
2013-06-06 00:00:00,1.3046245026821028
2013-06-07 00:00:00,1.3046245026821028
2013-06-10 00:00:00,1.3046245026821028
2013-06-11 00:00:00,1.3046245026821028
2013-06-12 00:00:00,1.3046245026821028
2013-06-13 00:00:00,1.3046245026821028
2013-06-14 00:00:00,1.3046245026821028
2013-06-17 00:00:00,1.3046245026821028
2013-06-18 00:00:00,1.3046245026821028
2013-06-19 00:00:00,1.3046245026821028
2013-06-20 00:00:00,1.3046245026821028
2013-06-21 00:00:00,1.3046245026821028
2013-06-24 00:00:00,1.3046245026821028
2013-06-25 00:00:00,1.3046245026821028
2013-06-26 00:00:00,1.3046245026821028
2013-06-27 00:00:00,1.3046245026821028
2013-06-28 00:00:00,1.3046245026821028
2013-07-01 00:00:00,1.3046245026821028
2013-07-02 00:00:00,1.3046245026821028
2013-07-03 00:00:00,1.3046245026821028
2013-07-05 00:00:00,1.3046245026821028
2013-07-08 00:00:00,1.3046245026821028
2013-07-09 00:00:00,1.3046245026821028
2013-07-10 00:00:00,1.3046245026821028
2013-07-11 00:00:00,1.3046245026821028
2013-07-12 00:00:00,1.3046245026821028
2013-07-15 00:00:00,1.3046245026821028
2013-07-16 00:00:00,1.3046245026821028
2013-07-17 00:00:00,1.3046245026821028
2013-07-18 00:00:00,1.3046245026821028
2013-07-19 00:00:00,1.3046245026821028
2013-07-22 00:00:00,1.3046245026821028
2013-07-23 00:00:00,1.3046245026821028
2013-07-24 00:00:00,1.3046245026821028
2013-07-25 00:00:00,1.3046245026821028
2013-07-26 00:00:00,1.3046245026821028
2013-07-29 00:00:00,1.3046245026821028
2013-07-30 00:00:00,1.3046245026821028
2013-07-31 00:00:00,1.3046245026821028
2013-08-01 00:00:00,1.3046245026821028
2013-08-02 00:00:00,1.3046245026821028
2013-08-05 00:00:00,1.3046245026821028
2013-08-06 00:00:00,1.3046245026821028
2013-08-07 00:00:00,1.3046245026821028
2013-08-08 00:00:00,1.3046245026821028
2013-08-09 00:00:00,1.3046245026821028
2013-08-12 00:00:00,1.3046245026821028
2013-08-13 00:00:00,1.3046245026821028
2013-08-14 00:00:00,1.3046245026821028
2013-08-15 00:00:00,1.3046245026821028
2013-08-16 00:00:00,1.3046245026821028
2013-08-19 00:00:00,1.3046245026821028
2013-08-20 00:00:00,1.3046245026821028
2013-08-21 00:00:00,1.3046245026821028
2013-08-22 00:00:00,1.3046245026821028
2013-08-23 00:00:00,1.3046245026821028
2013-08-26 00:00:00,1.3046245026821028
2013-08-27 00:00:00,1.3046245026821028
2013-08-28 00:00:00,1.3046245026821028
2013-08-29 00:00:00,1.3046245026821028
2013-08-30 00:00:00,1.3046245026821028
2013-09-03 00:00:00,1.3046245026821028
2013-09-04 00:00:00,1.3046245026821028
2013-09-05 00:00:00,1.3046245026821028
2013-09-06 00:00:00,1.3046245026821028
2013-09-09 00:00:00,1.3046245026821028
2013-09-10 00:00:00,1.3046245026821028
2013-09-11 00:00:00,1.3046245026821028
2013-09-12 00:00:00,1.3046245026821028
2013-09-13 00:00:00,1.3046245026821028
2013-09-16 00:00:00,1.3046245026821028
2013-09-17 00:00:00,1.3046245026821028
2013-09-18 00:00:00,1.3046245026821028
2013-09-19 00:00:00,1.3046245026821028
2013-09-20 00:00:00,1.3046245026821028
2013-09-23 00:00:00,1.3046245026821028
2013-09-24 00:00:00,1.3046245026821028
2013-09-25 00:00:00,1.3046245026821028
2013-09-26 00:00:00,1.3046245026821028
2013-09-27 00:00:00,1.3046245026821028
2013-09-30 00:00:00,1.3046245026821028
2013-10-01 00:00:00,1.3046245026821028
2013-10-02 00:00:00,1.3046245026821028
2013-10-03 00:00:00,1.3046245026821028
2013-10-04 00:00:00,1.3046245026821028
2013-10-07 00:00:00,1.3046245026821028
2013-10-08 00:00:00,1.3046245026821028
2013-10-09 00:00:00,1.3046245026821028
2013-10-10 00:00:00,1.3046245026821028
2013-10-11 00:00:00,1.3046245026821028
2013-10-14 00:00:00,1.3046245026821028
2013-10-15 00:00:00,1.3046245026821028
2013-10-16 00:00:00,1.3046245026821028
2013-10-17 00:00:00,1.3046245026821028
2013-10-18 00:00:00,1.3046245026821028
2013-10-21 00:00:00,1.3046245026821028
2013-10-22 00:00:00,1.3046245026821028
2013-10-23 00:00:00,1.3046245026821028
2013-10-24 00:00:00,1.3046245026821028
2013-10-25 00:00:00,1.3046245026821028
2013-10-28 00:00:00,1.3046245026821028
2013-10-29 00:00:00,1.3046245026821028
2013-10-30 00:00:00,1.3046245026821028
2013-10-31 00:00:00,1.3046245026821028
2013-11-01 00:00:00,1.3046245026821028
2013-11-04 00:00:00,1.3046245026821028
2013-11-05 00:00:00,1.3046245026821028
2013-11-06 00:00:00,1.3046245026821028
2013-11-07 00:00:00,1.3046245026821028
2013-11-08 00:00:00,1.3046245026821028
2013-11-11 00:00:00,1.3046245026821028
2013-11-12 00:00:00,1.3046245026821028
2013-11-13 00:00:00,1.3046245026821028
2013-11-14 00:00:00,1.3046245026821028
2013-11-15 00:00:00,1.3046245026821028
2013-11-18 00:00:00,1.3046245026821028
2013-11-19 00:00:00,1.3046245026821028
2013-11-20 00:00:00,1.3046245026821028
2013-11-21 00:00:00,1.3046245026821028
2013-11-22 00:00:00,1.3046245026821028
2013-11-25 00:00:00,1.3046245026821028
2013-11-26 00:00:00,1.3046245026821028
2013-11-27 00:00:00,1.3046245026821028
2013-11-29 00:00:00,1.3046245026821028
2013-12-02 00:00:00,1.3046245026821028
2013-12-03 00:00:00,1.3046245026821028
2013-12-04 00:00:00,1.3046245026821028
2013-12-05 00:00:00,1.3046245026821028
2013-12-06 00:00:00,1.3046245026821028
2013-12-09 00:00:00,1.3046245026821028
2013-12-10 00:00:00,1.3046245026821028
2013-12-11 00:00:00,1.3046245026821028
2013-12-12 00:00:00,1.3046245026821028
2013-12-13 00:00:00,1.3046245026821028
2013-12-16 00:00:00,1.3046245026821028
2013-12-17 00:00:00,1.3046245026821028
2013-12-18 00:00:00,1.3046245026821028
2013-12-19 00:00:00,1.3046245026821028
2013-12-20 00:00:00,1.3046245026821028
2013-12-23 00:00:00,1.3046245026821028
2013-12-24 00:00:00,1.3046245026821028
2013-12-26 00:00:00,1.3046245026821028
2013-12-27 00:00:00,1.3046245026821028
2013-12-30 00:00:00,1.3046245026821028
2013-12-31 00:00:00,1.3046245026821028
2014-01-02 00:00:00,1.3046245026821028
2014-01-03 00:00:00,1.3046245026821028
2014-01-06 00:00:00,1.3046245026821028
2014-01-07 00:00:00,1.3046245026821028
2014-01-08 00:00:00,1.3046245026821028
2014-01-09 00:00:00,1.3046245026821028
2014-01-10 00:00:00,1.3046245026821028
2014-01-13 00:00:00,1.3046245026821028
2014-01-14 00:00:00,1.3046245026821028
2014-01-15 00:00:00,1.3046245026821028
2014-01-16 00:00:00,1.3046245026821028
2014-01-17 00:00:00,1.3046245026821028
2014-01-21 00:00:00,1.3046245026821028
2014-01-22 00:00:00,1.3046245026821028
2014-01-23 00:00:00,1.3046245026821028
2014-01-24 00:00:00,1.3046245026821028
2014-01-27 00:00:00,1.3046245026821028
2014-01-28 00:00:00,1.3046245026821028
2014-01-29 00:00:00,1.3046245026821028
2014-01-30 00:00:00,1.3046245026821028
2014-01-31 00:00:00,1.3046245026821028
2014-02-03 00:00:00,1.3046245026821028
2014-02-04 00:00:00,1.3046245026821028
2014-02-05 00:00:00,1.3046245026821028
2014-02-06 00:00:00,1.3046245026821028
2014-02-07 00:00:00,1.3046245026821028
2014-02-10 00:00:00,1.3046245026821028
2014-02-11 00:00:00,1.3046245026821028
2014-02-12 00:00:00,1.3046245026821028
2014-02-13 00:00:00,1.3046245026821028
2014-02-14 00:00:00,1.3046245026821028
2014-02-18 00:00:00,1.3046245026821028
2014-02-19 00:00:00,1.3046245026821028
2014-02-20 00:00:00,1.3046245026821028
2014-02-21 00:00:00,1.3046245026821028
2014-02-24 00:00:00,1.3046245026821028
2014-02-25 00:00:00,1.3046245026821028
2014-02-26 00:00:00,1.3046245026821028
2014-02-27 00:00:00,1.3046245026821028
2014-02-28 00:00:00,1.3046245026821028
2014-03-03 00:00:00,1.3046245026821028
2014-03-04 00:00:00,1.3046245026821028
2014-03-05 00:00:00,1.3046245026821028
2014-03-06 00:00:00,1.3046245026821028
2014-03-07 00:00:00,1.3089041445435774
2014-03-10 00:00:00,1.3051594579147874
2014-03-11 00:00:00,1.3067643236128401
2014-03-12 00:00:00,1.3297673986182657
2014-03-13 00:00:00,1.3238828910587384
2014-03-14 00:00:00,1.3377917271085307
2014-03-17 00:00:00,1.3222780253606854
2014-03-18 00:00:00,1.3051594579147874
2014-03-19 00:00:00,1.2933904427957321
2014-03-20 00:00:00,1.2789466515132555
2014-03-21 00:00:00,1.2789466515132555
2014-03-24 00:00:00,1.2710293140695275
2014-03-25 00:00:00,1.2710293140695275
2014-03-26 00:00:00,1.2710293140695275
2014-03-27 00:00:00,1.2710293140695275
2014-03-28 00:00:00,1.2710293140695275
2014-03-31 00:00:00,1.2710293140695275
2014-04-01 00:00:00,1.2710293140695275
2014-04-02 00:00:00,1.2710293140695275
2014-04-03 00:00:00,1.2710293140695275
2014-04-04 00:00:00,1.2710293140695275
2014-04-07 00:00:00,1.2710293140695275
2014-04-08 00:00:00,1.2710293140695275
2014-04-09 00:00:00,1.2710293140695275
2014-04-10 00:00:00,1.2710293140695275
2014-04-11 00:00:00,1.2710293140695275
2014-04-14 00:00:00,1.2710293140695275
2014-04-15 00:00:00,1.2710293140695275
2014-04-16 00:00:00,1.2710293140695275
2014-04-17 00:00:00,1.2710293140695275
2014-04-21 00:00:00,1.2710293140695275
2014-04-22 00:00:00,1.2710293140695275
2014-04-23 00:00:00,1.2710293140695275
2014-04-24 00:00:00,1.2710293140695275
2014-04-25 00:00:00,1.2710293140695275
2014-04-28 00:00:00,1.2710293140695275
2014-04-29 00:00:00,1.2710293140695275
2014-04-30 00:00:00,1.2710293140695275
2014-05-01 00:00:00,1.2710293140695275
2014-05-02 00:00:00,1.2710293140695275
2014-05-05 00:00:00,1.2710293140695275
2014-05-06 00:00:00,1.2710293140695275
2014-05-07 00:00:00,1.2710293140695275
2014-05-08 00:00:00,1.2710293140695275
2014-05-09 00:00:00,1.2710293140695275
2014-05-12 00:00:00,1.2710293140695275
2014-05-13 00:00:00,1.2710293140695275
2014-05-14 00:00:00,1.2710293140695275
2014-05-15 00:00:00,1.2710293140695275
2014-05-16 00:00:00,1.2710293140695275
2014-05-19 00:00:00,1.2710293140695275
2014-05-20 00:00:00,1.2710293140695275
2014-05-21 00:00:00,1.2710293140695275
2014-05-22 00:00:00,1.2710293140695275
2014-05-23 00:00:00,1.2710293140695275
2014-05-27 00:00:00,1.2710293140695275
2014-05-28 00:00:00,1.2710293140695275
2014-05-29 00:00:00,1.2710293140695275
2014-05-30 00:00:00,1.2710293140695275
2014-06-02 00:00:00,1.2710293140695275
2014-06-03 00:00:00,1.2710293140695275
2014-06-04 00:00:00,1.2710293140695275
2014-06-05 00:00:00,1.2710293140695275
2014-06-06 00:00:00,1.2710293140695275
2014-06-09 00:00:00,1.2710293140695275
2014-06-10 00:00:00,1.2710293140695275
2014-06-11 00:00:00,1.2710293140695275
2014-06-12 00:00:00,1.2710293140695275
2014-06-13 00:00:00,1.2710293140695275
2014-06-16 00:00:00,1.2710293140695275
2014-06-17 00:00:00,1.2710293140695275
2014-06-18 00:00:00,1.2710293140695275
2014-06-19 00:00:00,1.2710293140695275
2014-06-20 00:00:00,1.2710293140695275
2014-06-23 00:00:00,1.2710293140695275
2014-06-24 00:00:00,1.2710293140695275
2014-06-25 00:00:00,1.2710293140695275
2014-06-26 00:00:00,1.2710293140695275
2014-06-27 00:00:00,1.2710293140695275
2014-06-30 00:00:00,1.2710293140695275
2014-07-01 00:00:00,1.2710293140695275
2014-07-02 00:00:00,1.2710293140695275
2014-07-03 00:00:00,1.2710293140695275
2014-07-07 00:00:00,1.2710293140695275
2014-07-08 00:00:00,1.2710293140695275
2014-07-09 00:00:00,1.2691509456250896
2014-07-10 00:00:00,1.2848040159954042
2014-07-11 00:00:00,1.2879346300694667
2014-07-14 00:00:00,1.2585068577732759
2014-07-15 00:00:00,1.2484102081248587
2014-07-16 00:00:00,1.2484102081248587
2014-07-17 00:00:00,1.2484102081248587
2014-07-18 00:00:00,1.2484102081248587
2014-07-21 00:00:00,1.2484102081248587
2014-07-22 00:00:00,1.2484102081248587
2014-07-23 00:00:00,1.2484102081248587
2014-07-24 00:00:00,1.2484102081248587
2014-07-25 00:00:00,1.2484102081248587
2014-07-28 00:00:00,1.2484102081248587
2014-07-29 00:00:00,1.2484102081248587
2014-07-30 00:00:00,1.2484102081248587
2014-07-31 00:00:00,1.2484102081248587
2014-08-01 00:00:00,1.2484102081248587
2014-08-04 00:00:00,1.2484102081248587
2014-08-05 00:00:00,1.2484102081248587
2014-08-06 00:00:00,1.2484102081248587
2014-08-07 00:00:00,1.2484102081248587
2014-08-08 00:00:00,1.2484102081248587
2014-08-11 00:00:00,1.2484102081248587
2014-08-12 00:00:00,1.2484102081248587
2014-08-13 00:00:00,1.2484102081248587
2014-08-14 00:00:00,1.2484102081248587
2014-08-15 00:00:00,1.2484102081248587
2014-08-18 00:00:00,1.2484102081248587
2014-08-19 00:00:00,1.2484102081248587
2014-08-20 00:00:00,1.2484102081248587
2014-08-21 00:00:00,1.2484102081248587
2014-08-22 00:00:00,1.2484102081248587
2014-08-25 00:00:00,1.2484102081248587
2014-08-26 00:00:00,1.2484102081248587
2014-08-27 00:00:00,1.2484102081248587
2014-08-28 00:00:00,1.2484102081248587
2014-08-29 00:00:00,1.2484102081248587
2014-09-02 00:00:00,1.2484102081248587
2014-09-03 00:00:00,1.2484102081248587
2014-09-04 00:00:00,1.2484102081248587
2014-09-05 00:00:00,1.2484102081248587
2014-09-08 00:00:00,1.2484102081248587
2014-09-09 00:00:00,1.2484102081248587
2014-09-10 00:00:00,1.2484102081248587
2014-09-11 00:00:00,1.2484102081248587
2014-09-12 00:00:00,1.2484102081248587
2014-09-15 00:00:00,1.2484102081248587
2014-09-16 00:00:00,1.2484102081248587
2014-09-17 00:00:00,1.2484102081248587
2014-09-18 00:00:00,1.2484102081248587
2014-09-19 00:00:00,1.2484102081248587
2014-09-22 00:00:00,1.2484102081248587
2014-09-23 00:00:00,1.2484102081248587
2014-09-24 00:00:00,1.2484102081248587
2014-09-25 00:00:00,1.2484102081248587
2014-09-26 00:00:00,1.2484102081248587
2014-09-29 00:00:00,1.2484102081248587
2014-09-30 00:00:00,1.2484102081248587
2014-10-01 00:00:00,1.2484102081248587
2014-10-02 00:00:00,1.2484102081248587
2014-10-03 00:00:00,1.2484102081248587
2014-10-06 00:00:00,1.2484102081248587
2014-10-07 00:00:00,1.2484102081248587
2014-10-08 00:00:00,1.2484102081248587
2014-10-09 00:00:00,1.2484102081248587
2014-10-10 00:00:00,1.2484102081248587
2014-10-13 00:00:00,1.2484102081248587
2014-10-14 00:00:00,1.2484102081248587
2014-10-15 00:00:00,1.2484102081248587
2014-10-16 00:00:00,1.2484102081248587
2014-10-17 00:00:00,1.2484102081248587
2014-10-20 00:00:00,1.2484102081248587
2014-10-21 00:00:00,1.2484102081248587
2014-10-22 00:00:00,1.2484102081248587
2014-10-23 00:00:00,1.2484102081248587
2014-10-24 00:00:00,1.2484102081248587
2014-10-27 00:00:00,1.2484102081248587
2014-10-28 00:00:00,1.2484102081248587
2014-10-29 00:00:00,1.2484102081248587
2014-10-30 00:00:00,1.2484102081248587
2014-10-31 00:00:00,1.2484102081248587
2014-11-03 00:00:00,1.2484102081248587
2014-11-04 00:00:00,1.2484102081248587
2014-11-05 00:00:00,1.2484102081248587
2014-11-06 00:00:00,1.2484102081248587
2014-11-07 00:00:00,1.2484102081248587
2014-11-10 00:00:00,1.2484102081248587
2014-11-11 00:00:00,1.2484102081248587
2014-11-12 00:00:00,1.2484102081248587
2014-11-13 00:00:00,1.2484102081248587
2014-11-14 00:00:00,1.2484102081248587
2014-11-17 00:00:00,1.2484102081248587
2014-11-18 00:00:00,1.2484102081248587
2014-11-19 00:00:00,1.2484102081248587
2014-11-20 00:00:00,1.2484102081248587
2014-11-21 00:00:00,1.2484102081248587
2014-11-24 00:00:00,1.2484102081248587
2014-11-25 00:00:00,1.2484102081248587
2014-11-26 00:00:00,1.2484102081248587
2014-11-28 00:00:00,1.2484102081248587
2014-12-01 00:00:00,1.2484102081248587
2014-12-02 00:00:00,1.2484102081248587
2014-12-03 00:00:00,1.2484102081248587
2014-12-04 00:00:00,1.2484102081248587
2014-12-05 00:00:00,1.2484102081248587
2014-12-08 00:00:00,1.2484102081248587
2014-12-09 00:00:00,1.2484102081248587
2014-12-10 00:00:00,1.2484102081248587
2014-12-11 00:00:00,1.2484102081248587
2014-12-12 00:00:00,1.2484102081248587
2014-12-15 00:00:00,1.2484102081248587
2014-12-16 00:00:00,1.2484102081248587
2014-12-17 00:00:00,1.2484102081248587
2014-12-18 00:00:00,1.2484102081248587
2014-12-19 00:00:00,1.2484102081248587
2014-12-22 00:00:00,1.2484102081248587
2014-12-23 00:00:00,1.2484102081248587
2014-12-24 00:00:00,1.2484102081248587
2014-12-26 00:00:00,1.2484102081248587
2014-12-29 00:00:00,1.2484102081248587
2014-12-30 00:00:00,1.2484102081248587
2014-12-31 00:00:00,1.2484102081248587
2015-01-02 00:00:00,1.2484102081248587
2015-01-05 00:00:00,1.2484102081248587
2015-01-06 00:00:00,1.2484102081248587
2015-01-07 00:00:00,1.2484102081248587
2015-01-08 00:00:00,1.2484102081248587
2015-01-09 00:00:00,1.2484102081248587
2015-01-12 00:00:00,1.2484102081248587
2015-01-13 00:00:00,1.2484102081248587
2015-01-14 00:00:00,1.2484102081248587
2015-01-15 00:00:00,1.2484102081248587
2015-01-16 00:00:00,1.2484102081248587
2015-01-20 00:00:00,1.2484102081248587
2015-01-21 00:00:00,1.2484102081248587
2015-01-22 00:00:00,1.2484102081248587
2015-01-23 00:00:00,1.2484102081248587
2015-01-26 00:00:00,1.2484102081248587
2015-01-27 00:00:00,1.2484102081248587
2015-01-28 00:00:00,1.2484102081248587
2015-01-29 00:00:00,1.2484102081248587
2015-01-30 00:00:00,1.2484102081248587
2015-02-02 00:00:00,1.2484102081248587
2015-02-03 00:00:00,1.2484102081248587
2015-02-04 00:00:00,1.2484102081248587
2015-02-05 00:00:00,1.2484102081248587
2015-02-06 00:00:00,1.2484102081248587
2015-02-09 00:00:00,1.2484102081248587
2015-02-10 00:00:00,1.2484102081248587
2015-02-11 00:00:00,1.2484102081248587
2015-02-12 00:00:00,1.2484102081248587
2015-02-13 00:00:00,1.2484102081248587
2015-02-17 00:00:00,1.2484102081248587
2015-02-18 00:00:00,1.2484102081248587
2015-02-19 00:00:00,1.2484102081248587
2015-02-20 00:00:00,1.2484102081248587
2015-02-23 00:00:00,1.2484102081248587
2015-02-24 00:00:00,1.2484102081248587
2015-02-25 00:00:00,1.2484102081248587
2015-02-26 00:00:00,1.2484102081248587
2015-02-27 00:00:00,1.2484102081248587
2015-03-02 00:00:00,1.2484102081248587
2015-03-03 00:00:00,1.2484102081248587
2015-03-04 00:00:00,1.2484102081248587
2015-03-05 00:00:00,1.2484102081248587
2015-03-06 00:00:00,1.2484102081248587
2015-03-09 00:00:00,1.2484102081248587
2015-03-10 00:00:00,1.2484102081248587
2015-03-11 00:00:00,1.2484102081248587
2015-03-12 00:00:00,1.2484102081248587
2015-03-13 00:00:00,1.2484102081248587
2015-03-16 00:00:00,1.2484102081248587
2015-03-17 00:00:00,1.2484102081248587
2015-03-18 00:00:00,1.2484102081248587
2015-03-19 00:00:00,1.2484102081248587
2015-03-20 00:00:00,1.2484102081248587
2015-03-23 00:00:00,1.2484102081248587
2015-03-24 00:00:00,1.2484102081248587
2015-03-25 00:00:00,1.2484102081248587
2015-03-26 00:00:00,1.2484102081248587
2015-03-27 00:00:00,1.2484102081248587
2015-03-30 00:00:00,1.2484102081248587
2015-03-31 00:00:00,1.2484102081248587
2015-04-01 00:00:00,1.2484102081248587
2015-04-02 00:00:00,1.2484102081248587
2015-04-06 00:00:00,1.2484102081248587
2015-04-07 00:00:00,1.2484102081248587
2015-04-08 00:00:00,1.2484102081248587
2015-04-09 00:00:00,1.2484102081248587
2015-04-10 00:00:00,1.2484102081248587
2015-04-13 00:00:00,1.2484102081248587
2015-04-14 00:00:00,1.2484102081248587
2015-04-15 00:00:00,1.2484102081248587
2015-04-16 00:00:00,1.2484102081248587
2015-04-17 00:00:00,1.2484102081248587
2015-04-20 00:00:00,1.2484102081248587
2015-04-21 00:00:00,1.2484102081248587
2015-04-22 00:00:00,1.2484102081248587
2015-04-23 00:00:00,1.2484102081248587
2015-04-24 00:00:00,1.2484102081248587
2015-04-27 00:00:00,1.2484102081248587
2015-04-28 00:00:00,1.2484102081248587
2015-04-29 00:00:00,1.2484102081248587
2015-04-30 00:00:00,1.2484102081248587
2015-05-01 00:00:00,1.2484102081248587
2015-05-04 00:00:00,1.2484102081248587
2015-05-05 00:00:00,1.2484102081248587
2015-05-06 00:00:00,1.2484102081248587
2015-05-07 00:00:00,1.2484102081248587
2015-05-08 00:00:00,1.2484102081248587
2015-05-11 00:00:00,1.2484102081248587
2015-05-12 00:00:00,1.2484102081248587
2015-05-13 00:00:00,1.2484102081248587
2015-05-14 00:00:00,1.2484102081248587
2015-05-15 00:00:00,1.2484102081248587
2015-05-18 00:00:00,1.2484102081248587
2015-05-19 00:00:00,1.2484102081248587
2015-05-20 00:00:00,1.2484102081248587
2015-05-21 00:00:00,1.2484102081248587
2015-05-22 00:00:00,1.2484102081248587
2015-05-26 00:00:00,1.2484102081248587
2015-05-27 00:00:00,1.2484102081248587
2015-05-28 00:00:00,1.2484102081248587
2015-05-29 00:00:00,1.2484102081248587
2015-06-01 00:00:00,1.2484102081248587
2015-06-02 00:00:00,1.2484102081248587
2015-06-03 00:00:00,1.2484102081248587
2015-06-04 00:00:00,1.2484102081248587
2015-06-05 00:00:00,1.2484102081248587
2015-06-08 00:00:00,1.2484102081248587
2015-06-09 00:00:00,1.2484102081248587
2015-06-10 00:00:00,1.2484102081248587
2015-06-11 00:00:00,1.2484102081248587
2015-06-12 00:00:00,1.2484102081248587
2015-06-15 00:00:00,1.2484102081248587
2015-06-16 00:00:00,1.2484102081248587
2015-06-17 00:00:00,1.2484102081248587
2015-06-18 00:00:00,1.2484102081248587
2015-06-19 00:00:00,1.2484102081248587
2015-06-22 00:00:00,1.2484102081248587
2015-06-23 00:00:00,1.2484102081248587
2015-06-24 00:00:00,1.2484102081248587
2015-06-25 00:00:00,1.2484102081248587
2015-06-26 00:00:00,1.2484102081248587
2015-06-29 00:00:00,1.2484102081248587
2015-06-30 00:00:00,1.2484102081248587
2015-07-01 00:00:00,1.2484102081248587
2015-07-02 00:00:00,1.2484102081248587
2015-07-06 00:00:00,1.2484102081248587
2015-07-07 00:00:00,1.2484102081248587
2015-07-08 00:00:00,1.2484102081248587
2015-07-09 00:00:00,1.2484102081248587
2015-07-10 00:00:00,1.2484102081248587
2015-07-13 00:00:00,1.2484102081248587
2015-07-14 00:00:00,1.2484102081248587
2015-07-15 00:00:00,1.2484102081248587
2015-07-16 00:00:00,1.2484102081248587
2015-07-17 00:00:00,1.2484102081248587
2015-07-20 00:00:00,1.2484102081248587
2015-07-21 00:00:00,1.2484102081248587
2015-07-22 00:00:00,1.2484102081248587
2015-07-23 00:00:00,1.2484102081248587
2015-07-24 00:00:00,1.2484102081248587
2015-07-27 00:00:00,1.2484102081248587
2015-07-28 00:00:00,1.2484102081248587
2015-07-29 00:00:00,1.2484102081248587
2015-07-30 00:00:00,1.2484102081248587
2015-07-31 00:00:00,1.2484102081248587
2015-08-03 00:00:00,1.2484102081248587
2015-08-04 00:00:00,1.2484102081248587
2015-08-05 00:00:00,1.2484102081248587
2015-08-06 00:00:00,1.2484102081248587
2015-08-07 00:00:00,1.2484102081248587
2015-08-10 00:00:00,1.2484102081248587
2015-08-11 00:00:00,1.2484102081248587
2015-08-12 00:00:00,1.2484102081248587
2015-08-13 00:00:00,1.2484102081248587
2015-08-14 00:00:00,1.2484102081248587
2015-08-17 00:00:00,1.2484102081248587
2015-08-18 00:00:00,1.2484102081248587
2015-08-19 00:00:00,1.2484102081248587
2015-08-20 00:00:00,1.2484102081248587
2015-08-21 00:00:00,1.2484102081248587
2015-08-24 00:00:00,1.2484102081248587
2015-08-25 00:00:00,1.2484102081248587
2015-08-26 00:00:00,1.2484102081248587
2015-08-27 00:00:00,1.2484102081248587
2015-08-28 00:00:00,1.2484102081248587
2015-08-31 00:00:00,1.2484102081248587
2015-09-01 00:00:00,1.2484102081248587
2015-09-02 00:00:00,1.2484102081248587
2015-09-03 00:00:00,1.2484102081248587
2015-09-04 00:00:00,1.2484102081248587
2015-09-08 00:00:00,1.2484102081248587
2015-09-09 00:00:00,1.2484102081248587
2015-09-10 00:00:00,1.2484102081248587
2015-09-11 00:00:00,1.2484102081248587
2015-09-14 00:00:00,1.2484102081248587
2015-09-15 00:00:00,1.2484102081248587
2015-09-16 00:00:00,1.2484102081248587
2015-09-17 00:00:00,1.2484102081248587
2015-09-18 00:00:00,1.2484102081248587
2015-09-21 00:00:00,1.2484102081248587
2015-09-22 00:00:00,1.2484102081248587
2015-09-23 00:00:00,1.2484102081248587
2015-09-24 00:00:00,1.2484102081248587
2015-09-25 00:00:00,1.2484102081248587
2015-09-28 00:00:00,1.2484102081248587
2015-09-29 00:00:00,1.2484102081248587
2015-09-30 00:00:00,1.2484102081248587
2015-10-01 00:00:00,1.2484102081248587
2015-10-02 00:00:00,1.2484102081248587
2015-10-05 00:00:00,1.2484102081248587
2015-10-06 00:00:00,1.2484102081248587
2015-10-07 00:00:00,1.2484102081248587
2015-10-08 00:00:00,1.2484102081248587
2015-10-09 00:00:00,1.2484102081248587
2015-10-12 00:00:00,1.2484102081248587
2015-10-13 00:00:00,1.2484102081248587
2015-10-14 00:00:00,1.2484102081248587
2015-10-15 00:00:00,1.2484102081248587
2015-10-16 00:00:00,1.2484102081248587
2015-10-19 00:00:00,1.2484102081248587
2015-10-20 00:00:00,1.2484102081248587
2015-10-21 00:00:00,1.2484102081248587
2015-10-22 00:00:00,1.2484102081248587
2015-10-23 00:00:00,1.2484102081248587
2015-10-26 00:00:00,1.2484102081248587
2015-10-27 00:00:00,1.2484102081248587
2015-10-28 00:00:00,1.2484102081248587
2015-10-29 00:00:00,1.2484102081248587
2015-10-30 00:00:00,1.2484102081248587
2015-11-02 00:00:00,1.2484102081248587
2015-11-03 00:00:00,1.2484102081248587
2015-11-04 00:00:00,1.2484102081248587
2015-11-05 00:00:00,1.2484102081248587
2015-11-06 00:00:00,1.2484102081248587
2015-11-09 00:00:00,1.2484102081248587
2015-11-10 00:00:00,1.2484102081248587
2015-11-11 00:00:00,1.2484102081248587
2015-11-12 00:00:00,1.2484102081248587
2015-11-13 00:00:00,1.2484102081248587
2015-11-16 00:00:00,1.2484102081248587
2015-11-17 00:00:00,1.2484102081248587
2015-11-18 00:00:00,1.2484102081248587
2015-11-19 00:00:00,1.2484102081248587
2015-11-20 00:00:00,1.2484102081248587
2015-11-23 00:00:00,1.2484102081248587
2015-11-24 00:00:00,1.2484102081248587
2015-11-25 00:00:00,1.2484102081248587
2015-11-27 00:00:00,1.2484102081248587
2015-11-30 00:00:00,1.2484102081248587
2015-12-01 00:00:00,1.2484102081248587
2015-12-02 00:00:00,1.2484102081248587
2015-12-03 00:00:00,1.2484102081248587
2015-12-04 00:00:00,1.2484102081248587
2015-12-07 00:00:00,1.2484102081248587
2015-12-08 00:00:00,1.2484102081248587
2015-12-09 00:00:00,1.2484102081248587
2015-12-10 00:00:00,1.2484102081248587
2015-12-11 00:00:00,1.2484102081248587
2015-12-14 00:00:00,1.2484102081248587
2015-12-15 00:00:00,1.2484102081248587
2015-12-16 00:00:00,1.2484102081248587
2015-12-17 00:00:00,1.2484102081248587
2015-12-18 00:00:00,1.2484102081248587
2015-12-21 00:00:00,1.2484102081248587
2015-12-22 00:00:00,1.2484102081248587
2015-12-23 00:00:00,1.2484102081248587
2015-12-24 00:00:00,1.2484102081248587
2015-12-28 00:00:00,1.2484102081248587
2015-12-29 00:00:00,1.2484102081248587
2015-12-30 00:00:00,1.2484102081248587
2015-12-31 00:00:00,1.2484102081248587
2016-01-04 00:00:00,1.2484102081248587
2016-01-05 00:00:00,1.2484102081248587
2016-01-06 00:00:00,1.2484102081248587
2016-01-07 00:00:00,1.2484102081248587
2016-01-08 00:00:00,1.2484102081248587
2016-01-11 00:00:00,1.2484102081248587
2016-01-12 00:00:00,1.2484102081248587
2016-01-13 00:00:00,1.2484102081248587
2016-01-14 00:00:00,1.2484102081248587
2016-01-15 00:00:00,1.2484102081248587
2016-01-19 00:00:00,1.2484102081248587
2016-01-20 00:00:00,1.2484102081248587
2016-01-21 00:00:00,1.2484102081248587
2016-01-22 00:00:00,1.2484102081248587
2016-01-25 00:00:00,1.2484102081248587
2016-01-26 00:00:00,1.2484102081248587
2016-01-27 00:00:00,1.2484102081248587
2016-01-28 00:00:00,1.2484102081248587
2016-01-29 00:00:00,1.2484102081248587
2016-02-01 00:00:00,1.2484102081248587
2016-02-02 00:00:00,1.2484102081248587
2016-02-03 00:00:00,1.2484102081248587
2016-02-04 00:00:00,1.2484102081248587
2016-02-05 00:00:00,1.2484102081248587
2016-02-08 00:00:00,1.2484102081248587
2016-02-09 00:00:00,1.2484102081248587
2016-02-10 00:00:00,1.2484102081248587
2016-02-11 00:00:00,1.2484102081248587
2016-02-12 00:00:00,1.2484102081248587
2016-02-16 00:00:00,1.2484102081248587
2016-02-17 00:00:00,1.2484102081248587
2016-02-18 00:00:00,1.2484102081248587
2016-02-19 00:00:00,1.2484102081248587
2016-02-22 00:00:00,1.2484102081248587
2016-02-23 00:00:00,1.2484102081248587
2016-02-24 00:00:00,1.2484102081248587
2016-02-25 00:00:00,1.2484102081248587
2016-02-26 00:00:00,1.2484102081248587
2016-02-29 00:00:00,1.2484102081248587
2016-03-01 00:00:00,1.245210846479031
2016-03-02 00:00:00,1.2516095697706862
2016-03-03 00:00:00,1.2716055800571084
2016-03-04 00:00:00,1.2924014307549874
2016-03-07 00:00:00,1.303599196515384
2016-03-08 00:00:00,1.281203664994591
2016-03-09 00:00:00,1.274005101291479
2016-03-10 00:00:00,1.2972004732237288
2016-03-11 00:00:00,1.28920206910916
2016-03-14 00:00:00,1.2780043033487636
2016-03-15 00:00:00,1.2748049417029361
2016-03-16 00:00:00,1.3011996752810133
2016-03-17 00:00:00,1.324395047213263
2016-03-18 00:00:00,1.3139971218643234
2016-03-21 00:00:00,1.3163966430986942
2016-03-22 00:00:00,1.3211956855674354
2016-03-23 00:00:00,1.272405420468565
2016-03-24 00:00:00,1.2660066971769102
2016-03-28 00:00:00,1.268406218411281
2016-03-29 00:00:00,1.279603984171677
2016-03-30 00:00:00,1.2708057396456516
2016-03-31 00:00:00,1.2860027074633325
2016-04-01 00:00:00,1.2588081334737982
2016-04-04 00:00:00,1.2476103677134016
2016-04-05 00:00:00,1.2652068567654533
2016-04-06 00:00:00,1.2588081334737982
2016-04-07 00:00:00,1.2700058992341947
2016-04-08 00:00:00,1.281203664994591
2016-04-11 00:00:00,1.3227953663903493
2016-04-12 00:00:00,1.3443910574996853
2016-04-13 00:00:00,1.346790578734056
2016-04-14 00:00:00,1.338792174619487
2016-04-15 00:00:00,1.34839025955697
2016-04-18 00:00:00,1.345190897911142
2016-04-19 00:00:00,1.4011797267131245
2016-04-20 00:00:00,1.402779407536038
2016-04-21 00:00:00,1.4083782904162365
2016-04-22 00:00:00,1.4019795671245812
2016-04-25 00:00:00,1.4051789287704088
2016-04-26 00:00:00,1.4147770137078914
2016-04-27 00:00:00,1.4219755774110034
2016-04-28 00:00:00,1.4531693534578223
2016-04-29 00:00:00,1.4699660020984169
2016-05-02 00:00:00,1.4427714281088826
2016-05-03 00:00:00,1.4371725452286843
2016-05-04 00:00:00,1.430773821937029
2016-05-05 00:00:00,1.4323735027599431
2016-05-06 00:00:00,1.4419715876974255
2016-05-09 00:00:00,1.4011797267131245
2016-05-10 00:00:00,1.4139771732964346
2016-05-11 00:00:00,1.4363727048172275
2016-05-12 00:00:00,1.4091781308276932
2016-05-13 00:00:00,1.4139771732964346
2016-05-16 00:00:00,1.417176534942262
2016-05-17 00:00:00,1.424375098645374
2016-05-18 00:00:00,1.3915816417756417
2016-05-19 00:00:00,1.3651869081975643
2016-05-20 00:00:00,1.366786589020478
2016-05-23 00:00:00,1.3587881849059094
2016-05-24 00:00:00,1.345190897911142
2016-05-25 00:00:00,1.3515896212027974
2016-05-26 00:00:00,1.353989142437168
2016-05-27 00:00:00,1.3427913766767716
2016-05-31 00:00:00,1.3267945684476337
2016-06-01 00:00:00,1.3251948876247197
2016-06-02 00:00:00,1.3291940896820045
2016-06-03 00:00:00,1.360387865728823
2016-06-06 00:00:00,1.3659867486090214
2016-06-07 00:00:00,1.359588025317366
2016-06-08 00:00:00,1.4083782904162365
2016-06-09 00:00:00,1.4291741411141154
2016-06-10 00:00:00,1.430773821937029
2016-06-13 00:00:00,1.437972385640141
2016-06-14 00:00:00,1.4347730239943135
2016-06-15 00:00:00,1.4467706301661671
2016-06-16 00:00:00,1.4163766945308052
2016-06-17 00:00:00,1.4395720664630551
2016-06-20 00:00:00,1.4435712685203395
2016-06-21 00:00:00,1.4219755774110034
2016-06-22 00:00:00,1.4251749390568311
2016-06-23 00:00:00,1.430773821937029
2016-06-24 00:00:00,1.4627674383953047
2016-06-27 00:00:00,1.4611677575723911
2016-06-28 00:00:00,1.4643671192182186
2016-06-29 00:00:00,1.5011597781452355
2016-06-30 00:00:00,1.5407518785123515
2016-07-01 00:00:00,1.610737914514829
2016-07-05 00:00:00,1.6299340843897945
2016-07-06 00:00:00,1.6395321693272773
2016-07-07 00:00:00,1.6083383932804587
2016-07-08 00:00:00,1.64913025426476
2016-07-11 00:00:00,1.655528977556415
2016-07-12 00:00:00,1.6387323289158204
2016-07-13 00:00:00,1.662727541259527
2016-07-14 00:00:00,1.6515297754991307
2016-07-15 00:00:00,1.6379324885043633
2016-07-18 00:00:00,1.6395321693272773
2016-07-19 00:00:00,1.6251350419210533
2016-07-20 00:00:00,1.585143021348209
2016-07-21 00:00:00,1.6219356802752256
2016-07-22 00:00:00,1.605139031634631
2016-07-25 00:00:00,1.5947411062856913
2016-07-26 00:00:00,1.6043391912231741
2016-07-27 00:00:00,1.661127860436613
2016-07-28 00:00:00,1.6483304138533033
2016-07-29 00:00:00,1.6595281796136996
2016-08-01 00:00:00,1.6659269029053547
2016-08-02 00:00:00,1.6795241899001219
2016-08-03 00:00:00,1.6619277008480702
2016-08-04 00:00:00,1.6595281796136996
2016-08-05 00:00:00,1.6083383932804587
2016-08-08 00:00:00,1.610737914514829
2016-08-09 00:00:00,1.621135839863769
2016-08-10 00:00:00,1.6443312117960187
2016-08-11 00:00:00,1.628334403566881
2016-08-12 00:00:00,1.6091382336919153
2016-08-15 00:00:00,1.617936478217941
2016-08-16 00:00:00,1.6171366378064844
2016-08-17 00:00:00,1.6059388720460877
2016-08-18 00:00:00,1.6131374357491999
2016-08-19 00:00:00,1.5795441384680107
2016-08-22 00:00:00,1.5491502028326487
2016-08-23 00:00:00,1.545950841186821
2016-08-24 00:00:00,1.5211557884316578
2016-08-25 00:00:00,1.5219556288431144
2016-08-26 00:00:00,1.5291541925462264
2016-08-29 00:00:00,1.5435513199524507
2016-08-30 00:00:00,1.525154990488942
2016-08-31 00:00:00,1.5291541925462264
2016-09-01 00:00:00,1.5467506815982783
2016-09-02 00:00:00,1.5867427021711227
2016-09-06 00:00:00,1.6355329672699928
2016-09-07 00:00:00,1.613937276160657
2016-09-08 00:00:00,1.6011398295773467
2016-09-09 00:00:00,1.560347968593045
2016-09-12 00:00:00,1.5651470110617867
2016-09-13 00:00:00,1.545950841186821
2016-09-14 00:00:00,1.553149404889933
2016-09-15 00:00:00,1.554749085712847
2016-09-16 00:00:00,1.540351958306623
2016-09-19 00:00:00,1.567546532296157
2016-09-20 00:00:00,1.5731454151763553
2016-09-21 00:00:00,1.619536159040855
2016-09-22 00:00:00,1.6235353610981393
2016-09-23 00:00:00,1.6059388720460877
2016-09-26 00:00:00,1.5843431809367519
2016-09-27 00:00:00,1.5651470110617867
2016-09-28 00:00:00,1.5683463727076141
2016-09-29 00:00:00,1.560347968593045
2016-09-30 00:00:00,1.567546532296157
2016-10-03 00:00:00,1.54115179871808
2016-10-04 00:00:00,1.4667666404525894
2016-10-05 00:00:00,1.4595680767494774
2016-10-06 00:00:00,1.4267746198797449
2016-10-07 00:00:00,1.4395720664630551
2016-10-10 00:00:00,1.4499699918119946
2016-10-11 00:00:00,1.4363727048172275
2016-10-12 00:00:00,1.4435712685203395
2016-10-13 00:00:00,1.4403719068745118
2016-10-14 00:00:00,1.4363727048172275
2016-10-17 00:00:00,1.4371725452286843
2016-10-18 00:00:00,1.4491701514005377
2016-10-19 00:00:00,1.4547690342807358
2016-10-20 00:00:00,1.4427714281088826
2016-10-21 00:00:00,1.4435712685203395
2016-10-24 00:00:00,1.4475704705776238
2016-10-25 00:00:00,1.460367917160934
2016-10-26 00:00:00,1.4483703109890809
2016-10-27 00:00:00,1.4499699918119946
2016-10-28 00:00:00,1.4611677575723911
2016-10-31 00:00:00,1.4691661616869598
2016-11-01 00:00:00,1.504359139791063
2016-11-02 00:00:00,1.5163567459629164
2016-11-03 00:00:00,1.5051589802025203
2016-11-04 00:00:00,1.5083583418483477
2016-11-07 00:00:00,1.4947610548535804
2016-11-08 00:00:00,1.503559299379606
2016-11-09 00:00:00,1.5075585014368904
2016-11-10 00:00:00,1.5163567459629164
2016-11-11 00:00:00,1.4291741411141154
2016-11-14 00:00:00,1.3915816417756417
2016-11-15 00:00:00,1.4067786095933226
2016-11-16 00:00:00,1.3987802054787537
2016-11-17 00:00:00,1.3787841951923314
2016-11-18 00:00:00,1.3699859506663057
2016-11-21 00:00:00,1.3691861102548488
2016-11-22 00:00:00,1.375584833546504
2016-11-23 00:00:00,1.353189302025711
2016-11-25 00:00:00,1.367131800142063
2016-11-28 00:00:00,1.367131800142063
2016-11-29 00:00:00,1.367131800142063
2016-11-30 00:00:00,1.367131800142063
2016-12-01 00:00:00,1.367131800142063
2016-12-02 00:00:00,1.367131800142063
2016-12-05 00:00:00,1.367131800142063
2016-12-06 00:00:00,1.367131800142063
2016-12-07 00:00:00,1.367131800142063
2016-12-08 00:00:00,1.367131800142063
2016-12-09 00:00:00,1.367131800142063
2016-12-12 00:00:00,1.367131800142063
2016-12-13 00:00:00,1.367131800142063
2016-12-14 00:00:00,1.367131800142063
2016-12-15 00:00:00,1.367131800142063
2016-12-16 00:00:00,1.367131800142063
2016-12-19 00:00:00,1.367131800142063
2016-12-20 00:00:00,1.367131800142063
2016-12-21 00:00:00,1.367131800142063
2016-12-22 00:00:00,1.367131800142063
2016-12-23 00:00:00,1.367131800142063
2016-12-27 00:00:00,1.367131800142063
2016-12-28 00:00:00,1.367131800142063
2016-12-29 00:00:00,1.367131800142063
2016-12-30 00:00:00,1.367131800142063
2017-01-03 00:00:00,1.367131800142063
2017-01-04 00:00:00,1.367131800142063
2017-01-05 00:00:00,1.367131800142063
2017-01-06 00:00:00,1.367131800142063
2017-01-09 00:00:00,1.367131800142063
2017-01-10 00:00:00,1.367131800142063
2017-01-11 00:00:00,1.367131800142063
2017-01-12 00:00:00,1.367131800142063
2017-01-13 00:00:00,1.367131800142063
2017-01-17 00:00:00,1.367131800142063
2017-01-18 00:00:00,1.367131800142063
2017-01-19 00:00:00,1.367131800142063
2017-01-20 00:00:00,1.367131800142063
2017-01-23 00:00:00,1.367131800142063
2017-01-24 00:00:00,1.367131800142063
2017-01-25 00:00:00,1.367131800142063
2017-01-26 00:00:00,1.367131800142063
2017-01-27 00:00:00,1.367131800142063
2017-01-30 00:00:00,1.367131800142063
2017-01-31 00:00:00,1.367131800142063
2017-02-01 00:00:00,1.367131800142063
2017-02-02 00:00:00,1.367131800142063
2017-02-03 00:00:00,1.367131800142063
2017-02-06 00:00:00,1.367131800142063
2017-02-07 00:00:00,1.367131800142063
2017-02-08 00:00:00,1.367131800142063
2017-02-09 00:00:00,1.367131800142063
2017-02-10 00:00:00,1.367131800142063
2017-02-13 00:00:00,1.367131800142063
2017-02-14 00:00:00,1.367131800142063
2017-02-15 00:00:00,1.367131800142063
2017-02-16 00:00:00,1.367131800142063
2017-02-17 00:00:00,1.367131800142063
2017-02-21 00:00:00,1.367131800142063
2017-02-22 00:00:00,1.367131800142063
2017-02-23 00:00:00,1.367131800142063
2017-02-24 00:00:00,1.367131800142063
2017-02-27 00:00:00,1.367131800142063
2017-02-28 00:00:00,1.367131800142063
2017-03-01 00:00:00,1.367131800142063
2017-03-02 00:00:00,1.367131800142063
2017-03-03 00:00:00,1.367131800142063
2017-03-06 00:00:00,1.367131800142063
2017-03-07 00:00:00,1.367131800142063
2017-03-08 00:00:00,1.367131800142063
2017-03-09 00:00:00,1.367131800142063
2017-03-10 00:00:00,1.367131800142063
2017-03-13 00:00:00,1.367131800142063
2017-03-14 00:00:00,1.367131800142063
2017-03-15 00:00:00,1.367131800142063
2017-03-16 00:00:00,1.367131800142063
2017-03-17 00:00:00,1.367131800142063
2017-03-20 00:00:00,1.367131800142063
2017-03-21 00:00:00,1.367131800142063
2017-03-22 00:00:00,1.367131800142063
2017-03-23 00:00:00,1.367131800142063
2017-03-24 00:00:00,1.367131800142063
2017-03-27 00:00:00,1.367131800142063
2017-03-28 00:00:00,1.367131800142063
2017-03-29 00:00:00,1.367131800142063
2017-03-30 00:00:00,1.367131800142063
2017-03-31 00:00:00,1.367131800142063
2017-04-03 00:00:00,1.367131800142063
2017-04-04 00:00:00,1.367131800142063
2017-04-05 00:00:00,1.367131800142063
2017-04-06 00:00:00,1.367131800142063
2017-04-07 00:00:00,1.367131800142063
2017-04-10 00:00:00,1.367131800142063
2017-04-11 00:00:00,1.367131800142063
2017-04-12 00:00:00,1.367131800142063
2017-04-13 00:00:00,1.367131800142063
2017-04-17 00:00:00,1.367131800142063
2017-04-18 00:00:00,1.367131800142063
2017-04-19 00:00:00,1.367131800142063
2017-04-20 00:00:00,1.3631366750685912
2017-04-21 00:00:00,1.3599405750098137
2017-04-24 00:00:00,1.3567444749510362
2017-04-25 00:00:00,1.3370210218783145
2017-04-26 00:00:00,1.3370210218783145
2017-04-27 00:00:00,1.3370210218783145
2017-04-28 00:00:00,1.3370210218783145
2017-05-01 00:00:00,1.3370210218783145
2017-05-02 00:00:00,1.3370210218783145
2017-05-03 00:00:00,1.3370210218783145
2017-05-04 00:00:00,1.3370210218783145
2017-05-05 00:00:00,1.3370210218783145
2017-05-08 00:00:00,1.3370210218783145
2017-05-09 00:00:00,1.3370210218783145
2017-05-10 00:00:00,1.3370210218783145
2017-05-11 00:00:00,1.3370210218783145
2017-05-12 00:00:00,1.3370210218783145
2017-05-15 00:00:00,1.3370210218783145
2017-05-16 00:00:00,1.3370210218783145
2017-05-17 00:00:00,1.3370210218783145
2017-05-18 00:00:00,1.3370210218783145
2017-05-19 00:00:00,1.3370210218783145
2017-05-22 00:00:00,1.3370210218783145
2017-05-23 00:00:00,1.3370210218783145
2017-05-24 00:00:00,1.3370210218783145
2017-05-25 00:00:00,1.3370210218783145
2017-05-26 00:00:00,1.3370210218783145
2017-05-30 00:00:00,1.3370210218783145
2017-05-31 00:00:00,1.3370210218783145
2017-06-01 00:00:00,1.3370210218783145
2017-06-02 00:00:00,1.3370210218783145
2017-06-05 00:00:00,1.3370210218783145
2017-06-06 00:00:00,1.3370210218783145
2017-06-07 00:00:00,1.3370210218783145
2017-06-08 00:00:00,1.3370210218783145
2017-06-09 00:00:00,1.3370210218783145
2017-06-12 00:00:00,1.3370210218783145
2017-06-13 00:00:00,1.3370210218783145
2017-06-14 00:00:00,1.3370210218783145
2017-06-15 00:00:00,1.3370210218783145
2017-06-16 00:00:00,1.3370210218783145
2017-06-19 00:00:00,1.3370210218783145
2017-06-20 00:00:00,1.3370210218783145
2017-06-21 00:00:00,1.3370210218783145
2017-06-22 00:00:00,1.3370210218783145
2017-06-23 00:00:00,1.3370210218783145
2017-06-26 00:00:00,1.3370210218783145
2017-06-27 00:00:00,1.3370210218783145
2017-06-28 00:00:00,1.3370210218783145
2017-06-29 00:00:00,1.3370210218783145
2017-06-30 00:00:00,1.3370210218783145
2017-07-03 00:00:00,1.3370210218783145
2017-07-05 00:00:00,1.3370210218783145
2017-07-06 00:00:00,1.3370210218783145
2017-07-07 00:00:00,1.3370210218783145
2017-07-10 00:00:00,1.3370210218783145
2017-07-11 00:00:00,1.3370210218783145
2017-07-12 00:00:00,1.3370210218783145
2017-07-13 00:00:00,1.3370210218783145
2017-07-14 00:00:00,1.3370210218783145
2017-07-17 00:00:00,1.3370210218783145
2017-07-18 00:00:00,1.3370210218783145
2017-07-19 00:00:00,1.3370210218783145
2017-07-20 00:00:00,1.3370210218783145
2017-07-21 00:00:00,1.3370210218783145
2017-07-24 00:00:00,1.3370210218783145
2017-07-25 00:00:00,1.3370210218783145
2017-07-26 00:00:00,1.3370210218783145
2017-07-27 00:00:00,1.3370210218783145
2017-07-28 00:00:00,1.3370210218783145
2017-07-31 00:00:00,1.3370210218783145
2017-08-01 00:00:00,1.3370210218783145
2017-08-02 00:00:00,1.3370210218783145
2017-08-03 00:00:00,1.3370210218783145
2017-08-04 00:00:00,1.3370210218783145
2017-08-07 00:00:00,1.3370210218783145
2017-08-08 00:00:00,1.3370210218783145
2017-08-09 00:00:00,1.3370210218783145
2017-08-10 00:00:00,1.3370210218783145
2017-08-11 00:00:00,1.3370210218783145
2017-08-14 00:00:00,1.3370210218783145
2017-08-15 00:00:00,1.3370210218783145
2017-08-16 00:00:00,1.3370210218783145
2017-08-17 00:00:00,1.3370210218783145
2017-08-18 00:00:00,1.3370210218783145
2017-08-21 00:00:00,1.3370210218783145
2017-08-22 00:00:00,1.3370210218783145
2017-08-23 00:00:00,1.3370210218783145
2017-08-24 00:00:00,1.3370210218783145
2017-08-25 00:00:00,1.3370210218783145
2017-08-28 00:00:00,1.3370210218783145
2017-08-29 00:00:00,1.3370210218783145
2017-08-30 00:00:00,1.3370210218783145
2017-08-31 00:00:00,1.3370210218783145
2017-09-01 00:00:00,1.3370210218783145
2017-09-05 00:00:00,1.3370210218783145
2017-09-06 00:00:00,1.3275776715177852
2017-09-07 00:00:00,1.3456774263754667
2017-09-08 00:00:00,1.339381859468447
2017-09-11 00:00:00,1.3197082128840103
2017-09-12 00:00:00,1.3291515632445399
2017-09-13 00:00:00,1.318921267020633
2017-09-14 00:00:00,1.3197082128840103
2017-09-15 00:00:00,1.3076864354348057
2017-09-18 00:00:00,1.3076864354348057
2017-09-19 00:00:00,1.3076864354348057
2017-09-20 00:00:00,1.3076864354348057
2017-09-21 00:00:00,1.3076864354348057
2017-09-22 00:00:00,1.3076864354348057
2017-09-25 00:00:00,1.3076864354348057
2017-09-26 00:00:00,1.3076864354348057
2017-09-27 00:00:00,1.3076864354348057
2017-09-28 00:00:00,1.3076864354348057
2017-09-29 00:00:00,1.3076864354348057
2017-10-02 00:00:00,1.3076864354348057
2017-10-03 00:00:00,1.3076864354348057
2017-10-04 00:00:00,1.3076864354348057
2017-10-05 00:00:00,1.3076864354348057
2017-10-06 00:00:00,1.3076864354348057
2017-10-09 00:00:00,1.3076864354348057
2017-10-10 00:00:00,1.3076864354348057
2017-10-11 00:00:00,1.3076864354348057
2017-10-12 00:00:00,1.3076864354348057
2017-10-13 00:00:00,1.3076864354348057
2017-10-16 00:00:00,1.3076864354348057
2017-10-17 00:00:00,1.3076864354348057
2017-10-18 00:00:00,1.3076864354348057
2017-10-19 00:00:00,1.3076864354348057
2017-10-20 00:00:00,1.3076864354348057
2017-10-23 00:00:00,1.3076864354348057
2017-10-24 00:00:00,1.3076864354348057
2017-10-25 00:00:00,1.3076864354348057
2017-10-26 00:00:00,1.3076864354348057
2017-10-27 00:00:00,1.3076864354348057
2017-10-30 00:00:00,1.3076864354348057
2017-10-31 00:00:00,1.3076864354348057
2017-11-01 00:00:00,1.3076864354348057
2017-11-02 00:00:00,1.3076864354348057
2017-11-03 00:00:00,1.3076864354348057
2017-11-06 00:00:00,1.3076864354348057
2017-11-07 00:00:00,1.3076864354348057
2017-11-08 00:00:00,1.3076864354348057
2017-11-09 00:00:00,1.3076864354348057
2017-11-10 00:00:00,1.3076864354348057
2017-11-13 00:00:00,1.3076864354348057
2017-11-14 00:00:00,1.3076864354348057
2017-11-15 00:00:00,1.3076864354348057
2017-11-16 00:00:00,1.3076864354348057
2017-11-17 00:00:00,1.3076864354348057
2017-11-20 00:00:00,1.3076864354348057
2017-11-21 00:00:00,1.3076864354348057
2017-11-22 00:00:00,1.3076864354348057
2017-11-24 00:00:00,1.3076864354348057
2017-11-27 00:00:00,1.3076864354348057
2017-11-28 00:00:00,1.3076864354348057
2017-11-29 00:00:00,1.3076864354348057
2017-11-30 00:00:00,1.3076864354348057
2017-12-01 00:00:00,1.3076864354348057
2017-12-04 00:00:00,1.3076864354348057
2017-12-05 00:00:00,1.3076864354348057
2017-12-06 00:00:00,1.3076864354348057
2017-12-07 00:00:00,1.3076864354348057
2017-12-08 00:00:00,1.3076864354348057
2017-12-11 00:00:00,1.3076864354348057
2017-12-12 00:00:00,1.3076864354348057
2017-12-13 00:00:00,1.3076864354348057
2017-12-14 00:00:00,1.3076864354348057
2017-12-15 00:00:00,1.3076864354348057
2017-12-18 00:00:00,1.3076864354348057
2017-12-19 00:00:00,1.3076864354348057
2017-12-20 00:00:00,1.3076864354348057
2017-12-21 00:00:00,1.3076864354348057
2017-12-22 00:00:00,1.3076864354348057
2017-12-26 00:00:00,1.3076864354348057
2017-12-27 00:00:00,1.3076864354348057
2017-12-28 00:00:00,1.3076864354348057
2017-12-29 00:00:00,1.3076864354348057
2018-01-02 00:00:00,1.3076864354348057
2018-01-03 00:00:00,1.3076864354348057
2018-01-04 00:00:00,1.3076864354348057
2018-01-05 00:00:00,1.3076864354348057
2018-01-08 00:00:00,1.3076864354348057
2018-01-09 00:00:00,1.3076864354348057
2018-01-10 00:00:00,1.3076864354348057
2018-01-11 00:00:00,1.3076864354348057
2018-01-12 00:00:00,1.3076864354348057
2018-01-16 00:00:00,1.3076864354348057
2018-01-17 00:00:00,1.3076864354348057
2018-01-18 00:00:00,1.3076864354348057
2018-01-19 00:00:00,1.3076864354348057
2018-01-22 00:00:00,1.3076864354348057
2018-01-23 00:00:00,1.3076864354348057
2018-01-24 00:00:00,1.3220566160439793
2018-01-25 00:00:00,1.3020980318645714
2018-01-26 00:00:00,1.3100814655363346
2018-01-29 00:00:00,1.2941145981928084
2018-01-30 00:00:00,1.2893245379897502
2018-01-31 00:00:00,1.305291405333277
2018-02-01 00:00:00,1.2973079716615137
2018-02-02 00:00:00,1.2784229996422845
2018-02-05 00:00:00,1.2784229996422845
2018-02-06 00:00:00,1.2784229996422845
2018-02-07 00:00:00,1.2784229996422845
2018-02-08 00:00:00,1.2784229996422845
2018-02-09 00:00:00,1.2784229996422845
2018-02-12 00:00:00,1.2784229996422845
2018-02-13 00:00:00,1.2784229996422845
2018-02-14 00:00:00,1.2784229996422845
2018-02-15 00:00:00,1.2784229996422845
2018-02-16 00:00:00,1.2784229996422845
2018-02-20 00:00:00,1.2784229996422845
2018-02-21 00:00:00,1.2784229996422845
2018-02-22 00:00:00,1.2784229996422845
2018-02-23 00:00:00,1.2784229996422845
2018-02-26 00:00:00,1.2784229996422845
2018-02-27 00:00:00,1.2784229996422845
2018-02-28 00:00:00,1.2784229996422845
2018-03-01 00:00:00,1.2784229996422845
2018-03-02 00:00:00,1.2784229996422845
2018-03-05 00:00:00,1.2784229996422845
2018-03-06 00:00:00,1.2784229996422845
2018-03-07 00:00:00,1.2784229996422845
2018-03-08 00:00:00,1.2784229996422845
2018-03-09 00:00:00,1.2784229996422845
2018-03-12 00:00:00,1.2784229996422845
2018-03-13 00:00:00,1.2784229996422845
2018-03-14 00:00:00,1.2784229996422845
2018-03-15 00:00:00,1.2784229996422845
2018-03-16 00:00:00,1.2784229996422845
2018-03-19 00:00:00,1.2784229996422845
2018-03-20 00:00:00,1.2784229996422845
2018-03-21 00:00:00,1.2784229996422845
2018-03-22 00:00:00,1.2784229996422845
2018-03-23 00:00:00,1.2784229996422845
2018-03-26 00:00:00,1.2784229996422845
2018-03-27 00:00:00,1.2784229996422845
2018-03-28 00:00:00,1.2784229996422845
2018-03-29 00:00:00,1.2784229996422845
2018-04-02 00:00:00,1.2784229996422845
2018-04-03 00:00:00,1.2784229996422845
2018-04-04 00:00:00,1.2784229996422845
2018-04-05 00:00:00,1.2784229996422845
2018-04-06 00:00:00,1.2784229996422845
2018-04-09 00:00:00,1.2784229996422845
2018-04-10 00:00:00,1.2784229996422845
2018-04-11 00:00:00,1.2784229996422845
2018-04-12 00:00:00,1.2784229996422845
2018-04-13 00:00:00,1.2784229996422845
2018-04-16 00:00:00,1.2784229996422845
2018-04-17 00:00:00,1.2784229996422845
2018-04-18 00:00:00,1.2784229996422845
2018-04-19 00:00:00,1.2784229996422845
2018-04-20 00:00:00,1.2784229996422845
2018-04-23 00:00:00,1.2784229996422845
2018-04-24 00:00:00,1.2784229996422845
2018-04-25 00:00:00,1.2784229996422845
2018-04-26 00:00:00,1.2784229996422845
2018-04-27 00:00:00,1.2784229996422845
2018-04-30 00:00:00,1.2784229996422845
2018-05-01 00:00:00,1.2784229996422845
2018-05-02 00:00:00,1.2784229996422845
2018-05-03 00:00:00,1.2784229996422845
2018-05-04 00:00:00,1.2784229996422845
2018-05-07 00:00:00,1.2784229996422845
2018-05-08 00:00:00,1.2784229996422845
2018-05-09 00:00:00,1.2784229996422845
2018-05-10 00:00:00,1.2784229996422845
2018-05-11 00:00:00,1.2784229996422845
2018-05-14 00:00:00,1.2784229996422845
2018-05-15 00:00:00,1.2784229996422845
2018-05-16 00:00:00,1.2784229996422845
2018-05-17 00:00:00,1.2784229996422845
2018-05-18 00:00:00,1.2784229996422845
2018-05-21 00:00:00,1.2784229996422845
2018-05-22 00:00:00,1.2784229996422845
2018-05-23 00:00:00,1.2784229996422845
2018-05-24 00:00:00,1.2784229996422845
2018-05-25 00:00:00,1.2784229996422845
2018-05-29 00:00:00,1.2784229996422845
2018-05-30 00:00:00,1.2784229996422845
2018-05-31 00:00:00,1.2784229996422845
2018-06-01 00:00:00,1.2784229996422845
2018-06-04 00:00:00,1.2784229996422845
2018-06-05 00:00:00,1.2784229996422845
2018-06-06 00:00:00,1.2784229996422845
2018-06-07 00:00:00,1.2784229996422845
2018-06-08 00:00:00,1.2784229996422845
2018-06-11 00:00:00,1.2784229996422845
2018-06-12 00:00:00,1.2784229996422845
2018-06-13 00:00:00,1.2784229996422845
2018-06-14 00:00:00,1.2784229996422845
2018-06-15 00:00:00,1.2784229996422845
2018-06-18 00:00:00,1.2784229996422845
2018-06-19 00:00:00,1.2784229996422845
2018-06-20 00:00:00,1.2784229996422845
2018-06-21 00:00:00,1.2784229996422845
2018-06-22 00:00:00,1.2784229996422845
2018-06-25 00:00:00,1.2784229996422845
2018-06-26 00:00:00,1.2784229996422845
2018-06-27 00:00:00,1.2784229996422845
2018-06-28 00:00:00,1.2784229996422845
2018-06-29 00:00:00,1.2784229996422845
2018-07-02 00:00:00,1.2784229996422845
2018-07-03 00:00:00,1.2784229996422845
2018-07-05 00:00:00,1.2784229996422845
2018-07-06 00:00:00,1.2784229996422845
2018-07-09 00:00:00,1.2784229996422845
2018-07-10 00:00:00,1.2784229996422845
2018-07-11 00:00:00,1.2784229996422845
2018-07-12 00:00:00,1.2784229996422845
2018-07-13 00:00:00,1.2784229996422845
2018-07-16 00:00:00,1.2784229996422845
2018-07-17 00:00:00,1.2784229996422845
2018-07-18 00:00:00,1.2784229996422845
2018-07-19 00:00:00,1.2784229996422845
2018-07-20 00:00:00,1.2784229996422845
2018-07-23 00:00:00,1.2784229996422845
2018-07-24 00:00:00,1.2784229996422845
2018-07-25 00:00:00,1.2784229996422845
2018-07-26 00:00:00,1.2784229996422845
2018-07-27 00:00:00,1.2784229996422845
2018-07-30 00:00:00,1.2784229996422845
2018-07-31 00:00:00,1.2784229996422845
2018-08-01 00:00:00,1.2784229996422845
2018-08-02 00:00:00,1.2784229996422845
2018-08-03 00:00:00,1.2784229996422845
2018-08-06 00:00:00,1.2784229996422845
2018-08-07 00:00:00,1.2784229996422845
2018-08-08 00:00:00,1.2784229996422845
2018-08-09 00:00:00,1.2784229996422845
2018-08-10 00:00:00,1.2784229996422845
2018-08-13 00:00:00,1.2784229996422845
2018-08-14 00:00:00,1.2784229996422845
2018-08-15 00:00:00,1.2784229996422845
2018-08-16 00:00:00,1.2784229996422845
2018-08-17 00:00:00,1.2784229996422845
2018-08-20 00:00:00,1.2784229996422845
2018-08-21 00:00:00,1.2784229996422845
2018-08-22 00:00:00,1.2784229996422845
2018-08-23 00:00:00,1.2784229996422845
2018-08-24 00:00:00,1.2784229996422845
2018-08-27 00:00:00,1.2784229996422845
2018-08-28 00:00:00,1.2784229996422845
2018-08-29 00:00:00,1.2784229996422845
2018-08-30 00:00:00,1.2784229996422845
2018-08-31 00:00:00,1.2784229996422845
2018-09-04 00:00:00,1.2784229996422845
2018-09-05 00:00:00,1.2784229996422845
2018-09-06 00:00:00,1.2784229996422845
2018-09-07 00:00:00,1.2784229996422845
2018-09-10 00:00:00,1.2784229996422845
2018-09-11 00:00:00,1.2784229996422845
2018-09-12 00:00:00,1.2784229996422845
2018-09-13 00:00:00,1.2784229996422845
2018-09-14 00:00:00,1.2784229996422845
2018-09-17 00:00:00,1.2784229996422845
2018-09-18 00:00:00,1.2784229996422845
2018-09-19 00:00:00,1.2784229996422845
2018-09-20 00:00:00,1.2784229996422845
2018-09-21 00:00:00,1.2784229996422845
2018-09-24 00:00:00,1.2784229996422845
2018-09-25 00:00:00,1.2784229996422845
2018-09-26 00:00:00,1.2784229996422845
2018-09-27 00:00:00,1.2784229996422845
2018-09-28 00:00:00,1.2784229996422845
2018-10-01 00:00:00,1.2784229996422845
2018-10-02 00:00:00,1.2784229996422845
2018-10-03 00:00:00,1.2784229996422845
2018-10-04 00:00:00,1.2784229996422845
2018-10-05 00:00:00,1.2784229996422845
2018-10-08 00:00:00,1.2784229996422845
2018-10-09 00:00:00,1.2784229996422845
2018-10-10 00:00:00,1.2784229996422845
2018-10-11 00:00:00,1.2784229996422845
2018-10-12 00:00:00,1.2784229996422845
2018-10-15 00:00:00,1.2784229996422845
2018-10-16 00:00:00,1.2784229996422845
2018-10-17 00:00:00,1.2784229996422845
2018-10-18 00:00:00,1.2784229996422845
2018-10-19 00:00:00,1.2784229996422845
2018-10-22 00:00:00,1.2784229996422845
2018-10-23 00:00:00,1.2784229996422845
2018-10-24 00:00:00,1.2784229996422845
2018-10-25 00:00:00,1.2784229996422845
2018-10-26 00:00:00,1.2784229996422845
2018-10-29 00:00:00,1.2784229996422845
2018-10-30 00:00:00,1.2784229996422845
2018-10-31 00:00:00,1.2784229996422845
2018-11-01 00:00:00,1.2784229996422845
2018-11-02 00:00:00,1.2784229996422845
2018-11-05 00:00:00,1.2784229996422845
2018-11-06 00:00:00,1.2784229996422845
2018-11-07 00:00:00,1.2784229996422845
2018-11-08 00:00:00,1.2784229996422845
2018-11-09 00:00:00,1.2784229996422845
2018-11-12 00:00:00,1.2784229996422845
2018-11-13 00:00:00,1.2784229996422845
2018-11-14 00:00:00,1.2784229996422845
2018-11-15 00:00:00,1.2784229996422845
2018-11-16 00:00:00,1.2784229996422845
2018-11-19 00:00:00,1.2784229996422845
2018-11-20 00:00:00,1.2784229996422845
2018-11-21 00:00:00,1.2784229996422845
2018-11-23 00:00:00,1.2784229996422845
2018-11-26 00:00:00,1.2784229996422845
2018-11-27 00:00:00,1.2784229996422845
2018-11-28 00:00:00,1.2784229996422845
2018-11-29 00:00:00,1.2784229996422845
2018-11-30 00:00:00,1.2784229996422845
2018-12-03 00:00:00,1.2784229996422845
2018-12-04 00:00:00,1.2784229996422845
2018-12-06 00:00:00,1.2784229996422845
2018-12-07 00:00:00,1.2784229996422845
2018-12-10 00:00:00,1.2784229996422845
2018-12-11 00:00:00,1.2784229996422845
2018-12-12 00:00:00,1.2784229996422845
2018-12-13 00:00:00,1.2784229996422845
2018-12-14 00:00:00,1.2784229996422845
2018-12-17 00:00:00,1.2784229996422845
2018-12-18 00:00:00,1.2784229996422845
2018-12-19 00:00:00,1.2784229996422845
2018-12-20 00:00:00,1.2784229996422845
2018-12-21 00:00:00,1.2784229996422845
2018-12-24 00:00:00,1.2784229996422845
2018-12-26 00:00:00,1.2784229996422845
2018-12-27 00:00:00,1.2784229996422845
2018-12-28 00:00:00,1.2784229996422845
2018-12-31 00:00:00,1.2784229996422845
2019-01-02 00:00:00,1.2784229996422845
2019-01-03 00:00:00,1.2784229996422845
2019-01-04 00:00:00,1.2784229996422845
2019-01-07 00:00:00,1.2784229996422845
2019-01-08 00:00:00,1.2784229996422845
2019-01-09 00:00:00,1.2784229996422845
2019-01-10 00:00:00,1.2784229996422845
2019-01-11 00:00:00,1.2784229996422845
2019-01-14 00:00:00,1.2784229996422845
2019-01-15 00:00:00,1.2784229996422845
2019-01-16 00:00:00,1.2784229996422845
2019-01-17 00:00:00,1.2784229996422845
2019-01-18 00:00:00,1.2784229996422845
2019-01-22 00:00:00,1.283775782613571
2019-01-23 00:00:00,1.2864521740992145
2019-01-24 00:00:00,1.2810993911279276
2019-01-25 00:00:00,1.3150003499460763
2019-01-28 00:00:00,1.3194610024221485
2019-01-29 00:00:00,1.3274901768790786
2019-01-30 00:00:00,1.342656395297724
2019-01-31 00:00:00,1.342656395297724
2019-02-01 00:00:00,1.331058698859936
2019-02-04 00:00:00,1.3274901768790786
2019-02-05 00:00:00,1.3265980463838638
2019-02-06 00:00:00,1.3096475669747896
2019-02-07 00:00:00,1.3176767414317194
2019-02-08 00:00:00,1.3230295244030064
2019-02-11 00:00:00,1.3132160889556475
2019-02-12 00:00:00,1.3141082194508618
2019-02-13 00:00:00,1.3016183925178597
2019-02-14 00:00:00,1.3069711754891464
2019-02-15 00:00:00,1.3221373939077918
2019-02-19 00:00:00,1.3399800038120804
2019-02-20 00:00:00,1.3444406562881526
2019-02-21 00:00:00,1.3230295244030064
2019-02-22 00:00:00,1.3337350903455791
2019-02-25 00:00:00,1.3292744378695072
2019-02-26 00:00:00,1.3328429598503648
2019-02-27 00:00:00,1.3158924804412906
2019-02-28 00:00:00,1.3051869144987174
2019-03-01 00:00:00,1.2668253032044967
2019-03-04 00:00:00,1.2623646507284247
2019-03-05 00:00:00,1.2668253032044967
2019-03-06 00:00:00,1.2623646507284247
2019-03-07 00:00:00,1.2547162375668521
2019-03-08 00:00:00,1.2547162375668521
2019-03-11 00:00:00,1.2547162375668521
2019-03-12 00:00:00,1.2547162375668521
2019-03-13 00:00:00,1.2547162375668521
2019-03-14 00:00:00,1.2547162375668521
2019-03-15 00:00:00,1.2547162375668521
2019-03-18 00:00:00,1.2547162375668521
2019-03-19 00:00:00,1.2547162375668521
2019-03-20 00:00:00,1.2547162375668521
2019-03-21 00:00:00,1.2547162375668521
2019-03-22 00:00:00,1.2547162375668521
2019-03-25 00:00:00,1.2547162375668521
2019-03-26 00:00:00,1.2547162375668521
2019-03-27 00:00:00,1.2547162375668521
2019-03-28 00:00:00,1.2547162375668521
2019-03-29 00:00:00,1.2547162375668521
2019-04-01 00:00:00,1.2547162375668521
2019-04-02 00:00:00,1.2547162375668521
2019-04-03 00:00:00,1.2547162375668521
2019-04-04 00:00:00,1.2547162375668521
2019-04-05 00:00:00,1.2547162375668521
2019-04-08 00:00:00,1.2547162375668521
2019-04-09 00:00:00,1.2547162375668521
2019-04-10 00:00:00,1.2547162375668521
2019-04-11 00:00:00,1.2547162375668521
2019-04-12 00:00:00,1.2547162375668521
2019-04-15 00:00:00,1.2547162375668521
2019-04-16 00:00:00,1.2547162375668521
2019-04-17 00:00:00,1.2547162375668521
2019-04-18 00:00:00,1.2547162375668521
2019-04-22 00:00:00,1.2547162375668521
2019-04-23 00:00:00,1.2547162375668521
2019-04-24 00:00:00,1.2547162375668521
2019-04-25 00:00:00,1.2547162375668521
2019-04-26 00:00:00,1.2547162375668521
2019-04-29 00:00:00,1.2547162375668521
2019-04-30 00:00:00,1.2547162375668521
2019-05-01 00:00:00,1.2547162375668521
2019-05-02 00:00:00,1.2547162375668521
2019-05-03 00:00:00,1.2547162375668521
2019-05-06 00:00:00,1.2547162375668521
2019-05-07 00:00:00,1.2547162375668521
2019-05-08 00:00:00,1.2547162375668521
2019-05-09 00:00:00,1.2547162375668521
2019-05-10 00:00:00,1.2547162375668521
2019-05-13 00:00:00,1.2547162375668521
2019-05-14 00:00:00,1.2547162375668521
2019-05-15 00:00:00,1.2547162375668521
2019-05-16 00:00:00,1.2547162375668521
2019-05-17 00:00:00,1.2547162375668521
2019-05-20 00:00:00,1.2547162375668521
2019-05-21 00:00:00,1.2547162375668521
2019-05-22 00:00:00,1.2547162375668521
2019-05-23 00:00:00,1.2547162375668521
2019-05-24 00:00:00,1.2547162375668521
2019-05-28 00:00:00,1.2547162375668521
2019-05-29 00:00:00,1.2547162375668521
2019-05-30 00:00:00,1.2547162375668521
2019-05-31 00:00:00,1.2547162375668521
2019-06-03 00:00:00,1.2547162375668521
2019-06-04 00:00:00,1.2547162375668521
2019-06-05 00:00:00,1.2547162375668521
2019-06-06 00:00:00,1.2547162375668521
2019-06-07 00:00:00,1.2547162375668521
2019-06-10 00:00:00,1.2547162375668521
2019-06-11 00:00:00,1.2547162375668521
2019-06-12 00:00:00,1.2547162375668521
2019-06-13 00:00:00,1.2547162375668521
2019-06-14 00:00:00,1.2547162375668521
2019-06-17 00:00:00,1.2547162375668521
2019-06-18 00:00:00,1.2547162375668521
2019-06-19 00:00:00,1.2547162375668521
2019-06-20 00:00:00,1.2547162375668521
2019-06-21 00:00:00,1.2547162375668521
2019-06-24 00:00:00,1.2547162375668521
2019-06-25 00:00:00,1.2547162375668521
2019-06-26 00:00:00,1.2547162375668521
2019-06-27 00:00:00,1.2547162375668521
2019-06-28 00:00:00,1.259109501703991
2019-07-01 00:00:00,1.2459297092925745
2019-07-02 00:00:00,1.25559489039428
2019-07-03 00:00:00,1.2582308488765632
2019-07-05 00:00:00,1.2317560721726075
2019-07-08 00:00:00,1.2317560721726075
2019-07-09 00:00:00,1.2317560721726075
2019-07-10 00:00:00,1.2317560721726075
2019-07-11 00:00:00,1.2317560721726075
2019-07-12 00:00:00,1.2317560721726075
2019-07-15 00:00:00,1.2317560721726075
2019-07-16 00:00:00,1.2317560721726075
2019-07-17 00:00:00,1.2317560721726075
2019-07-18 00:00:00,1.2317560721726075
2019-07-19 00:00:00,1.2317560721726075
2019-07-22 00:00:00,1.2317560721726075
2019-07-23 00:00:00,1.2317560721726075
2019-07-24 00:00:00,1.2317560721726075
2019-07-25 00:00:00,1.2317560721726075
2019-07-26 00:00:00,1.2317560721726075
2019-07-29 00:00:00,1.2317560721726075
2019-07-30 00:00:00,1.2317560721726075
2019-07-31 00:00:00,1.2317560721726075
2019-08-01 00:00:00,1.2317560721726075
2019-08-02 00:00:00,1.2317560721726075
2019-08-05 00:00:00,1.2317560721726075
2019-08-06 00:00:00,1.2317560721726075
2019-08-07 00:00:00,1.2317560721726075
2019-08-08 00:00:00,1.2317560721726075
2019-08-09 00:00:00,1.2317560721726075
2019-08-12 00:00:00,1.2317560721726075
2019-08-13 00:00:00,1.2317560721726075
2019-08-14 00:00:00,1.2317560721726075
2019-08-15 00:00:00,1.2317560721726075
2019-08-16 00:00:00,1.2317560721726075
2019-08-19 00:00:00,1.2317560721726075
2019-08-20 00:00:00,1.2317560721726075
2019-08-21 00:00:00,1.2317560721726075
2019-08-22 00:00:00,1.2317560721726075
2019-08-23 00:00:00,1.2317560721726075
2019-08-26 00:00:00,1.2317560721726075
2019-08-27 00:00:00,1.2317560721726075
2019-08-28 00:00:00,1.2317560721726075
2019-08-29 00:00:00,1.2317560721726075
2019-08-30 00:00:00,1.2317560721726075
2019-09-03 00:00:00,1.2317560721726075
2019-09-04 00:00:00,1.2317560721726075
2019-09-05 00:00:00,1.2317560721726075
2019-09-06 00:00:00,1.2317560721726075
2019-09-09 00:00:00,1.2317560721726075
2019-09-10 00:00:00,1.2317560721726075
2019-09-11 00:00:00,1.2317560721726075
2019-09-12 00:00:00,1.2317560721726075
2019-09-13 00:00:00,1.2317560721726075
2019-09-16 00:00:00,1.2317560721726075
2019-09-17 00:00:00,1.2317560721726075
2019-09-18 00:00:00,1.2317560721726075
2019-09-19 00:00:00,1.2317560721726075
2019-09-20 00:00:00,1.2317560721726075
2019-09-23 00:00:00,1.2317560721726075
2019-09-24 00:00:00,1.2317560721726075
2019-09-25 00:00:00,1.2317560721726075
2019-09-26 00:00:00,1.2317560721726075
2019-09-27 00:00:00,1.2317560721726075
2019-09-30 00:00:00,1.2317560721726075
2019-10-01 00:00:00,1.2317560721726075
2019-10-02 00:00:00,1.2317560721726075
2019-10-03 00:00:00,1.2317560721726075
2019-10-04 00:00:00,1.2317560721726075
2019-10-07 00:00:00,1.2317560721726075
2019-10-08 00:00:00,1.2317560721726075
2019-10-09 00:00:00,1.2317560721726075
2019-10-10 00:00:00,1.2317560721726075
2019-10-11 00:00:00,1.2317560721726075
2019-10-14 00:00:00,1.2317560721726075
2019-10-15 00:00:00,1.2317560721726075
2019-10-16 00:00:00,1.2317560721726075
2019-10-17 00:00:00,1.2317560721726075
2019-10-18 00:00:00,1.2317560721726075
2019-10-21 00:00:00,1.2317560721726075
2019-10-22 00:00:00,1.2317560721726075
2019-10-23 00:00:00,1.2317560721726075
2019-10-24 00:00:00,1.2317560721726075
2019-10-25 00:00:00,1.2317560721726075
2019-10-28 00:00:00,1.2317560721726075
2019-10-29 00:00:00,1.2317560721726075
2019-10-30 00:00:00,1.2317560721726075
2019-10-31 00:00:00,1.2317560721726075
2019-11-01 00:00:00,1.2317560721726075
2019-11-04 00:00:00,1.2317560721726075
2019-11-05 00:00:00,1.2317560721726075
2019-11-06 00:00:00,1.2317560721726075
2019-11-07 00:00:00,1.2317560721726075
2019-11-08 00:00:00,1.2317560721726075
2019-11-11 00:00:00,1.2317560721726075
2019-11-12 00:00:00,1.2317560721726075
2019-11-13 00:00:00,1.2317560721726075
2019-11-14 00:00:00,1.2317560721726075
2019-11-15 00:00:00,1.2317560721726075
2019-11-18 00:00:00,1.2317560721726075
2019-11-19 00:00:00,1.2317560721726075
2019-11-20 00:00:00,1.2317560721726075
2019-11-21 00:00:00,1.2317560721726075
2019-11-22 00:00:00,1.2317560721726075
2019-11-25 00:00:00,1.2317560721726075
2019-11-26 00:00:00,1.2317560721726075
2019-11-27 00:00:00,1.2317560721726075
2019-11-29 00:00:00,1.2317560721726075
2019-12-02 00:00:00,1.2317560721726075
2019-12-03 00:00:00,1.2317560721726075
2019-12-04 00:00:00,1.2317560721726075
2019-12-05 00:00:00,1.2317560721726075
2019-12-06 00:00:00,1.2317560721726075
2019-12-09 00:00:00,1.2317560721726075
2019-12-10 00:00:00,1.2317560721726075
2019-12-11 00:00:00,1.2317560721726075
2019-12-12 00:00:00,1.2317560721726075
2019-12-13 00:00:00,1.2317560721726075
2019-12-16 00:00:00,1.2317560721726075
2019-12-17 00:00:00,1.2317560721726075
2019-12-18 00:00:00,1.2317560721726075
2019-12-19 00:00:00,1.2317560721726075
2019-12-20 00:00:00,1.2317560721726075
2019-12-23 00:00:00,1.2317560721726075
2019-12-24 00:00:00,1.2317560721726075
2019-12-26 00:00:00,1.2317560721726075
2019-12-27 00:00:00,1.2317560721726075
2019-12-30 00:00:00,1.2317560721726075
2019-12-31 00:00:00,1.2317560721726075
2020-01-02 00:00:00,1.2317560721726075
2020-01-03 00:00:00,1.2317560721726075
2020-01-06 00:00:00,1.2317560721726075
2020-01-07 00:00:00,1.2317560721726075
2020-01-08 00:00:00,1.2317560721726075
2020-01-09 00:00:00,1.2317560721726075
2020-01-10 00:00:00,1.2317560721726075
2020-01-13 00:00:00,1.2317560721726075
2020-01-14 00:00:00,1.2317560721726075
2020-01-15 00:00:00,1.2317560721726075
2020-01-16 00:00:00,1.2317560721726075
2020-01-17 00:00:00,1.2317560721726075
2020-01-21 00:00:00,1.2317560721726075
2020-01-22 00:00:00,1.2317560721726075
2020-01-23 00:00:00,1.2317560721726075
2020-01-24 00:00:00,1.2317560721726075
2020-01-27 00:00:00,1.2317560721726075
2020-01-28 00:00:00,1.2317560721726075
2020-01-29 00:00:00,1.2317560721726075
2020-01-30 00:00:00,1.2317560721726075
2020-01-31 00:00:00,1.2317560721726075
2020-02-03 00:00:00,1.2317560721726075
2020-02-04 00:00:00,1.2317560721726075
2020-02-05 00:00:00,1.2317560721726075
2020-02-06 00:00:00,1.2317560721726075
2020-02-07 00:00:00,1.2317560721726075
2020-02-10 00:00:00,1.2317560721726075
2020-02-11 00:00:00,1.2317560721726075
2020-02-12 00:00:00,1.2317560721726075
2020-02-13 00:00:00,1.2317560721726075
2020-02-14 00:00:00,1.2317560721726075
2020-02-18 00:00:00,1.2317560721726075
2020-02-19 00:00:00,1.2317560721726075
2020-02-20 00:00:00,1.2317560721726075
2020-02-21 00:00:00,1.2317560721726075
2020-02-24 00:00:00,1.2317560721726075
2020-02-25 00:00:00,1.2317560721726075
2020-02-26 00:00:00,1.2317560721726075
2020-02-27 00:00:00,1.2317560721726075
2020-02-28 00:00:00,1.2317560721726075
2020-03-02 00:00:00,1.2317560721726075
2020-03-03 00:00:00,1.2317560721726075
2020-03-04 00:00:00,1.2317560721726075
2020-03-05 00:00:00,1.2317560721726075
2020-03-06 00:00:00,1.2317560721726075
2020-03-09 00:00:00,1.2317560721726075
2020-03-10 00:00:00,1.2317560721726075
2020-03-11 00:00:00,1.2317560721726075
2020-03-12 00:00:00,1.2317560721726075
2020-03-13 00:00:00,1.2317560721726075
2020-03-16 00:00:00,1.2317560721726075
2020-03-17 00:00:00,1.2317560721726075
2020-03-18 00:00:00,1.2317560721726075
2020-03-19 00:00:00,1.2317560721726075
2020-03-20 00:00:00,1.2317560721726075
2020-03-23 00:00:00,1.2317560721726075
2020-03-24 00:00:00,1.2317560721726075
2020-03-25 00:00:00,1.2317560721726075
2020-03-26 00:00:00,1.2317560721726075
2020-03-27 00:00:00,1.2317560721726075
2020-03-30 00:00:00,1.2317560721726075
2020-03-31 00:00:00,1.2317560721726075
2020-04-01 00:00:00,1.2317560721726075
2020-04-02 00:00:00,1.2317560721726075
2020-04-03 00:00:00,1.2317560721726075
2020-04-06 00:00:00,1.2317560721726075
2020-04-07 00:00:00,1.2317560721726075
2020-04-08 00:00:00,1.2317560721726075
2020-04-09 00:00:00,1.2317560721726075
2020-04-13 00:00:00,1.2317560721726075
2020-04-14 00:00:00,1.2317560721726075
2020-04-15 00:00:00,1.2317560721726075
2020-04-16 00:00:00,1.2317560721726075
2020-04-17 00:00:00,1.2317560721726075
2020-04-20 00:00:00,1.2317560721726075
2020-04-21 00:00:00,1.2317560721726075
2020-04-22 00:00:00,1.2317560721726075
2020-04-23 00:00:00,1.2317560721726075
2020-04-24 00:00:00,1.2317560721726075
2020-04-27 00:00:00,1.2317560721726075
2020-04-28 00:00:00,1.2317560721726075
2020-04-29 00:00:00,1.2317560721726075
2020-04-30 00:00:00,1.2317560721726075
2020-05-01 00:00:00,1.2317560721726075
2020-05-04 00:00:00,1.2317560721726075
2020-05-05 00:00:00,1.2317560721726075
2020-05-06 00:00:00,1.2317560721726075
2020-05-07 00:00:00,1.2317560721726075
2020-05-08 00:00:00,1.2317560721726075
2020-05-11 00:00:00,1.2317560721726075
2020-05-12 00:00:00,1.2317560721726075
2020-05-13 00:00:00,1.2317560721726075
2020-05-14 00:00:00,1.2317560721726075
2020-05-15 00:00:00,1.2317560721726075
2020-05-18 00:00:00,1.2317560721726075
2020-05-19 00:00:00,1.2317560721726075
2020-05-20 00:00:00,1.2317560721726075
2020-05-21 00:00:00,1.2317560721726075
2020-05-22 00:00:00,1.2317560721726075
2020-05-26 00:00:00,1.2317560721726075
2020-05-27 00:00:00,1.2317560721726075
2020-05-28 00:00:00,1.2317560721726075
2020-05-29 00:00:00,1.2317560721726075
2020-06-01 00:00:00,1.2317560721726075
2020-06-02 00:00:00,1.2317560721726075
2020-06-03 00:00:00,1.2317560721726075
2020-06-04 00:00:00,1.2317560721726075
2020-06-05 00:00:00,1.2317560721726075
2020-06-08 00:00:00,1.245391771239197
2020-06-09 00:00:00,1.2357331510670295
2020-06-10 00:00:00,1.266413473966856
2020-06-11 00:00:00,1.2368694593225786
2020-06-12 00:00:00,1.2277789932781855
2020-06-15 00:00:00,1.2249382226393126
2020-06-16 00:00:00,1.2266426850226364
2020-06-17 00:00:00,1.2306197639170582
2020-06-18 00:00:00,1.2238019143837635
2020-06-19 00:00:00,1.239710229961451
2020-06-22 00:00:00,1.240278384089226
2020-06-23 00:00:00,1.2550503914113647
2020-06-24 00:00:00,1.2277789932781855
2020-06-25 00:00:00,1.245391771239197
2020-06-26 00:00:00,1.2476643877502953
2020-06-29 00:00:00,1.2488006960058444
2020-06-30 00:00:00,1.2692542446057289
2020-07-01 00:00:00,1.258459316178012
2020-07-02 00:00:00,1.2522096207724918
2020-07-06 00:00:00,1.2715268611168271
2020-07-07 00:00:00,1.2692542446057289
2020-07-08 00:00:00,1.2965256427389078
2020-07-09 00:00:00,1.2902759473333876
2020-07-10 00:00:00,1.2931167179722602
2020-07-13 00:00:00,1.3101613418054974
2020-07-14 00:00:00,1.323797040872087
2020-07-15 00:00:00,1.3351601234275783
2020-07-16 00:00:00,1.3130021124443703
2020-07-17 00:00:00,1.3260696573831854
2020-07-20 00:00:00,1.3556136720274627
2020-07-21 00:00:00,1.4203832425937633
2020-07-22 00:00:00,1.5209465232098611
2020-07-23 00:00:00,1.497652203971104
2020-07-24 00:00:00,1.507878978271046
2020-07-27 00:00:00,1.5999199469705254
2020-07-28 00:00:00,1.5965110222038783
2020-07-29 00:00:00,1.5851479396483867
2020-07-30 00:00:00,1.5391274552986474
2020-07-31 00:00:00,1.5896931726705832
2020-08-03 00:00:00,1.5948065598205545
2020-08-04 00:00:00,1.680597833114514
2020-08-05 00:00:00,1.726050163336479
2020-08-06 00:00:00,1.8300223687192245
2020-08-07 00:00:00,1.7908197339027796
2020-08-10 00:00:00,1.8368402182525192
2020-08-11 00:00:00,1.628327653359254
2020-08-12 00:00:00,1.6334410405092252
2020-08-13 00:00:00,1.7487763284474616
2020-08-14 00:00:00,1.6993469193310742
2020-08-17 00:00:00,1.7584349486196293
2020-08-18 00:00:00,1.7732069559417678
2020-08-19 00:00:00,1.7163915431643113
2020-08-20 00:00:00,1.7578667944918545
2020-08-21 00:00:00,1.7175278514198604
2020-08-24 00:00:00,1.7004832275866235
2020-08-25 00:00:00,1.7095736936310169
2020-08-26 00:00:00,1.7555941779807565
2020-08-27 00:00:00,1.7322998587419993
2020-08-28 00:00:00,1.7578667944918545
2020-08-31 00:00:00,1.7930923504138778
2020-09-01 00:00:00,1.7879789632639067
2020-09-02 00:00:00,1.7544578697252073
2020-09-03 00:00:00,1.7084373853754675
2020-09-04 00:00:00,1.7266183174642533
2020-09-08 00:00:00,1.709005539503242
2020-09-09 00:00:00,1.7334361669975484
2020-09-10 00:00:00,1.7152552349087622
2020-09-11 00:00:00,1.7175278514198604
2020-09-14 00:00:00,1.7396858624030687
2020-09-15 00:00:00,1.736276937636421
2020-09-16 00:00:00,1.736276937636421
2020-09-17 00:00:00,1.736276937636421
2020-09-18 00:00:00,1.7192323138031842
2020-09-21 00:00:00,1.611283029526017
2020-09-22 00:00:00,1.5976473304594274
2020-09-23 00:00:00,1.505606361759948
2020-09-24 00:00:00,1.5277643727431558
2020-09-25 00:00:00,1.5129923654210171
2020-09-28 00:00:00,1.553899462620786
2020-09-29 00:00:00,1.581170860753965
2020-09-30 00:00:00,1.5323096057653525
2020-10-01 00:00:00,1.5578765415152078
2020-10-02 00:00:00,1.5601491580263058
2020-10-05 00:00:00,1.5879887102872599
2020-10-06 00:00:00,1.5374229929153234
2020-10-07 00:00:00,1.5578765415152078
2020-10-08 00:00:00,1.562989928665179
2020-10-09 00:00:00,1.6328728863814503
2020-10-12 00:00:00,1.628327653359254
2020-10-13 00:00:00,1.5806027066261903
2020-10-14 00:00:00,1.5834434772650632
2020-10-15 00:00:00,1.586284247903936
2020-10-16 00:00:00,1.5766256277317685
2020-10-19 00:00:00,1.5857160937761614
2020-10-20 00:00:00,1.6107148753982423
2020-10-21 00:00:00,1.6260550368481557
2020-10-22 00:00:00,1.607305950631595
2020-10-23 00:00:00,1.606169642376046
2020-10-26 00:00:00,1.587420556159485
2020-10-27 00:00:00,1.59423840569278
2020-10-28 00:00:00,1.5402637635541963
2020-10-29 00:00:00,1.5362866846597742
2020-10-30 00:00:00,1.552195000237462
2020-11-02 00:00:00,1.5760574736039938
2020-11-03 00:00:00,1.5777619359873176
2020-11-04 00:00:00,1.566398853431826
2020-11-05 00:00:00,1.6442359689369417
2020-11-06 00:00:00,1.6544627432368837
2020-11-09 00:00:00,1.581170860753965
2020-11-10 00:00:00,1.577193781859543
2020-11-11 00:00:00,1.582307169009514
2020-11-12 00:00:00,1.5840116313928378
2020-11-13 00:00:00,1.6038970258649476
2020-11-16 00:00:00,1.6107148753982423
2020-11-17 00:00:00,1.5948065598205545
2020-11-18 00:00:00,1.5840116313928378
2020-11-19 00:00:00,1.5766256277317685
2020-11-20 00:00:00,1.5806027066261903
2020-11-23 00:00:00,1.5487860754708147
2020-11-24 00:00:00,1.5317414516375778
2020-11-25 00:00:00,1.536854838787549
2020-11-27 00:00:00,1.498788512226653
2020-11-30 00:00:00,1.498788512226653
2020-12-01 00:00:00,1.5698077781984736
2020-12-02 00:00:00,1.5715122405817974
2020-12-03 00:00:00,1.577193781859543
2020-12-04 00:00:00,1.5800345524984158
2020-12-07 00:00:00,1.599351792842751
2020-12-08 00:00:00,1.599351792842751
2020-12-09 00:00:00,1.5658306993040516
2020-12-10 00:00:00,1.5709440864540227
2020-12-11 00:00:00,1.5675351616873754
2020-12-14 00:00:00,1.5618536204096298
2020-12-15 00:00:00,1.5982154845872019
2020-12-16 00:00:00,1.6448041230647164
2020-12-17 00:00:00,1.6749162918367682
2020-12-18 00:00:00,1.6641213634090515
2020-12-21 00:00:00,1.687983836775583
2020-12-22 00:00:00,1.6340091946369995
2020-12-23 00:00:00,1.6550308973646586
2020-12-24 00:00:00,1.6641213634090515
2020-12-28 00:00:00,1.6908246074144562
2020-12-29 00:00:00,1.6885519909033577
2020-12-30 00:00:00,1.7095736936310169
2020-12-31 00:00:00,1.6987787652033
2021-01-04 00:00:00,1.7430947871697162
2021-01-05 00:00:00,1.761275719258502
2021-01-06 00:00:00,1.7425266330419413
2021-01-07 00:00:00,1.7379814000197449
2021-01-08 00:00:00,1.6385544276591961
2021-01-11 00:00:00,1.6215098038259592
2021-01-12 00:00:00,1.6504856643424617
2021-01-13 00:00:00,1.6345773487647741
2021-01-14 00:00:00,1.6499175102146875
2021-01-15 00:00:00,1.6067377965038203
2021-01-19 00:00:00,1.6311684239981268
2021-01-20 00:00:00,1.6669621340479246
2021-01-21 00:00:00,1.6749162918367682
2021-01-22 00:00:00,1.6470767395758146
2021-01-25 00:00:00,1.6408270441702943
2021-01-26 00:00:00,1.64650858544804
2021-01-27 00:00:00,1.6334410405092252
2021-01-28 00:00:00,1.7073010771199184
2021-01-29 00:00:00,1.7226412385698315
2021-02-01 00:00:00,1.8232045191859299
2021-02-02 00:00:00,1.6970743028199762
2021-02-03 00:00:00,1.7192323138031842
2021-02-04 00:00:00,1.6936653780533288
2021-02-05 00:00:00,1.7203686220587335
2021-02-08 00:00:00,1.7453674036808144
2021-02-09 00:00:00,1.7391177082752942
2021-02-10 00:00:00,1.7271864715920282
2021-02-11 00:00:00,1.7283227798475773
2021-02-12 00:00:00,1.7408221706586178
2021-02-16 00:00:00,1.7379814000197449
2021-02-17 00:00:00,1.7459355578085887
2021-02-18 00:00:00,1.7266183174642533
2021-02-19 00:00:00,1.7379814000197449
2021-02-22 00:00:00,1.795364966924976
2021-02-23 00:00:00,1.7635483357696002
2021-02-24 00:00:00,1.7766158807084156
2021-02-25 00:00:00,1.7459355578085887
2021-02-26 00:00:00,1.703892152353271
2021-03-01 00:00:00,1.7004832275866235
2021-03-02 00:00:00,1.711846310142115
2021-03-03 00:00:00,1.6823022954978377
2021-03-04 00:00:00,1.6413951982980688
2021-03-05 00:00:00,1.6300321157425777
2021-03-08 00:00:00,1.6277594992314792
2021-03-09 00:00:00,1.6692347505590226
2021-03-10 00:00:00,1.684574912008936
2021-03-11 00:00:00,1.680597833114514
2021-03-12 00:00:00,1.6680984423034735
2021-03-15 00:00:00,1.6851430661367102
2021-03-16 00:00:00,1.6720755211978955
2021-03-17 00:00:00,1.6902564532866815
2021-03-18 00:00:00,1.6720755211978955
2021-03-19 00:00:00,1.684006757881161
2021-03-22 00:00:00,1.6629850551535024
2021-03-23 00:00:00,1.6220779579537337
2021-03-24 00:00:00,1.6232142662092826
2021-03-25 00:00:00,1.6260550368481557
2021-03-26 00:00:00,1.6226461120815083
2021-03-29 00:00:00,1.604465179992722
2021-03-30 00:00:00,1.5675351616873754
2021-03-31 00:00:00,1.5925339433094563
2021-04-01 00:00:00,1.6181008790593117
2021-04-05 00:00:00,1.614691954292664
2021-04-06 00:00:00,1.6288958074870286
2021-04-07 00:00:00,1.628327653359254
2021-04-08 00:00:00,1.6448041230647164
2021-04-09 00:00:00,1.6328728863814503
2021-04-12 00:00:00,1.6118511836537914
2021-04-13 00:00:00,1.6385544276591961
2021-04-14 00:00:00,1.6430996606813926
2021-04-15 00:00:00,1.6680984423034735
2021-04-16 00:00:00,1.6715073670701208
2021-04-19 00:00:00,1.6652576716646006
2021-04-20 00:00:00,1.6641213634090515
2021-04-21 00:00:00,1.7061647688643693
2021-04-22 00:00:00,1.6783252166034157
2021-04-23 00:00:00,1.6743481377089937
2021-04-26 00:00:00,1.6834386037533868
2021-04-27 00:00:00,1.6885519909033577
2021-04-28 00:00:00,1.6891201450311322
2021-04-29 00:00:00,1.680597833114514
2021-04-30 00:00:00,1.6669621340479246
2021-05-03 00:00:00,1.720936776186508
2021-05-04 00:00:00,1.6987787652033
2021-05-05 00:00:00,1.6987787652033
2021-05-06 00:00:00,1.744231095425265
2021-05-07 00:00:00,1.749912636703011
2021-05-10 00:00:00,1.7430947871697162
2021-05-11 00:00:00,1.761275719258502
2021-05-12 00:00:00,1.7283227798475773
2021-05-13 00:00:00,1.7322998587419993
2021-05-14 00:00:00,1.7493444825752362
2021-05-17 00:00:00,1.7908197339027796
2021-05-18 00:00:00,1.7885471173916812
2021-05-19 00:00:00,1.7646846440251496
2021-05-20 00:00:00,1.768093568791797
2021-05-21 00:00:00,1.7533215614696582
2021-05-24 00:00:00,1.7658209522806987
2021-05-25 00:00:00,1.779456651347288
2021-05-26 00:00:00,1.761275719258502
2021-05-27 00:00:00,1.7715024935584442
2021-05-28 00:00:00,1.774343264197317
2021-06-01 00:00:00,1.7709343394306696
2021-06-02 00:00:00,1.7885471173916812
2021-06-03 00:00:00,1.7493444825752362
2021-06-04 00:00:00,1.7675254146640222
2021-06-07 00:00:00,1.774343264197317
2021-06-08 00:00:00,1.7578667944918545
2021-06-09 00:00:00,1.7675254146640222
2021-06-10 00:00:00,1.778320343091739
2021-06-11 00:00:00,1.7726388018139936
2021-06-14 00:00:00,1.7709343394306696
2021-06-15 00:00:00,1.7601394110029527
2021-06-16 00:00:00,1.7379814000197449
2021-06-17 00:00:00,1.6692347505590226
2021-06-18 00:00:00,1.659576130386855
2021-06-21 00:00:00,1.6709392129423462
2021-06-22 00:00:00,1.6578716680035313
2021-06-23 00:00:00,1.6624169010257277
2021-06-24 00:00:00,1.668666596431248
2021-06-25 00:00:00,1.6766207542200917
2021-06-28 00:00:00,1.6783252166034157
2021-06-29 00:00:00,1.6601442845146295
2021-06-30 00:00:00,1.6788933707311902
2021-07-01 00:00:00,1.67264367532567
2021-07-02 00:00:00,1.6976424569477508
2021-07-06 00:00:00,1.6794615248589646
2021-07-07 00:00:00,1.6800296789867393
2021-07-08 00:00:00,1.6669621340479246
2021-07-09 00:00:00,1.6771889083478666
2021-07-12 00:00:00,1.6823022954978377
2021-07-13 00:00:00,1.6709392129423462
2021-07-14 00:00:00,1.6851430661367102
2021-07-15 00:00:00,1.687983836775583
2021-07-16 00:00:00,1.6533264349813348
2021-07-19 00:00:00,1.6260550368481557
2021-07-20 00:00:00,1.6175327249315372
2021-07-21 00:00:00,1.6334410405092252
2021-07-22 00:00:00,1.6413951982980688
2021-07-23 00:00:00,1.629463961614803
2021-07-26 00:00:00,1.6290923888152384
2021-07-27 00:00:00,1.6290923888152384
2021-07-28 00:00:00,1.6290923888152384
2021-07-29 00:00:00,1.6290923888152384
2021-07-30 00:00:00,1.6290923888152384
2021-08-02 00:00:00,1.6290923888152384
2021-08-03 00:00:00,1.6290923888152384
2021-08-04 00:00:00,1.6290923888152384
2021-08-05 00:00:00,1.6290923888152384
2021-08-06 00:00:00,1.6290923888152384
2021-08-09 00:00:00,1.6290923888152384
2021-08-10 00:00:00,1.6290923888152384
2021-08-11 00:00:00,1.6290923888152384
2021-08-12 00:00:00,1.6290923888152384
2021-08-13 00:00:00,1.6290923888152384
2021-08-16 00:00:00,1.6290923888152384
2021-08-17 00:00:00,1.6290923888152384
2021-08-18 00:00:00,1.6290923888152384
2021-08-19 00:00:00,1.6290923888152384
2021-08-20 00:00:00,1.6290923888152384
2021-08-23 00:00:00,1.6290923888152384
2021-08-24 00:00:00,1.6290923888152384
2021-08-25 00:00:00,1.6290923888152384
2021-08-26 00:00:00,1.6290923888152384
2021-08-27 00:00:00,1.6290923888152384
2021-08-30 00:00:00,1.6290923888152384
2021-08-31 00:00:00,1.6290923888152384
2021-09-01 00:00:00,1.6290923888152384
2021-09-02 00:00:00,1.6290923888152384
2021-09-03 00:00:00,1.6290923888152384
2021-09-07 00:00:00,1.6290923888152384
2021-09-08 00:00:00,1.6290923888152384
2021-09-09 00:00:00,1.6290923888152384
2021-09-10 00:00:00,1.6290923888152384
2021-09-13 00:00:00,1.6290923888152384
2021-09-14 00:00:00,1.6290923888152384
2021-09-15 00:00:00,1.6290923888152384
2021-09-16 00:00:00,1.6290923888152384
2021-09-17 00:00:00,1.6290923888152384
2021-09-20 00:00:00,1.6290923888152384
2021-09-21 00:00:00,1.6290923888152384
2021-09-22 00:00:00,1.6290923888152384
2021-09-23 00:00:00,1.6290923888152384
2021-09-24 00:00:00,1.6290923888152384
2021-09-27 00:00:00,1.6290923888152384
2021-09-28 00:00:00,1.6290923888152384
2021-09-29 00:00:00,1.6290923888152384
2021-09-30 00:00:00,1.6290923888152384
2021-10-01 00:00:00,1.6290923888152384
2021-10-04 00:00:00,1.6290923888152384
2021-10-05 00:00:00,1.6290923888152384
2021-10-06 00:00:00,1.6290923888152384
2021-10-07 00:00:00,1.6290923888152384
2021-10-08 00:00:00,1.6290923888152384
2021-10-11 00:00:00,1.6290923888152384
2021-10-12 00:00:00,1.6290923888152384
2021-10-13 00:00:00,1.6290923888152384
2021-10-14 00:00:00,1.6290923888152384
2021-10-15 00:00:00,1.6290923888152384
2021-10-18 00:00:00,1.6290923888152384
2021-10-19 00:00:00,1.6290923888152384
2021-10-20 00:00:00,1.6290923888152384
2021-10-21 00:00:00,1.6290923888152384
2021-10-22 00:00:00,1.6290923888152384
2021-10-25 00:00:00,1.6290923888152384
2021-10-26 00:00:00,1.6290923888152384
2021-10-27 00:00:00,1.6290923888152384
2021-10-28 00:00:00,1.6290923888152384
2021-10-29 00:00:00,1.6290923888152384
2021-11-01 00:00:00,1.6290923888152384
2021-11-02 00:00:00,1.6290923888152384
2021-11-03 00:00:00,1.6290923888152384
2021-11-04 00:00:00,1.6290923888152384
2021-11-05 00:00:00,1.6290923888152384
2021-11-08 00:00:00,1.6290923888152384
2021-11-09 00:00:00,1.6290923888152384
2021-11-10 00:00:00,1.6290923888152384
2021-11-11 00:00:00,1.6290923888152384
2021-11-12 00:00:00,1.6290923888152384
2021-11-15 00:00:00,1.6290923888152384
2021-11-16 00:00:00,1.6290923888152384
2021-11-17 00:00:00,1.6290923888152384
2021-11-18 00:00:00,1.6290923888152384
2021-11-19 00:00:00,1.6290923888152384
2021-11-22 00:00:00,1.6290923888152384
2021-11-23 00:00:00,1.6290923888152384
2021-11-24 00:00:00,1.6290923888152384
2021-11-26 00:00:00,1.6290923888152384
2021-11-29 00:00:00,1.6290923888152384
2021-11-30 00:00:00,1.6290923888152384
2021-12-01 00:00:00,1.6290923888152384
2021-12-02 00:00:00,1.6290923888152384
2021-12-03 00:00:00,1.6290923888152384
2021-12-06 00:00:00,1.6290923888152384
2021-12-07 00:00:00,1.6290923888152384
2021-12-08 00:00:00,1.6290923888152384
2021-12-09 00:00:00,1.6290923888152384
2021-12-10 00:00:00,1.6290923888152384
2021-12-13 00:00:00,1.6290923888152384
2021-12-14 00:00:00,1.6290923888152384
2021-12-15 00:00:00,1.6290923888152384
2021-12-16 00:00:00,1.6290923888152384
2021-12-17 00:00:00,1.6290923888152384
2021-12-20 00:00:00,1.6290923888152384
2021-12-21 00:00:00,1.6290923888152384
2021-12-22 00:00:00,1.6290923888152384
2021-12-23 00:00:00,1.6290923888152384
2021-12-27 00:00:00,1.6290923888152384
2021-12-28 00:00:00,1.6290923888152384
2021-12-29 00:00:00,1.6290923888152384
2021-12-30 00:00:00,1.6290923888152384
2021-12-31 00:00:00,1.6290923888152384
2022-01-03 00:00:00,1.6290923888152384
2022-01-04 00:00:00,1.6290923888152384
2022-01-05 00:00:00,1.6290923888152384
2022-01-06 00:00:00,1.6290923888152384
2022-01-07 00:00:00,1.6290923888152384
2022-01-10 00:00:00,1.6290923888152384
2022-01-11 00:00:00,1.6290923888152384
2022-01-12 00:00:00,1.6290923888152384
2022-01-13 00:00:00,1.6290923888152384
2022-01-14 00:00:00,1.6290923888152384
2022-01-18 00:00:00,1.6290923888152384
2022-01-19 00:00:00,1.6290923888152384
2022-01-20 00:00:00,1.6290923888152384
2022-01-21 00:00:00,1.6290923888152384
2022-01-24 00:00:00,1.6290923888152384
2022-01-25 00:00:00,1.6290923888152384
2022-01-26 00:00:00,1.6290923888152384
2022-01-27 00:00:00,1.6290923888152384
2022-01-28 00:00:00,1.6290923888152384
2022-01-31 00:00:00,1.6290923888152384
2022-02-01 00:00:00,1.6290923888152384
2022-02-02 00:00:00,1.6290923888152384
2022-02-03 00:00:00,1.6290923888152384
2022-02-04 00:00:00,1.6290923888152384
2022-02-07 00:00:00,1.6290923888152384
2022-02-08 00:00:00,1.6290923888152384
2022-02-09 00:00:00,1.6290923888152384
2022-02-10 00:00:00,1.6290923888152384
2022-02-11 00:00:00,1.6290923888152384
2022-02-14 00:00:00,1.6290923888152384
2022-02-15 00:00:00,1.6290923888152384
2022-02-16 00:00:00,1.6290923888152384
2022-02-17 00:00:00,1.6290923888152384
2022-02-18 00:00:00,1.6290923888152384
2022-02-22 00:00:00,1.6290923888152384
2022-02-23 00:00:00,1.6290923888152384
2022-02-24 00:00:00,1.6290923888152384
2022-02-25 00:00:00,1.6290923888152384
2022-02-28 00:00:00,1.6290923888152384
2022-03-01 00:00:00,1.6290923888152384
2022-03-02 00:00:00,1.6290923888152384
2022-03-03 00:00:00,1.6290923888152384
2022-03-04 00:00:00,1.6290923888152384
2022-03-07 00:00:00,1.6290923888152384
2022-03-08 00:00:00,1.6290923888152384
2022-03-09 00:00:00,1.620697833782203
2022-03-10 00:00:00,1.6324502108284529
2022-03-11 00:00:00,1.6246152927976194
2022-03-14 00:00:00,1.5844268417879908
2022-03-15 00:00:00,1.5844268417879908
2022-03-16 00:00:00,1.5844268417879908
2022-03-17 00:00:00,1.5844268417879908
2022-03-18 00:00:00,1.5844268417879908
2022-03-21 00:00:00,1.5844268417879908
2022-03-22 00:00:00,1.5844268417879908
2022-03-23 00:00:00,1.5844268417879908
2022-03-24 00:00:00,1.5844268417879908
2022-03-25 00:00:00,1.5844268417879908
2022-03-28 00:00:00,1.5844268417879908
2022-03-29 00:00:00,1.5844268417879908
2022-03-30 00:00:00,1.5844268417879908
2022-03-31 00:00:00,1.5844268417879908
2022-04-01 00:00:00,1.5844268417879908
2022-04-04 00:00:00,1.5844268417879908
2022-04-05 00:00:00,1.5844268417879908
2022-04-06 00:00:00,1.5844268417879908
2022-04-07 00:00:00,1.5844268417879908
2022-04-08 00:00:00,1.5844268417879908
2022-04-11 00:00:00,1.5844268417879908
2022-04-12 00:00:00,1.5844268417879908
2022-04-13 00:00:00,1.5844268417879908
2022-04-14 00:00:00,1.5844268417879908
2022-04-18 00:00:00,1.5844268417879908
2022-04-19 00:00:00,1.5844268417879908
2022-04-20 00:00:00,1.5844268417879908
2022-04-21 00:00:00,1.5844268417879908
2022-04-22 00:00:00,1.5844268417879908
2022-04-25 00:00:00,1.5844268417879908
2022-04-26 00:00:00,1.5844268417879908
2022-04-27 00:00:00,1.5844268417879908
2022-04-28 00:00:00,1.5844268417879908
2022-04-29 00:00:00,1.5844268417879908
2022-05-02 00:00:00,1.5844268417879908
2022-05-03 00:00:00,1.5844268417879908
2022-05-04 00:00:00,1.5844268417879908
2022-05-05 00:00:00,1.5844268417879908
2022-05-06 00:00:00,1.5844268417879908
2022-05-09 00:00:00,1.5844268417879908
2022-05-10 00:00:00,1.5844268417879908
2022-05-11 00:00:00,1.5844268417879908
2022-05-12 00:00:00,1.5844268417879908
2022-05-13 00:00:00,1.5844268417879908
2022-05-16 00:00:00,1.5844268417879908
2022-05-17 00:00:00,1.5844268417879908
2022-05-18 00:00:00,1.5844268417879908
2022-05-19 00:00:00,1.5844268417879908
2022-05-20 00:00:00,1.5844268417879908
2022-05-23 00:00:00,1.5844268417879908
2022-05-24 00:00:00,1.5844268417879908
2022-05-25 00:00:00,1.5844268417879908
2022-05-26 00:00:00,1.5844268417879908
2022-05-27 00:00:00,1.5844268417879908
2022-05-31 00:00:00,1.5844268417879908
2022-06-01 00:00:00,1.5844268417879908
2022-06-02 00:00:00,1.5844268417879908
2022-06-03 00:00:00,1.5844268417879908
2022-06-06 00:00:00,1.5844268417879908
2022-06-07 00:00:00,1.5844268417879908
2022-06-08 00:00:00,1.5844268417879908
2022-06-09 00:00:00,1.5844268417879908
2022-06-10 00:00:00,1.5844268417879908
2022-06-13 00:00:00,1.5844268417879908
2022-06-14 00:00:00,1.5844268417879908
2022-06-15 00:00:00,1.5844268417879908
2022-06-16 00:00:00,1.5844268417879908
2022-06-17 00:00:00,1.5844268417879908
2022-06-21 00:00:00,1.5844268417879908
2022-06-22 00:00:00,1.5844268417879908
2022-06-23 00:00:00,1.5844268417879908
2022-06-24 00:00:00,1.5844268417879908
2022-06-27 00:00:00,1.5844268417879908
2022-06-28 00:00:00,1.5844268417879908
2022-06-29 00:00:00,1.5844268417879908
2022-06-30 00:00:00,1.5844268417879908
2022-07-01 00:00:00,1.5844268417879908
2022-07-05 00:00:00,1.5844268417879908
2022-07-06 00:00:00,1.5844268417879908
2022-07-07 00:00:00,1.5844268417879908
2022-07-08 00:00:00,1.5844268417879908
2022-07-11 00:00:00,1.5844268417879908
2022-07-12 00:00:00,1.5844268417879908
2022-07-13 00:00:00,1.5844268417879908
2022-07-14 00:00:00,1.5844268417879908
2022-07-15 00:00:00,1.5844268417879908
2022-07-18 00:00:00,1.5844268417879908
2022-07-19 00:00:00,1.5844268417879908
2022-07-20 00:00:00,1.5844268417879908
2022-07-21 00:00:00,1.5844268417879908
2022-07-22 00:00:00,1.5844268417879908
2022-07-25 00:00:00,1.5844268417879908
2022-07-26 00:00:00,1.5844268417879908
2022-07-27 00:00:00,1.5844268417879908
2022-07-28 00:00:00,1.5844268417879908
2022-07-29 00:00:00,1.5844268417879908
2022-08-01 00:00:00,1.5844268417879908
2022-08-02 00:00:00,1.5844268417879908
2022-08-03 00:00:00,1.5844268417879908
2022-08-04 00:00:00,1.5844268417879908
2022-08-05 00:00:00,1.5844268417879908
2022-08-08 00:00:00,1.5844268417879908
2022-08-09 00:00:00,1.5844268417879908
2022-08-10 00:00:00,1.5844268417879908
2022-08-11 00:00:00,1.5844268417879908
2022-08-12 00:00:00,1.5844268417879908
2022-08-15 00:00:00,1.5844268417879908
2022-08-16 00:00:00,1.5844268417879908
2022-08-17 00:00:00,1.5844268417879908
2022-08-18 00:00:00,1.5844268417879908
2022-08-19 00:00:00,1.5844268417879908
2022-08-22 00:00:00,1.5844268417879908
2022-08-23 00:00:00,1.5844268417879908
2022-08-24 00:00:00,1.5844268417879908
2022-08-25 00:00:00,1.5844268417879908
2022-08-26 00:00:00,1.5844268417879908
2022-08-29 00:00:00,1.5844268417879908
2022-08-30 00:00:00,1.5844268417879908
2022-08-31 00:00:00,1.5844268417879908
2022-09-01 00:00:00,1.5844268417879908
2022-09-02 00:00:00,1.5844268417879908
2022-09-06 00:00:00,1.5844268417879908
2022-09-07 00:00:00,1.5844268417879908
2022-09-08 00:00:00,1.5844268417879908
2022-09-09 00:00:00,1.5844268417879908
2022-09-12 00:00:00,1.5844268417879908
2022-09-13 00:00:00,1.5844268417879908
2022-09-14 00:00:00,1.5844268417879908
2022-09-15 00:00:00,1.5844268417879908
2022-09-16 00:00:00,1.5844268417879908
2022-09-19 00:00:00,1.5844268417879908
2022-09-20 00:00:00,1.5844268417879908
2022-09-21 00:00:00,1.5844268417879908
2022-09-22 00:00:00,1.5844268417879908
2022-09-23 00:00:00,1.5844268417879908
2022-09-26 00:00:00,1.5844268417879908
2022-09-27 00:00:00,1.5844268417879908
2022-09-28 00:00:00,1.5844268417879908
2022-09-29 00:00:00,1.5844268417879908
2022-09-30 00:00:00,1.5844268417879908
2022-10-03 00:00:00,1.5844268417879908
2022-10-04 00:00:00,1.5844268417879908
2022-10-05 00:00:00,1.5844268417879908
2022-10-06 00:00:00,1.5844268417879908
2022-10-07 00:00:00,1.5844268417879908
2022-10-10 00:00:00,1.5844268417879908
2022-10-11 00:00:00,1.5844268417879908
2022-10-12 00:00:00,1.5844268417879908
2022-10-13 00:00:00,1.5844268417879908
2022-10-14 00:00:00,1.5844268417879908
2022-10-17 00:00:00,1.5844268417879908
2022-10-18 00:00:00,1.5844268417879908
2022-10-19 00:00:00,1.5844268417879908
2022-10-20 00:00:00,1.5844268417879908
2022-10-21 00:00:00,1.5844268417879908
2022-10-24 00:00:00,1.5844268417879908
2022-10-25 00:00:00,1.5844268417879908
2022-10-26 00:00:00,1.5844268417879908
2022-10-27 00:00:00,1.5844268417879908
2022-10-28 00:00:00,1.5844268417879908
2022-10-31 00:00:00,1.5844268417879908
2022-11-01 00:00:00,1.5844268417879908
2022-11-02 00:00:00,1.5844268417879908
2022-11-03 00:00:00,1.5844268417879908
2022-11-04 00:00:00,1.5844268417879908
2022-11-07 00:00:00,1.5844268417879908
2022-11-08 00:00:00,1.5844268417879908
2022-11-09 00:00:00,1.5844268417879908
2022-11-10 00:00:00,1.5844268417879908
2022-11-11 00:00:00,1.5844268417879908
2022-11-14 00:00:00,1.5844268417879908
2022-11-15 00:00:00,1.5844268417879908
2022-11-16 00:00:00,1.5844268417879908
2022-11-17 00:00:00,1.5844268417879908
2022-11-18 00:00:00,1.5844268417879908
2022-11-21 00:00:00,1.5844268417879908
2022-11-22 00:00:00,1.5844268417879908
2022-11-23 00:00:00,1.5844268417879908
2022-11-25 00:00:00,1.5844268417879908
2022-11-28 00:00:00,1.5844268417879908
2022-11-29 00:00:00,1.5844268417879908
2022-11-30 00:00:00,1.5844268417879908
2022-12-01 00:00:00,1.5844268417879908
2022-12-02 00:00:00,1.5844268417879908
2022-12-05 00:00:00,1.5635901149681255
2022-12-06 00:00:00,1.5635901149681255
2022-12-07 00:00:00,1.5848701764011794
2022-12-08 00:00:00,1.5977268801836495
2022-12-09 00:00:00,1.613243591645251
2022-12-12 00:00:00,1.608810245513365
2022-12-13 00:00:00,1.625213626201344
2022-12-14 00:00:00,1.6323069800123617
2022-12-15 00:00:00,1.599056884023215
2022-12-16 00:00:00,1.6048202339946673
2022-12-19 00:00:00,1.5937368686649518
2022-12-20 00:00:00,1.6429470107288888
2022-12-21 00:00:00,1.6358536569178708
2022-12-22 00:00:00,1.6190069416167032
2022-12-23 00:00:00,1.626100295427721
2022-12-27 00:00:00,1.6376269953706253
2022-12-28 00:00:00,1.6150169300980055
2022-12-29 00:00:00,1.6314203107859844
2022-12-30 00:00:00,1.6336369838519276
2023-01-03 00:00:00,1.6349669876914934
2023-01-04 00:00:00,1.6278736338804756
2023-01-05 00:00:00,1.6057069032210445
2023-01-06 00:00:00,1.6292036377200414
2023-01-09 00:00:00,1.6212236146826462
2023-01-10 00:00:00,1.6207802800694577
2023-01-11 00:00:00,1.6128002570320623
2023-01-12 00:00:00,1.6274302992672869
2023-01-13 00:00:00,1.6473803568607748
2023-01-17 00:00:00,1.633193649238739
2023-01-18 00:00:00,1.6136869262584397
2023-01-19 00:00:00,1.630976976172796
2023-01-20 00:00:00,1.6336369838519276
2023-01-23 00:00:00,1.6141302608716284
2023-01-24 00:00:00,1.6221102839090236
2023-01-25 00:00:00,1.6314203107859844
2023-01-26 00:00:00,1.6323069800123617
2023-01-27 00:00:00,1.6185636070035145
2023-01-30 00:00:00,1.6176769377771374
2023-01-31 00:00:00,1.625213626201344
2023-02-01 00:00:00,1.6362969915310595
2023-02-02 00:00:00,1.6136869262584397
2023-02-03 00:00:00,1.5693534649395777
2023-02-06 00:00:00,1.56536345342088
2023-02-07 00:00:00,1.5609301072889938
2023-02-08 00:00:00,1.56536345342088
2023-02-09 00:00:00,1.5520634150252215
2023-02-10 00:00:00,1.5547234227043532
2023-02-13 00:00:00,1.5499869372509045
2023-02-14 00:00:00,1.5499869372509045
2023-02-15 00:00:00,1.5499869372509045
2023-02-16 00:00:00,1.5499869372509045
2023-02-17 00:00:00,1.5499869372509045
2023-02-21 00:00:00,1.5499869372509045
2023-02-22 00:00:00,1.5499869372509045
2023-02-23 00:00:00,1.5499869372509045
2023-02-24 00:00:00,1.5499869372509045
2023-02-27 00:00:00,1.5499869372509045
2023-02-28 00:00:00,1.5499869372509045
2023-03-01 00:00:00,1.5499869372509045
2023-03-02 00:00:00,1.5499869372509045
2023-03-03 00:00:00,1.5499869372509045
2023-03-06 00:00:00,1.5499869372509045
2023-03-07 00:00:00,1.5499869372509045
2023-03-08 00:00:00,1.5499869372509045
2023-03-09 00:00:00,1.5499869372509045
2023-03-10 00:00:00,1.5499869372509045
2023-03-13 00:00:00,1.5499869372509045
2023-03-14 00:00:00,1.5499869372509045
2023-03-15 00:00:00,1.5499869372509045
2023-03-16 00:00:00,1.5499869372509045
2023-03-17 00:00:00,1.5499869372509045
2023-03-20 00:00:00,1.5499869372509045
2023-03-21 00:00:00,1.5499869372509045
2023-03-22 00:00:00,1.5499869372509045
2023-03-23 00:00:00,1.5499869372509045
2023-03-24 00:00:00,1.5499869372509045
2023-03-27 00:00:00,1.5499869372509045
2023-03-28 00:00:00,1.5499869372509045
2023-03-29 00:00:00,1.5499869372509045
2023-03-30 00:00:00,1.5499869372509045
2023-03-31 00:00:00,1.5499869372509045
2023-04-03 00:00:00,1.5499869372509045
2023-04-04 00:00:00,1.5499869372509045
2023-04-05 00:00:00,1.5499869372509045
2023-04-06 00:00:00,1.5499869372509045
2023-04-10 00:00:00,1.5499869372509045
2023-04-11 00:00:00,1.5499869372509045
2023-04-12 00:00:00,1.5499869372509045
2023-04-13 00:00:00,1.5499869372509045
2023-04-14 00:00:00,1.5499869372509045
2023-04-17 00:00:00,1.5499869372509045
2023-04-18 00:00:00,1.5499869372509045
2023-04-19 00:00:00,1.5499869372509045
2023-04-20 00:00:00,1.5499869372509045
2023-04-21 00:00:00,1.5499869372509045
2023-04-24 00:00:00,1.5499869372509045
2023-04-25 00:00:00,1.5499869372509045
2023-04-26 00:00:00,1.5499869372509045
2023-04-27 00:00:00,1.5499869372509045
2023-04-28 00:00:00,1.5499869372509045
2023-05-01 00:00:00,1.5499869372509045
2023-05-02 00:00:00,1.5499869372509045
2023-05-03 00:00:00,1.5499869372509045
2023-05-04 00:00:00,1.5499869372509045
2023-05-05 00:00:00,1.5499869372509045
2023-05-08 00:00:00,1.5499869372509045
2023-05-09 00:00:00,1.5499869372509045
2023-05-10 00:00:00,1.5499869372509045
2023-05-11 00:00:00,1.5499869372509045
2023-05-12 00:00:00,1.5499869372509045
2023-05-15 00:00:00,1.5499869372509045
2023-05-16 00:00:00,1.5499869372509045
2023-05-17 00:00:00,1.5499869372509045
2023-05-18 00:00:00,1.5499869372509045
2023-05-19 00:00:00,1.5499869372509045
2023-05-22 00:00:00,1.5499869372509045
2023-05-23 00:00:00,1.5499869372509045
2023-05-24 00:00:00,1.5499869372509045
2023-05-25 00:00:00,1.5499869372509045
2023-05-26 00:00:00,1.5499869372509045
2023-05-30 00:00:00,1.5499869372509045
2023-05-31 00:00:00,1.5499869372509045
2023-06-01 00:00:00,1.5499869372509045
2023-06-02 00:00:00,1.5499869372509045
2023-06-05 00:00:00,1.5499869372509045
2023-06-06 00:00:00,1.5499869372509045
2023-06-07 00:00:00,1.5499869372509045
2023-06-08 00:00:00,1.5499869372509045
2023-06-09 00:00:00,1.5499869372509045
2023-06-12 00:00:00,1.5499869372509045
2023-06-13 00:00:00,1.5499869372509045
2023-06-14 00:00:00,1.5499869372509045
2023-06-15 00:00:00,1.5499869372509045
2023-06-16 00:00:00,1.5499869372509045
2023-06-20 00:00:00,1.5499869372509045
2023-06-21 00:00:00,1.5499869372509045
2023-06-22 00:00:00,1.5499869372509045
2023-06-23 00:00:00,1.5499869372509045
2023-06-26 00:00:00,1.5499869372509045
2023-06-27 00:00:00,1.5499869372509045
2023-06-28 00:00:00,1.5499869372509045
2023-06-29 00:00:00,1.5499869372509045
2023-06-30 00:00:00,1.5499869372509045
2023-07-03 00:00:00,1.5499869372509045
2023-07-05 00:00:00,1.5499869372509045
2023-07-06 00:00:00,1.5499869372509045
2023-07-07 00:00:00,1.5499869372509045
2023-07-10 00:00:00,1.5499869372509045
2023-07-11 00:00:00,1.5499869372509045
2023-07-12 00:00:00,1.5499869372509045
2023-07-13 00:00:00,1.5499869372509045
2023-07-14 00:00:00,1.5499869372509045
2023-07-17 00:00:00,1.5499869372509045
2023-07-18 00:00:00,1.5499869372509045
2023-07-19 00:00:00,1.5499869372509045
2023-07-20 00:00:00,1.5499869372509045
2023-07-21 00:00:00,1.5499869372509045
2023-07-24 00:00:00,1.5499869372509045
2023-07-25 00:00:00,1.5499869372509045
2023-07-26 00:00:00,1.5499869372509045
2023-07-27 00:00:00,1.5499869372509045
2023-07-28 00:00:00,1.5499869372509045
2023-07-31 00:00:00,1.5499869372509045
2023-08-01 00:00:00,1.5499869372509045
2023-08-02 00:00:00,1.5499869372509045
2023-08-03 00:00:00,1.5499869372509045
2023-08-04 00:00:00,1.5499869372509045
2023-08-07 00:00:00,1.5499869372509045
2023-08-08 00:00:00,1.5499869372509045
2023-08-09 00:00:00,1.5499869372509045
2023-08-10 00:00:00,1.5499869372509045
2023-08-11 00:00:00,1.5499869372509045
2023-08-14 00:00:00,1.5499869372509045
2023-08-15 00:00:00,1.5499869372509045
2023-08-16 00:00:00,1.5499869372509045
2023-08-17 00:00:00,1.5499869372509045
2023-08-18 00:00:00,1.5499869372509045
2023-08-21 00:00:00,1.5499869372509045
2023-08-22 00:00:00,1.5499869372509045
2023-08-23 00:00:00,1.5499869372509045
2023-08-24 00:00:00,1.5499869372509045
2023-08-25 00:00:00,1.5499869372509045
2023-08-28 00:00:00,1.5499869372509045
2023-08-29 00:00:00,1.5499869372509045
2023-08-30 00:00:00,1.5499869372509045
2023-08-31 00:00:00,1.5499869372509045
2023-09-01 00:00:00,1.5247644652691434
2023-09-05 00:00:00,1.5041826988368265
2023-09-06 00:00:00,1.5041826988368265
2023-09-07 00:00:00,1.5041826988368265
2023-09-08 00:00:00,1.5041826988368265
2023-09-11 00:00:00,1.5041826988368265
2023-09-12 00:00:00,1.5041826988368265
2023-09-13 00:00:00,1.5041826988368265
2023-09-14 00:00:00,1.5041826988368265
2023-09-15 00:00:00,1.5041826988368265
2023-09-18 00:00:00,1.5041826988368265
2023-09-19 00:00:00,1.5041826988368265
2023-09-20 00:00:00,1.5041826988368265
2023-09-21 00:00:00,1.5041826988368265
2023-09-22 00:00:00,1.5041826988368265
2023-09-25 00:00:00,1.5041826988368265
2023-09-26 00:00:00,1.5041826988368265
2023-09-27 00:00:00,1.5041826988368265
2023-09-28 00:00:00,1.5041826988368265
2023-09-29 00:00:00,1.5041826988368265
2023-10-02 00:00:00,1.5041826988368265
2023-10-03 00:00:00,1.5041826988368265
2023-10-04 00:00:00,1.5041826988368265
2023-10-05 00:00:00,1.5041826988368265
2023-10-06 00:00:00,1.5041826988368265
2023-10-09 00:00:00,1.5041826988368265
2023-10-10 00:00:00,1.5041826988368265
2023-10-11 00:00:00,1.5041826988368265
2023-10-12 00:00:00,1.5041826988368265
2023-10-13 00:00:00,1.5041826988368265
2023-10-16 00:00:00,1.5041826988368265
2023-10-17 00:00:00,1.5041826988368265
2023-10-18 00:00:00,1.5041826988368265
2023-10-19 00:00:00,1.5041826988368265
2023-10-20 00:00:00,1.5041826988368265
2023-10-23 00:00:00,1.5041826988368265
2023-10-24 00:00:00,1.5041826988368265
2023-10-25 00:00:00,1.5041826988368265
2023-10-26 00:00:00,1.5041826988368265
2023-10-27 00:00:00,1.5041826988368265
2023-10-30 00:00:00,1.5041826988368265
2023-10-31 00:00:00,1.5041826988368265
2023-11-01 00:00:00,1.5041826988368265
2023-11-02 00:00:00,1.5041826988368265
2023-11-03 00:00:00,1.5041826988368265
2023-11-06 00:00:00,1.5041826988368265
2023-11-07 00:00:00,1.5041826988368265
2023-11-08 00:00:00,1.5041826988368265
2023-11-09 00:00:00,1.5041826988368265
2023-11-10 00:00:00,1.5041826988368265
2023-11-13 00:00:00,1.5041826988368265
2023-11-14 00:00:00,1.5041826988368265
2023-11-15 00:00:00,1.5041826988368265
2023-11-16 00:00:00,1.5041826988368265
2023-11-17 00:00:00,1.5041826988368265
2023-11-20 00:00:00,1.5041826988368265
2023-11-21 00:00:00,1.5041826988368265
2023-11-22 00:00:00,1.5041826988368265
2023-11-24 00:00:00,1.5041826988368265
2023-11-27 00:00:00,1.5041826988368265
2023-11-28 00:00:00,1.5041826988368265
2023-11-29 00:00:00,1.5041826988368265
2023-11-30 00:00:00,1.5142354655353443
2023-12-01 00:00:00,1.5268014239084913
2023-12-04 00:00:00,1.4721395049853017
2023-12-05 00:00:00,1.4603156921136722
2023-12-06 00:00:00,1.4603156921136722
2023-12-07 00:00:00,1.4603156921136722
2023-12-08 00:00:00,1.4603156921136722
2023-12-11 00:00:00,1.4603156921136722
2023-12-12 00:00:00,1.4603156921136722
2023-12-13 00:00:00,1.4603156921136722
2023-12-14 00:00:00,1.4603156921136722
2023-12-15 00:00:00,1.4603156921136722
2023-12-18 00:00:00,1.4603156921136722
2023-12-19 00:00:00,1.4603156921136722
2023-12-20 00:00:00,1.4603156921136722
2023-12-21 00:00:00,1.4603156921136722
2023-12-22 00:00:00,1.4603156921136722
2023-12-26 00:00:00,1.4603156921136722
2023-12-27 00:00:00,1.4603156921136722
2023-12-28 00:00:00,1.4603156921136722
2023-12-29 00:00:00,1.4603156921136722
