date,combined_equity
2002-07-26 00:00:00,1.0
2002-07-29 00:00:00,1.0
2002-07-30 00:00:00,1.0
2002-07-31 00:00:00,1.0
2002-08-01 00:00:00,1.0
2002-08-02 00:00:00,1.0
2002-08-05 00:00:00,1.0
2002-08-06 00:00:00,1.0
2002-08-07 00:00:00,1.0
2002-08-08 00:00:00,1.0
2002-08-09 00:00:00,1.0
2002-08-12 00:00:00,1.0
2002-08-13 00:00:00,1.0
2002-08-14 00:00:00,1.0
2002-08-15 00:00:00,1.0
2002-08-16 00:00:00,1.0
2002-08-19 00:00:00,1.0
2002-08-20 00:00:00,1.0
2002-08-21 00:00:00,1.0
2002-08-22 00:00:00,1.0
2002-08-23 00:00:00,1.0
2002-08-26 00:00:00,1.0
2002-08-27 00:00:00,1.0
2002-08-28 00:00:00,1.0
2002-08-29 00:00:00,1.0
2002-08-30 00:00:00,1.0
2002-09-03 00:00:00,1.0
2002-09-04 00:00:00,1.0
2002-09-05 00:00:00,1.0
2002-09-06 00:00:00,1.0
2002-09-09 00:00:00,1.0
2002-09-10 00:00:00,1.0
2002-09-11 00:00:00,1.0
2002-09-12 00:00:00,1.0
2002-09-13 00:00:00,1.0
2002-09-16 00:00:00,1.0
2002-09-17 00:00:00,1.0
2002-09-18 00:00:00,1.0
2002-09-19 00:00:00,1.0
2002-09-20 00:00:00,1.0
2002-09-23 00:00:00,1.0
2002-09-24 00:00:00,1.0
2002-09-25 00:00:00,1.0
2002-09-26 00:00:00,1.0
2002-09-27 00:00:00,1.0
2002-09-30 00:00:00,1.0
2002-10-01 00:00:00,1.0
2002-10-02 00:00:00,1.0
2002-10-03 00:00:00,1.0
2002-10-04 00:00:00,1.0
2002-10-07 00:00:00,1.0
2002-10-08 00:00:00,1.0
2002-10-09 00:00:00,1.0
2002-10-10 00:00:00,1.0
2002-10-11 00:00:00,1.0
2002-10-14 00:00:00,1.0
2002-10-15 00:00:00,1.0
2002-10-16 00:00:00,1.0
2002-10-17 00:00:00,1.0
2002-10-18 00:00:00,1.0
2002-10-21 00:00:00,1.0
2002-10-22 00:00:00,1.0
2002-10-23 00:00:00,1.0
2002-10-24 00:00:00,1.0
2002-10-25 00:00:00,1.0
2002-10-28 00:00:00,1.0
2002-10-29 00:00:00,1.0
2002-10-30 00:00:00,1.0
2002-10-31 00:00:00,1.0
2002-11-01 00:00:00,1.0
2002-11-04 00:00:00,1.0
2002-11-05 00:00:00,1.0
2002-11-06 00:00:00,1.0
2002-11-07 00:00:00,1.0
2002-11-08 00:00:00,1.0
2002-11-11 00:00:00,1.0
2002-11-12 00:00:00,1.0
2002-11-13 00:00:00,1.0
2002-11-14 00:00:00,1.0
2002-11-15 00:00:00,1.0
2002-11-18 00:00:00,1.0
2002-11-19 00:00:00,1.0
2002-11-20 00:00:00,1.0
2002-11-21 00:00:00,1.0
2002-11-22 00:00:00,1.0
2002-11-25 00:00:00,1.0
2002-11-26 00:00:00,1.0
2002-11-27 00:00:00,1.0
2002-11-29 00:00:00,1.0
2002-12-02 00:00:00,1.0
2002-12-03 00:00:00,1.0
2002-12-04 00:00:00,1.0
2002-12-05 00:00:00,1.0
2002-12-06 00:00:00,1.0
2002-12-09 00:00:00,1.0
2002-12-10 00:00:00,1.0
2002-12-11 00:00:00,1.0
2002-12-12 00:00:00,1.0
2002-12-13 00:00:00,1.0
2002-12-16 00:00:00,1.0
2002-12-17 00:00:00,1.0
2002-12-18 00:00:00,1.0
2002-12-19 00:00:00,1.0
2002-12-20 00:00:00,1.0
2002-12-23 00:00:00,1.0
2002-12-24 00:00:00,1.0
2002-12-26 00:00:00,1.0
2002-12-27 00:00:00,1.0
2002-12-30 00:00:00,1.0
2002-12-31 00:00:00,1.0
2003-01-02 00:00:00,1.0
2003-01-03 00:00:00,1.0
2003-01-06 00:00:00,1.0
2003-01-07 00:00:00,1.0
2003-01-08 00:00:00,1.0
2003-01-09 00:00:00,1.0
2003-01-10 00:00:00,1.0
2003-01-13 00:00:00,1.0
2003-01-14 00:00:00,1.0
2003-01-15 00:00:00,1.0
2003-01-16 00:00:00,1.0
2003-01-17 00:00:00,1.0
2003-01-21 00:00:00,1.0
2003-01-22 00:00:00,1.0
2003-01-23 00:00:00,1.0
2003-01-24 00:00:00,1.0
2003-01-27 00:00:00,1.0
2003-01-28 00:00:00,1.0
2003-01-29 00:00:00,1.0
2003-01-30 00:00:00,1.0
2003-01-31 00:00:00,1.0
2003-02-03 00:00:00,1.0
2003-02-04 00:00:00,1.0
2003-02-05 00:00:00,1.0
2003-02-06 00:00:00,1.0
2003-02-07 00:00:00,1.0
2003-02-10 00:00:00,1.0
2003-02-11 00:00:00,1.0
2003-02-12 00:00:00,1.0
2003-02-13 00:00:00,1.0
2003-02-14 00:00:00,1.0
2003-02-18 00:00:00,1.0
2003-02-19 00:00:00,1.0
2003-02-20 00:00:00,1.0
2003-02-21 00:00:00,1.0
2003-02-24 00:00:00,1.0
2003-02-25 00:00:00,1.0
2003-02-26 00:00:00,1.0
2003-02-27 00:00:00,1.0
2003-02-28 00:00:00,1.0
2003-03-03 00:00:00,1.0
2003-03-04 00:00:00,1.0
2003-03-05 00:00:00,1.0
2003-03-06 00:00:00,1.0
2003-03-07 00:00:00,1.0
2003-03-10 00:00:00,1.0
2003-03-11 00:00:00,1.0
2003-03-12 00:00:00,1.0
2003-03-13 00:00:00,1.0
2003-03-14 00:00:00,1.0
2003-03-17 00:00:00,1.0
2003-03-18 00:00:00,1.0
2003-03-19 00:00:00,1.0
2003-03-20 00:00:00,1.0
2003-03-21 00:00:00,1.0
2003-03-24 00:00:00,1.0
2003-03-25 00:00:00,1.0
2003-03-26 00:00:00,1.0
2003-03-27 00:00:00,1.0
2003-03-28 00:00:00,1.0
2003-03-31 00:00:00,1.0
2003-04-01 00:00:00,1.0
2003-04-02 00:00:00,1.0
2003-04-03 00:00:00,1.0
2003-04-04 00:00:00,1.0
2003-04-07 00:00:00,1.0
2003-04-08 00:00:00,1.0
2003-04-09 00:00:00,1.0
2003-04-10 00:00:00,1.0
2003-04-11 00:00:00,1.0
2003-04-14 00:00:00,1.0
2003-04-15 00:00:00,1.0
2003-04-16 00:00:00,1.0
2003-04-17 00:00:00,1.0
2003-04-21 00:00:00,1.0
2003-04-22 00:00:00,1.0
2003-04-23 00:00:00,1.0
2003-04-24 00:00:00,1.0
2003-04-25 00:00:00,1.0
2003-04-28 00:00:00,1.0
2003-04-29 00:00:00,1.0
2003-04-30 00:00:00,1.0
2003-05-01 00:00:00,1.0
2003-05-02 00:00:00,1.0
2003-05-05 00:00:00,1.0
2003-05-06 00:00:00,1.0
2003-05-07 00:00:00,1.0
2003-05-08 00:00:00,1.0
2003-05-09 00:00:00,1.0
2003-05-12 00:00:00,1.0
2003-05-13 00:00:00,1.0
2003-05-14 00:00:00,1.0
2003-05-15 00:00:00,1.0
2003-05-16 00:00:00,1.0
2003-05-19 00:00:00,1.0
2003-05-20 00:00:00,1.0
2003-05-21 00:00:00,1.0
2003-05-22 00:00:00,1.0
2003-05-23 00:00:00,1.0
2003-05-27 00:00:00,1.0
2003-05-28 00:00:00,1.0
2003-05-29 00:00:00,1.0
2003-05-30 00:00:00,1.0
2003-06-02 00:00:00,1.0
2003-06-03 00:00:00,1.0
2003-06-04 00:00:00,1.0
2003-06-05 00:00:00,1.0
2003-06-06 00:00:00,1.0
2003-06-09 00:00:00,1.0
2003-06-10 00:00:00,1.0
2003-06-11 00:00:00,1.0
2003-06-12 00:00:00,1.0
2003-06-13 00:00:00,1.0
2003-06-16 00:00:00,1.0
2003-06-17 00:00:00,1.0
2003-06-18 00:00:00,1.0
2003-06-19 00:00:00,1.0
2003-06-20 00:00:00,1.0
2003-06-23 00:00:00,1.0
2003-06-24 00:00:00,1.0
2003-06-25 00:00:00,1.0
2003-06-26 00:00:00,1.0
2003-06-27 00:00:00,1.0
2003-06-30 00:00:00,1.0
2003-07-01 00:00:00,1.0
2003-07-02 00:00:00,1.0
2003-07-03 00:00:00,1.0
2003-07-07 00:00:00,1.0
2003-07-08 00:00:00,1.0
2003-07-09 00:00:00,1.0
2003-07-10 00:00:00,1.0
2003-07-11 00:00:00,1.0
2003-07-14 00:00:00,1.0
2003-07-15 00:00:00,1.0
2003-07-16 00:00:00,1.0
2003-07-17 00:00:00,1.0
2003-07-18 00:00:00,1.0
2003-07-21 00:00:00,1.0
2003-07-22 00:00:00,1.0
2003-07-23 00:00:00,1.0
2003-07-24 00:00:00,1.0
2003-07-25 00:00:00,1.0
2003-07-28 00:00:00,1.0
2003-07-29 00:00:00,1.0
2003-07-30 00:00:00,1.0
2003-07-31 00:00:00,1.0
2003-08-01 00:00:00,1.0
2003-08-04 00:00:00,0.9951785759994455
2003-08-05 00:00:00,1.0029212844616315
2003-08-06 00:00:00,0.9923556125973877
2003-08-07 00:00:00,0.9900645467881495
2003-08-08 00:00:00,0.9922691330875365
2003-08-11 00:00:00,0.9949949544140104
2003-08-12 00:00:00,0.9975253126053268
2003-08-13 00:00:00,1.0079393505813334
2003-08-14 00:00:00,1.0027163377447312
2003-08-15 00:00:00,1.0030314470709278
2003-08-18 00:00:00,1.000544918126532
2003-08-19 00:00:00,0.9922596495057936
2003-08-20 00:00:00,0.9951809339674252
2003-08-21 00:00:00,0.9964733589694099
2003-08-22 00:00:00,0.9940519844034
2003-08-25 00:00:00,0.998276356432749
2003-08-26 00:00:00,0.9940306592719347
2003-08-27 00:00:00,0.9964958630848653
2003-08-28 00:00:00,0.9908819239779476
2003-08-29 00:00:00,0.9921743489799323
2003-09-02 00:00:00,1.0025232325775533
2003-09-03 00:00:00,1.0016655630928042
2003-09-04 00:00:00,0.9986577991213214
2003-09-05 00:00:00,0.989395214824795
2003-09-08 00:00:00,0.9950529831786331
2003-09-09 00:00:00,0.9911330579097481
2003-09-10 00:00:00,0.9855842731812163
2003-09-11 00:00:00,0.9878996740473621
2003-09-12 00:00:00,0.9878996740473621
2003-09-15 00:00:00,0.9878996740473621
2003-09-16 00:00:00,0.9878996740473621
2003-09-17 00:00:00,0.9878996740473621
2003-09-18 00:00:00,0.9878996740473621
2003-09-19 00:00:00,0.9878996740473621
2003-09-22 00:00:00,0.9878996740473621
2003-09-23 00:00:00,0.9878996740473621
2003-09-24 00:00:00,0.9878996740473621
2003-09-25 00:00:00,0.9878996740473621
2003-09-26 00:00:00,0.9878996740473621
2003-09-29 00:00:00,0.9878996740473621
2003-09-30 00:00:00,0.9878996740473621
2003-10-01 00:00:00,0.9878996740473621
2003-10-02 00:00:00,0.9878996740473621
2003-10-03 00:00:00,0.9878996740473621
2003-10-06 00:00:00,0.9878996740473621
2003-10-07 00:00:00,0.9878996740473621
2003-10-08 00:00:00,0.9878996740473621
2003-10-09 00:00:00,0.9878996740473621
2003-10-10 00:00:00,0.9878996740473621
2003-10-13 00:00:00,0.9878996740473621
2003-10-14 00:00:00,0.9878996740473621
2003-10-15 00:00:00,0.9878996740473621
2003-10-16 00:00:00,0.9878996740473621
2003-10-17 00:00:00,0.9878996740473621
2003-10-20 00:00:00,0.9878996740473621
2003-10-21 00:00:00,0.9878996740473621
2003-10-22 00:00:00,0.9878996740473621
2003-10-23 00:00:00,0.9878996740473621
2003-10-24 00:00:00,0.9878996740473621
2003-10-27 00:00:00,0.9878996740473621
2003-10-28 00:00:00,0.9878996740473621
2003-10-29 00:00:00,0.9878996740473621
2003-10-30 00:00:00,0.9878996740473621
2003-10-31 00:00:00,0.9878996740473621
2003-11-03 00:00:00,0.9878996740473621
2003-11-04 00:00:00,0.9878996740473621
2003-11-05 00:00:00,0.9878996740473621
2003-11-06 00:00:00,0.9878996740473621
2003-11-07 00:00:00,0.9878996740473621
2003-11-10 00:00:00,0.9878996740473621
2003-11-11 00:00:00,0.9878996740473621
2003-11-12 00:00:00,0.9878996740473621
2003-11-13 00:00:00,0.9878996740473621
2003-11-14 00:00:00,0.9878996740473621
2003-11-17 00:00:00,0.9878996740473621
2003-11-18 00:00:00,0.9878996740473621
2003-11-19 00:00:00,0.9878996740473621
2003-11-20 00:00:00,0.9878996740473621
2003-11-21 00:00:00,0.9878996740473621
2003-11-24 00:00:00,0.9878996740473621
2003-11-25 00:00:00,0.9878996740473621
2003-11-26 00:00:00,0.9878996740473621
2003-11-28 00:00:00,0.9878996740473621
2003-12-01 00:00:00,0.9878996740473621
2003-12-02 00:00:00,0.9878996740473621
2003-12-03 00:00:00,0.9878996740473621
2003-12-04 00:00:00,0.9878996740473621
2003-12-05 00:00:00,0.9878996740473621
2003-12-08 00:00:00,0.9878996740473621
2003-12-09 00:00:00,0.9878996740473621
2003-12-10 00:00:00,0.9878996740473621
2003-12-11 00:00:00,0.9878996740473621
2003-12-12 00:00:00,0.9878996740473621
2003-12-15 00:00:00,0.9878996740473621
2003-12-16 00:00:00,0.9878996740473621
2003-12-17 00:00:00,0.9878996740473621
2003-12-18 00:00:00,0.9878996740473621
2003-12-19 00:00:00,0.9878996740473621
2003-12-22 00:00:00,0.9878996740473621
2003-12-23 00:00:00,0.9878996740473621
2003-12-24 00:00:00,0.9878996740473621
2003-12-26 00:00:00,0.9878996740473621
2003-12-29 00:00:00,0.9878996740473621
2003-12-30 00:00:00,0.9878996740473621
2003-12-31 00:00:00,0.9878996740473621
2004-01-02 00:00:00,0.9878996740473621
2004-01-05 00:00:00,0.9878996740473621
2004-01-06 00:00:00,0.9878996740473621
2004-01-07 00:00:00,0.9878996740473621
2004-01-08 00:00:00,0.9878996740473621
2004-01-09 00:00:00,0.9878996740473621
2004-01-12 00:00:00,0.9878996740473621
2004-01-13 00:00:00,0.9878996740473621
2004-01-14 00:00:00,0.9878996740473621
2004-01-15 00:00:00,0.9878996740473621
2004-01-16 00:00:00,0.9878996740473621
2004-01-20 00:00:00,0.9878996740473621
2004-01-21 00:00:00,0.9878996740473621
2004-01-22 00:00:00,0.9878996740473621
2004-01-23 00:00:00,0.9878996740473621
2004-01-26 00:00:00,0.9878996740473621
2004-01-27 00:00:00,0.9878996740473621
2004-01-28 00:00:00,0.9878996740473621
2004-01-29 00:00:00,0.9878996740473621
2004-01-30 00:00:00,0.9878996740473621
2004-02-02 00:00:00,0.9878996740473621
2004-02-03 00:00:00,0.9878996740473621
2004-02-04 00:00:00,0.9878996740473621
2004-02-05 00:00:00,0.9878996740473621
2004-02-06 00:00:00,0.9878996740473621
2004-02-09 00:00:00,0.9878996740473621
2004-02-10 00:00:00,0.9878996740473621
2004-02-11 00:00:00,0.9878996740473621
2004-02-12 00:00:00,0.9878996740473621
2004-02-13 00:00:00,0.9878996740473621
2004-02-17 00:00:00,0.9878996740473621
2004-02-18 00:00:00,0.9878996740473621
2004-02-19 00:00:00,0.9878996740473621
2004-02-20 00:00:00,0.9878996740473621
2004-02-23 00:00:00,0.9878996740473621
2004-02-24 00:00:00,0.9878996740473621
2004-02-25 00:00:00,0.9878996740473621
2004-02-26 00:00:00,0.9878996740473621
2004-02-27 00:00:00,0.9878996740473621
2004-03-01 00:00:00,0.9878996740473621
2004-03-02 00:00:00,0.9878996740473621
2004-03-03 00:00:00,0.9878996740473621
2004-03-04 00:00:00,0.9878996740473621
2004-03-05 00:00:00,0.9878996740473621
2004-03-08 00:00:00,0.9878996740473621
2004-03-09 00:00:00,0.9878996740473621
2004-03-10 00:00:00,0.9878996740473621
2004-03-11 00:00:00,0.9878996740473621
2004-03-12 00:00:00,0.9878996740473621
2004-03-15 00:00:00,0.9878996740473621
2004-03-16 00:00:00,0.9878996740473621
2004-03-17 00:00:00,0.9878996740473621
2004-03-18 00:00:00,0.9878996740473621
2004-03-19 00:00:00,0.9878996740473621
2004-03-22 00:00:00,0.9878996740473621
2004-03-23 00:00:00,0.9878996740473621
2004-03-24 00:00:00,0.9878996740473621
2004-03-25 00:00:00,0.9878996740473621
2004-03-26 00:00:00,0.9878996740473621
2004-03-29 00:00:00,0.9878996740473621
2004-03-30 00:00:00,0.9878996740473621
2004-03-31 00:00:00,0.9878996740473621
2004-04-01 00:00:00,0.9878996740473621
2004-04-02 00:00:00,0.9878996740473621
2004-04-05 00:00:00,0.9878996740473621
2004-04-06 00:00:00,0.9878996740473621
2004-04-07 00:00:00,0.9878996740473621
2004-04-08 00:00:00,0.9878996740473621
2004-04-12 00:00:00,0.9878996740473621
2004-04-13 00:00:00,0.9878996740473621
2004-04-14 00:00:00,0.9878996740473621
2004-04-15 00:00:00,0.9878996740473621
2004-04-16 00:00:00,0.9878996740473621
2004-04-19 00:00:00,0.9878996740473621
2004-04-20 00:00:00,0.9878996740473621
2004-04-21 00:00:00,0.9878996740473621
2004-04-22 00:00:00,0.9878996740473621
2004-04-23 00:00:00,0.9878996740473621
2004-04-26 00:00:00,0.9878996740473621
2004-04-27 00:00:00,0.9878996740473621
2004-04-28 00:00:00,0.9878996740473621
2004-04-29 00:00:00,0.9878996740473621
2004-04-30 00:00:00,0.9878996740473621
2004-05-03 00:00:00,0.9878996740473621
2004-05-04 00:00:00,0.9878996740473621
2004-05-05 00:00:00,0.9948113425313929
2004-05-06 00:00:00,0.9971693879999245
2004-05-07 00:00:00,1.0088149879938726
2004-05-10 00:00:00,1.0108490490022153
2004-05-11 00:00:00,1.0068354000870308
2004-05-12 00:00:00,1.012649279797578
2004-05-13 00:00:00,1.0159792786466761
2004-05-14 00:00:00,1.0088337799496654
2004-05-17 00:00:00,1.0010403123322766
2004-05-18 00:00:00,1.004478306001438
2004-05-19 00:00:00,1.0073763255702843
2004-05-20 00:00:00,1.0005548113334626
2004-05-21 00:00:00,1.004100799822687
2004-05-24 00:00:00,1.0012750939281951
2004-05-25 00:00:00,0.9986653776738297
2004-05-26 00:00:00,0.9938957650182042
2004-05-27 00:00:00,0.9868582611412565
2004-05-28 00:00:00,0.9893243014298511
2004-06-01 00:00:00,1.000969901423799
2004-06-02 00:00:00,1.0032199520722676
2004-06-03 00:00:00,1.0013661995583427
2004-06-04 00:00:00,1.0065321103485119
2004-06-07 00:00:00,1.006298280135532
2004-06-08 00:00:00,1.004660517261733
2004-06-09 00:00:00,1.0084224953910834
2004-06-10 00:00:00,1.0066767376972217
2004-06-14 00:00:00,1.0136785604284615
2004-06-15 00:00:00,0.9951936056248374
2004-06-16 00:00:00,0.9986315992939988
2004-06-17 00:00:00,0.9927820384377436
2004-06-18 00:00:00,0.9947081046260233
2004-06-21 00:00:00,0.9940422951327914
2004-06-22 00:00:00,0.9967243250615119
2004-06-23 00:00:00,0.9949785673676501
2004-06-24 00:00:00,0.989560985791647
2004-06-25 00:00:00,0.988679186658289
2004-06-28 00:00:00,0.9978409057907884
2004-06-29 00:00:00,0.9922073345746594
2004-06-30 00:00:00,0.9830099342964517
2004-07-01 00:00:00,0.9858722723767496
2004-07-02 00:00:00,0.9858722723767496
2004-07-06 00:00:00,0.9858722723767496
2004-07-07 00:00:00,0.9858722723767496
2004-07-08 00:00:00,0.9858722723767496
2004-07-09 00:00:00,0.9858722723767496
2004-07-12 00:00:00,0.9858722723767496
2004-07-13 00:00:00,0.9858722723767496
2004-07-14 00:00:00,0.9858722723767496
2004-07-15 00:00:00,0.9858722723767496
2004-07-16 00:00:00,0.9858722723767496
2004-07-19 00:00:00,0.9858722723767496
2004-07-20 00:00:00,0.9858722723767496
2004-07-21 00:00:00,0.9858722723767496
2004-07-22 00:00:00,0.9858722723767496
2004-07-23 00:00:00,0.9858722723767496
2004-07-26 00:00:00,0.9858722723767496
2004-07-27 00:00:00,0.9858722723767496
2004-07-28 00:00:00,0.9858722723767496
2004-07-29 00:00:00,0.9858722723767496
2004-07-30 00:00:00,0.9858722723767496
2004-08-02 00:00:00,0.9858722723767496
2004-08-03 00:00:00,0.9858722723767496
2004-08-04 00:00:00,0.9858722723767496
2004-08-05 00:00:00,0.9858722723767496
2004-08-06 00:00:00,0.9858722723767496
2004-08-09 00:00:00,0.9858722723767496
2004-08-10 00:00:00,0.9858722723767496
2004-08-11 00:00:00,0.9858722723767496
2004-08-12 00:00:00,0.9858722723767496
2004-08-13 00:00:00,0.9858722723767496
2004-08-16 00:00:00,0.9858722723767496
2004-08-17 00:00:00,0.9858722723767496
2004-08-18 00:00:00,0.9858722723767496
2004-08-19 00:00:00,0.9858722723767496
2004-08-20 00:00:00,0.9858722723767496
2004-08-23 00:00:00,0.9858722723767496
2004-08-24 00:00:00,0.9858722723767496
2004-08-25 00:00:00,0.9858722723767496
2004-08-26 00:00:00,0.9858722723767496
2004-08-27 00:00:00,0.9858722723767496
2004-08-30 00:00:00,0.9858722723767496
2004-08-31 00:00:00,0.9858722723767496
2004-09-01 00:00:00,0.9858722723767496
2004-09-02 00:00:00,0.9858722723767496
2004-09-03 00:00:00,0.9858722723767496
2004-09-07 00:00:00,0.9858722723767496
2004-09-08 00:00:00,0.9858722723767496
2004-09-09 00:00:00,0.9858722723767496
2004-09-10 00:00:00,0.9858722723767496
2004-09-13 00:00:00,0.9858722723767496
2004-09-14 00:00:00,0.9858722723767496
2004-09-15 00:00:00,0.9858722723767496
2004-09-16 00:00:00,0.9858722723767496
2004-09-17 00:00:00,0.9858722723767496
2004-09-20 00:00:00,0.9858722723767496
2004-09-21 00:00:00,0.9858722723767496
2004-09-22 00:00:00,0.9858722723767496
2004-09-23 00:00:00,0.9858722723767496
2004-09-24 00:00:00,0.9858722723767496
2004-09-27 00:00:00,0.9858722723767496
2004-09-28 00:00:00,0.9858722723767496
2004-09-29 00:00:00,0.9858722723767496
2004-09-30 00:00:00,0.9858722723767496
2004-10-01 00:00:00,0.9858722723767496
2004-10-04 00:00:00,0.9858722723767496
2004-10-05 00:00:00,0.9858722723767496
2004-10-06 00:00:00,0.9858722723767496
2004-10-07 00:00:00,0.9858722723767496
2004-10-08 00:00:00,0.9858722723767496
2004-10-11 00:00:00,0.9858722723767496
2004-10-12 00:00:00,0.9858722723767496
2004-10-13 00:00:00,0.9858722723767496
2004-10-14 00:00:00,0.9858722723767496
2004-10-15 00:00:00,0.9858722723767496
2004-10-18 00:00:00,0.9858722723767496
2004-10-19 00:00:00,0.9858722723767496
2004-10-20 00:00:00,0.9858722723767496
2004-10-21 00:00:00,0.9858722723767496
2004-10-22 00:00:00,0.9858722723767496
2004-10-25 00:00:00,0.9858722723767496
2004-10-26 00:00:00,0.9858722723767496
2004-10-27 00:00:00,0.9858722723767496
2004-10-28 00:00:00,0.9858722723767496
2004-10-29 00:00:00,0.9858722723767496
2004-11-01 00:00:00,0.9858722723767496
2004-11-02 00:00:00,0.9858722723767496
2004-11-03 00:00:00,0.9858722723767496
2004-11-04 00:00:00,0.9858722723767496
2004-11-05 00:00:00,0.9858722723767496
2004-11-08 00:00:00,0.9858722723767496
2004-11-09 00:00:00,0.9858722723767496
2004-11-10 00:00:00,0.9858722723767496
2004-11-11 00:00:00,0.9858722723767496
2004-11-12 00:00:00,0.9858722723767496
2004-11-15 00:00:00,0.9858722723767496
2004-11-16 00:00:00,0.9858722723767496
2004-11-17 00:00:00,0.9858722723767496
2004-11-18 00:00:00,0.9858722723767496
2004-11-19 00:00:00,0.9858722723767496
2004-11-22 00:00:00,0.9858722723767496
2004-11-23 00:00:00,0.9858722723767496
2004-11-24 00:00:00,0.9858722723767496
2004-11-26 00:00:00,0.9858722723767496
2004-11-29 00:00:00,0.9858722723767496
2004-11-30 00:00:00,0.9858722723767496
2004-12-01 00:00:00,0.9858722723767496
2004-12-02 00:00:00,0.9858722723767496
2004-12-03 00:00:00,0.9858722723767496
2004-12-06 00:00:00,0.9858722723767496
2004-12-07 00:00:00,0.9858722723767496
2004-12-08 00:00:00,0.9858722723767496
2004-12-09 00:00:00,0.9858722723767496
2004-12-10 00:00:00,0.9858722723767496
2004-12-13 00:00:00,0.9858722723767496
2004-12-14 00:00:00,0.9858722723767496
2004-12-15 00:00:00,0.9858722723767496
2004-12-16 00:00:00,0.9858722723767496
2004-12-17 00:00:00,0.9858722723767496
2004-12-20 00:00:00,0.9858722723767496
2004-12-21 00:00:00,0.9858722723767496
2004-12-22 00:00:00,0.9858722723767496
2004-12-23 00:00:00,0.9858722723767496
2004-12-27 00:00:00,0.9858722723767496
2004-12-28 00:00:00,0.9858722723767496
2004-12-29 00:00:00,0.9858722723767496
2004-12-30 00:00:00,0.9858722723767496
2004-12-31 00:00:00,0.9858722723767496
2005-01-03 00:00:00,0.9858722723767496
2005-01-04 00:00:00,0.9858722723767496
2005-01-05 00:00:00,0.9858722723767496
2005-01-06 00:00:00,0.9858722723767496
2005-01-07 00:00:00,0.9858722723767496
2005-01-10 00:00:00,0.9858722723767496
2005-01-11 00:00:00,0.9858722723767496
2005-01-12 00:00:00,0.9858722723767496
2005-01-13 00:00:00,0.9858722723767496
2005-01-14 00:00:00,0.9858722723767496
2005-01-18 00:00:00,0.9858722723767496
2005-01-19 00:00:00,0.9858722723767496
2005-01-20 00:00:00,0.9858722723767496
2005-01-21 00:00:00,0.9858722723767496
2005-01-24 00:00:00,0.9858722723767496
2005-01-25 00:00:00,0.9858722723767496
2005-01-26 00:00:00,0.9858722723767496
2005-01-27 00:00:00,0.9858722723767496
2005-01-28 00:00:00,0.9858722723767496
2005-01-31 00:00:00,0.9858722723767496
2005-02-01 00:00:00,0.9858722723767496
2005-02-02 00:00:00,0.9858722723767496
2005-02-03 00:00:00,0.9858722723767496
2005-02-04 00:00:00,0.9858722723767496
2005-02-07 00:00:00,0.9858722723767496
2005-02-08 00:00:00,0.9858722723767496
2005-02-09 00:00:00,0.9858722723767496
2005-02-10 00:00:00,0.9858722723767496
2005-02-11 00:00:00,0.9858722723767496
2005-02-14 00:00:00,0.9858722723767496
2005-02-15 00:00:00,0.9858722723767496
2005-02-16 00:00:00,0.9858722723767496
2005-02-17 00:00:00,0.9858722723767496
2005-02-18 00:00:00,0.9858722723767496
2005-02-22 00:00:00,0.9858722723767496
2005-02-23 00:00:00,0.9858722723767496
2005-02-24 00:00:00,0.9858722723767496
2005-02-25 00:00:00,0.9858722723767496
2005-02-28 00:00:00,0.9858722723767496
2005-03-01 00:00:00,0.9858722723767496
2005-03-02 00:00:00,0.9858722723767496
2005-03-03 00:00:00,0.9858722723767496
2005-03-04 00:00:00,0.9858722723767496
2005-03-07 00:00:00,0.9858722723767496
2005-03-08 00:00:00,0.9858722723767496
2005-03-09 00:00:00,0.9858722723767496
2005-03-10 00:00:00,0.9858722723767496
2005-03-11 00:00:00,0.9858722723767496
2005-03-14 00:00:00,0.9858722723767496
2005-03-15 00:00:00,0.9858722723767496
2005-03-16 00:00:00,0.9858722723767496
2005-03-17 00:00:00,0.9858722723767496
2005-03-18 00:00:00,0.9858722723767496
2005-03-21 00:00:00,0.9858722723767496
2005-03-22 00:00:00,0.9858722723767496
2005-03-23 00:00:00,0.9858722723767496
2005-03-24 00:00:00,0.9858722723767496
2005-03-28 00:00:00,0.9858722723767496
2005-03-29 00:00:00,0.9858722723767496
2005-03-30 00:00:00,0.9858722723767496
2005-03-31 00:00:00,0.9858722723767496
2005-04-01 00:00:00,0.9858722723767496
2005-04-04 00:00:00,0.9858722723767496
2005-04-05 00:00:00,0.9858722723767496
2005-04-06 00:00:00,0.9858722723767496
2005-04-07 00:00:00,0.9858722723767496
2005-04-08 00:00:00,0.9858722723767496
2005-04-11 00:00:00,0.9858722723767496
2005-04-12 00:00:00,0.974492148645403
2005-04-13 00:00:00,0.9730838590351514
2005-04-14 00:00:00,0.9730838590351514
2005-04-15 00:00:00,0.9730838590351514
2005-04-18 00:00:00,0.9730838590351514
2005-04-19 00:00:00,0.9730838590351514
2005-04-20 00:00:00,0.9730838590351514
2005-04-21 00:00:00,0.9730838590351514
2005-04-22 00:00:00,0.9730838590351514
2005-04-25 00:00:00,0.9730838590351514
2005-04-26 00:00:00,0.9730838590351514
2005-04-27 00:00:00,0.9730838590351514
2005-04-28 00:00:00,0.9730838590351514
2005-04-29 00:00:00,0.9730838590351514
2005-05-02 00:00:00,0.9730838590351514
2005-05-03 00:00:00,0.9730838590351514
2005-05-04 00:00:00,0.9730838590351514
2005-05-05 00:00:00,0.9730838590351514
2005-05-06 00:00:00,0.9730838590351514
2005-05-09 00:00:00,0.9730838590351514
2005-05-10 00:00:00,0.9730838590351514
2005-05-11 00:00:00,0.9730838590351514
2005-05-12 00:00:00,0.9730838590351514
2005-05-13 00:00:00,0.9730838590351514
2005-05-16 00:00:00,0.9730838590351514
2005-05-17 00:00:00,0.9730838590351514
2005-05-18 00:00:00,0.9730838590351514
2005-05-19 00:00:00,0.9730838590351514
2005-05-20 00:00:00,0.9730838590351514
2005-05-23 00:00:00,0.9730838590351514
2005-05-24 00:00:00,0.9730838590351514
2005-05-25 00:00:00,0.9730838590351514
2005-05-26 00:00:00,0.9730838590351514
2005-05-27 00:00:00,0.9730838590351514
2005-05-31 00:00:00,0.9730838590351514
2005-06-01 00:00:00,0.9730838590351514
2005-06-02 00:00:00,0.9730838590351514
2005-06-03 00:00:00,0.9730838590351514
2005-06-06 00:00:00,0.9730838590351514
2005-06-07 00:00:00,0.9730838590351514
2005-06-08 00:00:00,0.9730838590351514
2005-06-09 00:00:00,0.9730838590351514
2005-06-10 00:00:00,0.9730838590351514
2005-06-13 00:00:00,0.9730838590351514
2005-06-14 00:00:00,0.9730838590351514
2005-06-15 00:00:00,0.9730838590351514
2005-06-16 00:00:00,0.9730838590351514
2005-06-17 00:00:00,0.9730838590351514
2005-06-20 00:00:00,0.9730838590351514
2005-06-21 00:00:00,0.9730838590351514
2005-06-22 00:00:00,0.9730838590351514
2005-06-23 00:00:00,0.9730838590351514
2005-06-24 00:00:00,0.9730838590351514
2005-06-27 00:00:00,0.9730838590351514
2005-06-28 00:00:00,0.9730838590351514
2005-06-29 00:00:00,0.9730838590351514
2005-06-30 00:00:00,0.9730838590351514
2005-07-01 00:00:00,0.9730838590351514
2005-07-05 00:00:00,0.9730838590351514
2005-07-06 00:00:00,0.9730838590351514
2005-07-07 00:00:00,0.9730838590351514
2005-07-08 00:00:00,0.9730838590351514
2005-07-11 00:00:00,0.9730838590351514
2005-07-12 00:00:00,0.9730838590351514
2005-07-13 00:00:00,0.9730838590351514
2005-07-14 00:00:00,0.9730838590351514
2005-07-15 00:00:00,0.9730838590351514
2005-07-18 00:00:00,0.9730838590351514
2005-07-19 00:00:00,0.9730838590351514
2005-07-20 00:00:00,0.9730838590351514
2005-07-21 00:00:00,0.9730838590351514
2005-07-22 00:00:00,0.9730838590351514
2005-07-25 00:00:00,0.9730838590351514
2005-07-26 00:00:00,0.9730838590351514
2005-07-27 00:00:00,0.9730838590351514
2005-07-28 00:00:00,0.9730838590351514
2005-07-29 00:00:00,0.9730838590351514
2005-08-01 00:00:00,0.9730838590351514
2005-08-02 00:00:00,0.9730838590351514
2005-08-03 00:00:00,0.9730838590351514
2005-08-04 00:00:00,0.9730838590351514
2005-08-05 00:00:00,0.9730838590351514
2005-08-08 00:00:00,0.9730838590351514
2005-08-09 00:00:00,0.9730838590351514
2005-08-10 00:00:00,0.9730838590351514
2005-08-11 00:00:00,0.9730838590351514
2005-08-12 00:00:00,0.9730838590351514
2005-08-15 00:00:00,0.9730838590351514
2005-08-16 00:00:00,0.9730838590351514
2005-08-17 00:00:00,0.9730838590351514
2005-08-18 00:00:00,0.9730838590351514
2005-08-19 00:00:00,0.9730838590351514
2005-08-22 00:00:00,0.9730838590351514
2005-08-23 00:00:00,0.9730838590351514
2005-08-24 00:00:00,0.9730838590351514
2005-08-25 00:00:00,0.9730838590351514
2005-08-26 00:00:00,0.9730838590351514
2005-08-29 00:00:00,0.9730838590351514
2005-08-30 00:00:00,0.9730838590351514
2005-08-31 00:00:00,0.9730838590351514
2005-09-01 00:00:00,0.9730838590351514
2005-09-02 00:00:00,0.9730838590351514
2005-09-06 00:00:00,0.9730838590351514
2005-09-07 00:00:00,0.9730838590351514
2005-09-08 00:00:00,0.9730838590351514
2005-09-09 00:00:00,0.9730838590351514
2005-09-12 00:00:00,0.9730838590351514
2005-09-13 00:00:00,0.9730838590351514
2005-09-14 00:00:00,0.9730838590351514
2005-09-15 00:00:00,0.9730838590351514
2005-09-16 00:00:00,0.9730838590351514
2005-09-19 00:00:00,0.9730838590351514
2005-09-20 00:00:00,0.9730838590351514
2005-09-21 00:00:00,0.9730838590351514
2005-09-22 00:00:00,0.9730838590351514
2005-09-23 00:00:00,0.9730838590351514
2005-09-26 00:00:00,0.9730838590351514
2005-09-27 00:00:00,0.9730838590351514
2005-09-28 00:00:00,0.9730838590351514
2005-09-29 00:00:00,0.9730838590351514
2005-09-30 00:00:00,0.9730838590351514
2005-10-03 00:00:00,0.9730838590351514
2005-10-04 00:00:00,0.9730838590351514
2005-10-05 00:00:00,0.9730838590351514
2005-10-06 00:00:00,0.9730838590351514
2005-10-07 00:00:00,0.9730838590351514
2005-10-10 00:00:00,0.9730838590351514
2005-10-11 00:00:00,0.9757327153587444
2005-10-12 00:00:00,0.9851433366513105
2005-10-13 00:00:00,0.988620519779028
2005-10-14 00:00:00,0.9900845721008149
2005-10-17 00:00:00,0.990277173387277
2005-10-18 00:00:00,0.9891983236384145
2005-10-19 00:00:00,0.9887551994072145
2005-10-20 00:00:00,0.9861929901171397
2005-10-21 00:00:00,0.9772735256504416
2005-10-24 00:00:00,0.9847769703900207
2005-10-25 00:00:00,0.9930220949002058
2005-10-26 00:00:00,0.9999957683750661
2005-10-27 00:00:00,0.9965859250614418
2005-10-28 00:00:00,0.9964606635890727
2005-10-31 00:00:00,0.994640134069604
2005-11-01 00:00:00,0.999918539497365
2005-11-02 00:00:00,1.004349310901576
2005-11-03 00:00:00,1.010687258858774
2005-11-04 00:00:00,1.012151311180561
2005-11-07 00:00:00,1.008953376372824
2005-11-08 00:00:00,0.9998220034002384
2005-11-09 00:00:00,1.0095504874516357
2005-11-10 00:00:00,0.9980881209142882
2005-11-11 00:00:00,0.9975390424301445
2005-11-14 00:00:00,1.0046186701579487
2005-11-15 00:00:00,0.9984540162677872
2005-11-16 00:00:00,0.988475009271652
2005-11-17 00:00:00,0.9861247084874648
2005-11-18 00:00:00,0.9905554798916759
2005-11-21 00:00:00,0.9876754078427702
2005-11-22 00:00:00,0.9863846495880201
2005-11-23 00:00:00,0.9900737412216251
2005-11-25 00:00:00,0.9865579436550569
2005-11-28 00:00:00,0.9817706950531642
2005-11-29 00:00:00,0.9800907032548001
2005-11-30 00:00:00,0.9800907032548001
2005-12-01 00:00:00,0.9800907032548001
2005-12-02 00:00:00,0.9800907032548001
2005-12-05 00:00:00,0.9800907032548001
2005-12-06 00:00:00,0.9800907032548001
2005-12-07 00:00:00,0.9800907032548001
2005-12-08 00:00:00,0.9800907032548001
2005-12-09 00:00:00,0.9800907032548001
2005-12-12 00:00:00,0.9800907032548001
2005-12-13 00:00:00,0.9800907032548001
2005-12-14 00:00:00,0.9800907032548001
2005-12-15 00:00:00,0.9800907032548001
2005-12-16 00:00:00,0.9800907032548001
2005-12-19 00:00:00,0.9800907032548001
2005-12-20 00:00:00,0.9800907032548001
2005-12-21 00:00:00,0.9800907032548001
2005-12-22 00:00:00,0.9800907032548001
2005-12-23 00:00:00,0.9800907032548001
2005-12-27 00:00:00,0.9800907032548001
2005-12-28 00:00:00,0.9800907032548001
2005-12-29 00:00:00,0.9800907032548001
2005-12-30 00:00:00,0.9800907032548001
2006-01-03 00:00:00,0.9800907032548001
2006-01-04 00:00:00,0.9800907032548001
2006-01-05 00:00:00,0.9800907032548001
2006-01-06 00:00:00,0.9800907032548001
2006-01-09 00:00:00,0.9800907032548001
2006-01-10 00:00:00,0.9800907032548001
2006-01-11 00:00:00,0.9800907032548001
2006-01-12 00:00:00,0.9800907032548001
2006-01-13 00:00:00,0.9800907032548001
2006-01-17 00:00:00,0.9800907032548001
2006-01-18 00:00:00,0.9800907032548001
2006-01-19 00:00:00,0.9800907032548001
2006-01-20 00:00:00,0.9800907032548001
2006-01-23 00:00:00,0.9800907032548001
2006-01-24 00:00:00,0.9800907032548001
2006-01-25 00:00:00,0.9800907032548001
2006-01-26 00:00:00,0.9800907032548001
2006-01-27 00:00:00,0.9800907032548001
2006-01-30 00:00:00,0.9800907032548001
2006-01-31 00:00:00,0.9800907032548001
2006-02-01 00:00:00,0.9800907032548001
2006-02-02 00:00:00,0.9800907032548001
2006-02-03 00:00:00,0.9800907032548001
2006-02-06 00:00:00,0.9800907032548001
2006-02-07 00:00:00,0.9800907032548001
2006-02-08 00:00:00,0.9800907032548001
2006-02-09 00:00:00,0.9800907032548001
2006-02-10 00:00:00,0.9800907032548001
2006-02-13 00:00:00,0.9800907032548001
2006-02-14 00:00:00,0.9800907032548001
2006-02-15 00:00:00,0.9800907032548001
2006-02-16 00:00:00,0.9800907032548001
2006-02-17 00:00:00,0.9800907032548001
2006-02-21 00:00:00,0.9800907032548001
2006-02-22 00:00:00,0.9800907032548001
2006-02-23 00:00:00,0.9800907032548001
2006-02-24 00:00:00,0.9800907032548001
2006-02-27 00:00:00,0.9800907032548001
2006-02-28 00:00:00,0.9800907032548001
2006-03-01 00:00:00,0.9800907032548001
2006-03-02 00:00:00,0.9800907032548001
2006-03-03 00:00:00,0.9800907032548001
2006-03-06 00:00:00,0.9800907032548001
2006-03-07 00:00:00,0.9800907032548001
2006-03-08 00:00:00,0.9800907032548001
2006-03-09 00:00:00,0.9800907032548001
2006-03-10 00:00:00,0.9800907032548001
2006-03-13 00:00:00,0.9800907032548001
2006-03-14 00:00:00,0.9800907032548001
2006-03-15 00:00:00,0.9800907032548001
2006-03-16 00:00:00,0.9800907032548001
2006-03-17 00:00:00,0.9800907032548001
2006-03-20 00:00:00,0.9800907032548001
2006-03-21 00:00:00,0.9800907032548001
2006-03-22 00:00:00,0.9800907032548001
2006-03-23 00:00:00,0.9800907032548001
2006-03-24 00:00:00,0.9800907032548001
2006-03-27 00:00:00,0.9800907032548001
2006-03-28 00:00:00,0.9800907032548001
2006-03-29 00:00:00,0.9800907032548001
2006-03-30 00:00:00,0.9800907032548001
2006-03-31 00:00:00,0.9800907032548001
2006-04-03 00:00:00,0.9800907032548001
2006-04-04 00:00:00,0.9800907032548001
2006-04-05 00:00:00,0.9800907032548001
2006-04-06 00:00:00,0.9800907032548001
2006-04-07 00:00:00,0.9800907032548001
2006-04-10 00:00:00,0.9800907032548001
2006-04-11 00:00:00,0.9800907032548001
2006-04-12 00:00:00,0.9800907032548001
2006-04-13 00:00:00,0.9800907032548001
2006-04-17 00:00:00,0.9800907032548001
2006-04-18 00:00:00,0.9800907032548001
2006-04-19 00:00:00,0.9800907032548001
2006-04-20 00:00:00,0.9800907032548001
2006-04-21 00:00:00,0.9800907032548001
2006-04-24 00:00:00,0.9800907032548001
2006-04-25 00:00:00,0.9800907032548001
2006-04-26 00:00:00,0.9800907032548001
2006-04-27 00:00:00,0.9800907032548001
2006-04-28 00:00:00,0.9800907032548001
2006-05-01 00:00:00,0.9800907032548001
2006-05-02 00:00:00,0.9800907032548001
2006-05-03 00:00:00,0.9800907032548001
2006-05-04 00:00:00,0.9800907032548001
2006-05-05 00:00:00,0.9800907032548001
2006-05-08 00:00:00,0.9800907032548001
2006-05-09 00:00:00,0.9800907032548001
2006-05-10 00:00:00,0.9800907032548001
2006-05-11 00:00:00,0.9800907032548001
2006-05-12 00:00:00,0.9800907032548001
2006-05-15 00:00:00,0.9800907032548001
2006-05-16 00:00:00,0.9800907032548001
2006-05-17 00:00:00,0.9800907032548001
2006-05-18 00:00:00,0.9800907032548001
2006-05-19 00:00:00,0.9800907032548001
2006-05-22 00:00:00,0.9800907032548001
2006-05-23 00:00:00,0.9800907032548001
2006-05-24 00:00:00,0.9800907032548001
2006-05-25 00:00:00,0.9800907032548001
2006-05-26 00:00:00,0.9800907032548001
2006-05-30 00:00:00,0.9800907032548001
2006-05-31 00:00:00,0.9800907032548001
2006-06-01 00:00:00,0.9800907032548001
2006-06-02 00:00:00,0.9800907032548001
2006-06-05 00:00:00,0.9800907032548001
2006-06-06 00:00:00,0.9800907032548001
2006-06-07 00:00:00,0.9800907032548001
2006-06-08 00:00:00,0.9800907032548001
2006-06-09 00:00:00,0.9800907032548001
2006-06-12 00:00:00,0.9800907032548001
2006-06-13 00:00:00,0.9800907032548001
2006-06-14 00:00:00,0.9800907032548001
2006-06-15 00:00:00,0.9800907032548001
2006-06-16 00:00:00,0.9800907032548001
2006-06-19 00:00:00,0.9800907032548001
2006-06-20 00:00:00,0.9800907032548001
2006-06-21 00:00:00,0.9800907032548001
2006-06-22 00:00:00,0.9800907032548001
2006-06-23 00:00:00,0.9800907032548001
2006-06-26 00:00:00,0.9800907032548001
2006-06-27 00:00:00,0.9800907032548001
2006-06-28 00:00:00,0.9800907032548001
2006-06-29 00:00:00,0.9800907032548001
2006-06-30 00:00:00,0.9800907032548001
2006-07-03 00:00:00,0.9800907032548001
2006-07-05 00:00:00,0.9800907032548001
2006-07-06 00:00:00,0.9800907032548001
2006-07-07 00:00:00,0.9800907032548001
2006-07-10 00:00:00,0.9800907032548001
2006-07-11 00:00:00,0.9800907032548001
2006-07-12 00:00:00,0.9800907032548001
2006-07-13 00:00:00,0.9800907032548001
2006-07-14 00:00:00,0.9800907032548001
2006-07-17 00:00:00,0.9800907032548001
2006-07-18 00:00:00,0.9800907032548001
2006-07-19 00:00:00,0.9800907032548001
2006-07-20 00:00:00,0.9800907032548001
2006-07-21 00:00:00,0.9800907032548001
2006-07-24 00:00:00,0.9800907032548001
2006-07-25 00:00:00,0.9800907032548001
2006-07-26 00:00:00,0.9800907032548001
2006-07-27 00:00:00,0.9800907032548001
2006-07-28 00:00:00,0.9800907032548001
2006-07-31 00:00:00,0.9800907032548001
2006-08-01 00:00:00,0.9800907032548001
2006-08-02 00:00:00,0.9800907032548001
2006-08-03 00:00:00,0.9800907032548001
2006-08-04 00:00:00,0.9800907032548001
2006-08-07 00:00:00,0.9800907032548001
2006-08-08 00:00:00,0.9800907032548001
2006-08-09 00:00:00,0.9800907032548001
2006-08-10 00:00:00,0.9800907032548001
2006-08-11 00:00:00,0.9800907032548001
2006-08-14 00:00:00,0.9800907032548001
2006-08-15 00:00:00,0.9800907032548001
2006-08-16 00:00:00,0.9800907032548001
2006-08-17 00:00:00,0.9800907032548001
2006-08-18 00:00:00,0.9800907032548001
2006-08-21 00:00:00,0.9800907032548001
2006-08-22 00:00:00,0.9800907032548001
2006-08-23 00:00:00,0.9800907032548001
2006-08-24 00:00:00,0.9800907032548001
2006-08-25 00:00:00,0.9800907032548001
2006-08-28 00:00:00,0.9800907032548001
2006-08-29 00:00:00,0.9800907032548001
2006-08-30 00:00:00,0.9800907032548001
2006-08-31 00:00:00,0.9800907032548001
2006-09-01 00:00:00,0.9800907032548001
2006-09-05 00:00:00,0.9800907032548001
2006-09-06 00:00:00,0.9800907032548001
2006-09-07 00:00:00,0.9800907032548001
2006-09-08 00:00:00,0.9800907032548001
2006-09-11 00:00:00,0.9800907032548001
2006-09-12 00:00:00,0.9800907032548001
2006-09-13 00:00:00,0.9800907032548001
2006-09-14 00:00:00,0.9800907032548001
2006-09-15 00:00:00,0.9800907032548001
2006-09-18 00:00:00,0.9800907032548001
2006-09-19 00:00:00,0.9800907032548001
2006-09-20 00:00:00,0.9800907032548001
2006-09-21 00:00:00,0.9800907032548001
2006-09-22 00:00:00,0.9800907032548001
2006-09-25 00:00:00,0.9800907032548001
2006-09-26 00:00:00,0.9800907032548001
2006-09-27 00:00:00,0.9800907032548001
2006-09-28 00:00:00,0.9800907032548001
2006-09-29 00:00:00,0.9800907032548001
2006-10-02 00:00:00,0.9800907032548001
2006-10-03 00:00:00,0.9800907032548001
2006-10-04 00:00:00,0.9800907032548001
2006-10-05 00:00:00,0.9800907032548001
2006-10-06 00:00:00,0.9800907032548001
2006-10-09 00:00:00,0.9800907032548001
2006-10-10 00:00:00,0.9800907032548001
2006-10-11 00:00:00,0.9800907032548001
2006-10-12 00:00:00,0.9800907032548001
2006-10-13 00:00:00,0.9800907032548001
2006-10-16 00:00:00,0.9800907032548001
2006-10-17 00:00:00,0.9800907032548001
2006-10-18 00:00:00,0.9800907032548001
2006-10-19 00:00:00,0.9800907032548001
2006-10-20 00:00:00,0.9800907032548001
2006-10-23 00:00:00,0.9800907032548001
2006-10-24 00:00:00,0.9800907032548001
2006-10-25 00:00:00,0.9800907032548001
2006-10-26 00:00:00,0.9800907032548001
2006-10-27 00:00:00,0.9800907032548001
2006-10-30 00:00:00,0.9800907032548001
2006-10-31 00:00:00,0.9800907032548001
2006-11-01 00:00:00,0.9800907032548001
2006-11-02 00:00:00,0.9800907032548001
2006-11-03 00:00:00,0.9800907032548001
2006-11-06 00:00:00,0.9800907032548001
2006-11-07 00:00:00,0.9800907032548001
2006-11-08 00:00:00,0.9800907032548001
2006-11-09 00:00:00,0.9800907032548001
2006-11-10 00:00:00,0.9800907032548001
2006-11-13 00:00:00,0.9800907032548001
2006-11-14 00:00:00,0.9800907032548001
2006-11-15 00:00:00,0.9800907032548001
2006-11-16 00:00:00,0.9800907032548001
2006-11-17 00:00:00,0.9800907032548001
2006-11-20 00:00:00,0.9800907032548001
2006-11-21 00:00:00,0.9800907032548001
2006-11-22 00:00:00,0.9800907032548001
2006-11-24 00:00:00,0.9800907032548001
2006-11-27 00:00:00,0.9800907032548001
2006-11-28 00:00:00,0.9800907032548001
2006-11-29 00:00:00,0.9800907032548001
2006-11-30 00:00:00,0.9800907032548001
2006-12-01 00:00:00,0.9800907032548001
2006-12-04 00:00:00,0.9800907032548001
2006-12-05 00:00:00,0.9800907032548001
2006-12-06 00:00:00,0.9800907032548001
2006-12-07 00:00:00,0.9800907032548001
2006-12-08 00:00:00,0.9800907032548001
2006-12-11 00:00:00,0.9800907032548001
2006-12-12 00:00:00,0.9800907032548001
2006-12-13 00:00:00,0.9800907032548001
2006-12-14 00:00:00,0.9800907032548001
2006-12-15 00:00:00,0.9800907032548001
2006-12-18 00:00:00,0.9800907032548001
2006-12-19 00:00:00,0.9800907032548001
2006-12-20 00:00:00,0.9800907032548001
2006-12-21 00:00:00,0.9800907032548001
2006-12-22 00:00:00,0.9800907032548001
2006-12-26 00:00:00,0.9800907032548001
2006-12-27 00:00:00,0.9800907032548001
2006-12-28 00:00:00,0.9800907032548001
2006-12-29 00:00:00,0.9800907032548001
2007-01-03 00:00:00,0.9800907032548001
2007-01-04 00:00:00,0.9800907032548001
2007-01-05 00:00:00,0.9800907032548001
2007-01-08 00:00:00,0.9800907032548001
2007-01-09 00:00:00,0.9800907032548001
2007-01-10 00:00:00,0.9800907032548001
2007-01-11 00:00:00,0.9800907032548001
2007-01-12 00:00:00,0.9800907032548001
2007-01-16 00:00:00,0.9800907032548001
2007-01-17 00:00:00,0.9800907032548001
2007-01-18 00:00:00,0.9800907032548001
2007-01-19 00:00:00,0.9800907032548001
2007-01-22 00:00:00,0.9800907032548001
2007-01-23 00:00:00,0.9800907032548001
2007-01-24 00:00:00,0.9800907032548001
2007-01-25 00:00:00,0.9800907032548001
2007-01-26 00:00:00,0.9800907032548001
2007-01-29 00:00:00,0.9800907032548001
2007-01-30 00:00:00,0.9800907032548001
2007-01-31 00:00:00,0.9800907032548001
2007-02-01 00:00:00,0.9800907032548001
2007-02-02 00:00:00,0.9800907032548001
2007-02-05 00:00:00,0.9800907032548001
2007-02-06 00:00:00,0.9733469598837808
2007-02-07 00:00:00,0.9704052248455604
2007-02-08 00:00:00,0.9695990085414958
2007-02-09 00:00:00,0.9751993484398997
2007-02-12 00:00:00,0.9774278166527939
2007-02-13 00:00:00,0.9795438891428379
2007-02-14 00:00:00,0.9701955979021492
2007-02-15 00:00:00,0.9646139121256202
2007-02-16 00:00:00,0.9646139121256202
2007-02-20 00:00:00,0.9646139121256202
2007-02-21 00:00:00,0.9646139121256202
2007-02-22 00:00:00,0.9646139121256202
2007-02-23 00:00:00,0.9646139121256202
2007-02-26 00:00:00,0.9646139121256202
2007-02-27 00:00:00,0.9646139121256202
2007-02-28 00:00:00,0.9646139121256202
2007-03-01 00:00:00,0.9646139121256202
2007-03-02 00:00:00,0.9646139121256202
2007-03-05 00:00:00,0.9646139121256202
2007-03-06 00:00:00,0.9646139121256202
2007-03-07 00:00:00,0.9646139121256202
2007-03-08 00:00:00,0.9646139121256202
2007-03-09 00:00:00,0.9646139121256202
2007-03-12 00:00:00,0.9646139121256202
2007-03-13 00:00:00,0.9646139121256202
2007-03-14 00:00:00,0.9646139121256202
2007-03-15 00:00:00,0.9646139121256202
2007-03-16 00:00:00,0.9646139121256202
2007-03-19 00:00:00,0.9646139121256202
2007-03-20 00:00:00,0.9646139121256202
2007-03-21 00:00:00,0.9646139121256202
2007-03-22 00:00:00,0.9646139121256202
2007-03-23 00:00:00,0.9646139121256202
2007-03-26 00:00:00,0.9646139121256202
2007-03-27 00:00:00,0.9646139121256202
2007-03-28 00:00:00,0.9646139121256202
2007-03-29 00:00:00,0.9646139121256202
2007-03-30 00:00:00,0.9646139121256202
2007-04-02 00:00:00,0.9646139121256202
2007-04-03 00:00:00,0.9646139121256202
2007-04-04 00:00:00,0.9646139121256202
2007-04-05 00:00:00,0.9646139121256202
2007-04-09 00:00:00,0.9646139121256202
2007-04-10 00:00:00,0.9646139121256202
2007-04-11 00:00:00,0.9646139121256202
2007-04-12 00:00:00,0.9646139121256202
2007-04-13 00:00:00,0.9646139121256202
2007-04-16 00:00:00,0.9646139121256202
2007-04-17 00:00:00,0.9646139121256202
2007-04-18 00:00:00,0.9646139121256202
2007-04-19 00:00:00,0.9676602903728024
2007-04-20 00:00:00,0.9701435333394931
2007-04-23 00:00:00,0.9666428190349333
2007-04-24 00:00:00,0.9630333055072597
2007-04-25 00:00:00,0.9663869422588597
2007-04-26 00:00:00,0.9733309533732102
2007-04-27 00:00:00,0.9735294126545143
2007-04-30 00:00:00,0.9670911193258859
2007-05-01 00:00:00,0.9663103855991672
2007-05-02 00:00:00,0.9668352425498123
2007-05-03 00:00:00,0.9689920878471622
2007-05-04 00:00:00,0.9650561766501478
2007-05-07 00:00:00,0.9624258561304969
2007-05-08 00:00:00,0.9635440605243146
2007-05-09 00:00:00,0.9635440605243146
2007-05-10 00:00:00,0.9635440605243146
2007-05-11 00:00:00,0.9635440605243146
2007-05-14 00:00:00,0.9635440605243146
2007-05-15 00:00:00,0.9635440605243146
2007-05-16 00:00:00,0.9635440605243146
2007-05-17 00:00:00,0.9635440605243146
2007-05-18 00:00:00,0.9635440605243146
2007-05-21 00:00:00,0.9635440605243146
2007-05-22 00:00:00,0.9635440605243146
2007-05-23 00:00:00,0.9635440605243146
2007-05-24 00:00:00,0.9635440605243146
2007-05-25 00:00:00,0.9635440605243146
2007-05-29 00:00:00,0.9635440605243146
2007-05-30 00:00:00,0.9635440605243146
2007-05-31 00:00:00,0.9635440605243146
2007-06-01 00:00:00,0.9635440605243146
2007-06-04 00:00:00,0.9635440605243146
2007-06-05 00:00:00,0.9635440605243146
2007-06-06 00:00:00,0.9635440605243146
2007-06-07 00:00:00,0.9635440605243146
2007-06-08 00:00:00,0.9635440605243146
2007-06-11 00:00:00,0.9635440605243146
2007-06-12 00:00:00,0.9635440605243146
2007-06-13 00:00:00,0.9635440605243146
2007-06-14 00:00:00,0.9635440605243146
2007-06-15 00:00:00,0.9635440605243146
2007-06-18 00:00:00,0.9635440605243146
2007-06-19 00:00:00,0.9635440605243146
2007-06-20 00:00:00,0.9635440605243146
2007-06-21 00:00:00,0.9635440605243146
2007-06-22 00:00:00,0.9635440605243146
2007-06-25 00:00:00,0.9635440605243146
2007-06-26 00:00:00,0.9635440605243146
2007-06-27 00:00:00,0.9635440605243146
2007-06-28 00:00:00,0.9635440605243146
2007-06-29 00:00:00,0.9635440605243146
2007-07-02 00:00:00,0.9635440605243146
2007-07-03 00:00:00,0.9635440605243146
2007-07-05 00:00:00,0.9635440605243146
2007-07-06 00:00:00,0.9635440605243146
2007-07-09 00:00:00,0.9635440605243146
2007-07-10 00:00:00,0.9635440605243146
2007-07-11 00:00:00,0.9635440605243146
2007-07-12 00:00:00,0.9635440605243146
2007-07-13 00:00:00,0.9635440605243146
2007-07-16 00:00:00,0.9635440605243146
2007-07-17 00:00:00,0.9635440605243146
2007-07-18 00:00:00,0.9635440605243146
2007-07-19 00:00:00,0.9635440605243146
2007-07-20 00:00:00,0.9635440605243146
2007-07-23 00:00:00,0.9635440605243146
2007-07-24 00:00:00,0.9635440605243146
2007-07-25 00:00:00,0.9635440605243146
2007-07-26 00:00:00,0.9635440605243146
2007-07-27 00:00:00,0.9635440605243146
2007-07-30 00:00:00,0.9635440605243146
2007-07-31 00:00:00,0.9635440605243146
2007-08-01 00:00:00,0.9635440605243146
2007-08-02 00:00:00,0.9635440605243146
2007-08-03 00:00:00,0.9635440605243146
2007-08-06 00:00:00,0.9635440605243146
2007-08-07 00:00:00,0.9635440605243146
2007-08-08 00:00:00,0.9635440605243146
2007-08-09 00:00:00,0.9635440605243146
2007-08-10 00:00:00,0.9635440605243146
2007-08-13 00:00:00,0.9635440605243146
2007-08-14 00:00:00,0.9635440605243146
2007-08-15 00:00:00,0.9635440605243146
2007-08-16 00:00:00,0.9635440605243146
2007-08-17 00:00:00,0.9635440605243146
2007-08-20 00:00:00,0.9635440605243146
2007-08-21 00:00:00,0.9635440605243146
2007-08-22 00:00:00,0.9635440605243146
2007-08-23 00:00:00,0.9635440605243146
2007-08-24 00:00:00,0.9635440605243146
2007-08-27 00:00:00,0.9635440605243146
2007-08-28 00:00:00,0.9635440605243146
2007-08-29 00:00:00,0.9635440605243146
2007-08-30 00:00:00,0.9635440605243146
2007-08-31 00:00:00,0.9635440605243146
2007-09-04 00:00:00,0.9635440605243146
2007-09-05 00:00:00,0.9635440605243146
2007-09-06 00:00:00,0.9635440605243146
2007-09-07 00:00:00,0.9635440605243146
2007-09-10 00:00:00,0.9635440605243146
2007-09-11 00:00:00,0.9635440605243146
2007-09-12 00:00:00,0.9635440605243146
2007-09-13 00:00:00,0.9635440605243146
2007-09-14 00:00:00,0.9635440605243146
2007-09-17 00:00:00,0.9635440605243146
2007-09-18 00:00:00,0.9635440605243146
2007-09-19 00:00:00,0.9635440605243146
2007-09-20 00:00:00,0.9635440605243146
2007-09-21 00:00:00,0.9635440605243146
2007-09-24 00:00:00,0.9635440605243146
2007-09-25 00:00:00,0.9635440605243146
2007-09-26 00:00:00,0.9635440605243146
2007-09-27 00:00:00,0.9635440605243146
2007-09-28 00:00:00,0.9635440605243146
2007-10-01 00:00:00,0.9635440605243146
2007-10-02 00:00:00,0.9635440605243146
2007-10-03 00:00:00,0.9635440605243146
2007-10-04 00:00:00,0.9635440605243146
2007-10-05 00:00:00,0.9635440605243146
2007-10-08 00:00:00,0.9635440605243146
2007-10-09 00:00:00,0.9635440605243146
2007-10-10 00:00:00,0.9635440605243146
2007-10-11 00:00:00,0.9635440605243146
2007-10-12 00:00:00,0.9635440605243146
2007-10-15 00:00:00,0.9635440605243146
2007-10-16 00:00:00,0.9635440605243146
2007-10-17 00:00:00,0.9635440605243146
2007-10-18 00:00:00,0.9635440605243146
2007-10-19 00:00:00,0.9635440605243146
2007-10-22 00:00:00,0.9635440605243146
2007-10-23 00:00:00,0.9635440605243146
2007-10-24 00:00:00,0.9635440605243146
2007-10-25 00:00:00,0.9635440605243146
2007-10-26 00:00:00,0.9635440605243146
2007-10-29 00:00:00,0.9635440605243146
2007-10-30 00:00:00,0.9635440605243146
2007-10-31 00:00:00,0.9635440605243146
2007-11-01 00:00:00,0.9635440605243146
2007-11-02 00:00:00,0.9635440605243146
2007-11-05 00:00:00,0.9635440605243146
2007-11-06 00:00:00,0.9635440605243146
2007-11-07 00:00:00,0.9635440605243146
2007-11-08 00:00:00,0.9635440605243146
2007-11-09 00:00:00,0.9635440605243146
2007-11-12 00:00:00,0.9635440605243146
2007-11-13 00:00:00,0.9635440605243146
2007-11-14 00:00:00,0.9635440605243146
2007-11-15 00:00:00,0.9635440605243146
2007-11-16 00:00:00,0.9635440605243146
2007-11-19 00:00:00,0.9635440605243146
2007-11-20 00:00:00,0.9635440605243146
2007-11-21 00:00:00,0.9635440605243146
2007-11-23 00:00:00,0.9635440605243146
2007-11-26 00:00:00,0.9635440605243146
2007-11-27 00:00:00,0.9635440605243146
2007-11-28 00:00:00,0.9635440605243146
2007-11-29 00:00:00,0.9635440605243146
2007-11-30 00:00:00,0.9635440605243146
2007-12-03 00:00:00,0.9635440605243146
2007-12-04 00:00:00,0.9635440605243146
2007-12-05 00:00:00,0.9635440605243146
2007-12-06 00:00:00,0.9635440605243146
2007-12-07 00:00:00,0.9635440605243146
2007-12-10 00:00:00,0.9635440605243146
2007-12-11 00:00:00,0.9635440605243146
2007-12-12 00:00:00,0.9635440605243146
2007-12-13 00:00:00,0.9635440605243146
2007-12-14 00:00:00,0.9635440605243146
2007-12-17 00:00:00,0.9635440605243146
2007-12-18 00:00:00,0.9635440605243146
2007-12-19 00:00:00,0.9635440605243146
2007-12-20 00:00:00,0.9635440605243146
2007-12-21 00:00:00,0.9635440605243146
2007-12-24 00:00:00,0.9635440605243146
2007-12-26 00:00:00,0.9635440605243146
2007-12-27 00:00:00,0.9635440605243146
2007-12-28 00:00:00,0.9635440605243146
2007-12-31 00:00:00,0.9635440605243146
2008-01-02 00:00:00,0.9635440605243146
2008-01-03 00:00:00,0.9635440605243146
2008-01-04 00:00:00,0.9635440605243146
2008-01-07 00:00:00,0.9635440605243146
2008-01-08 00:00:00,0.9635440605243146
2008-01-09 00:00:00,0.9635440605243146
2008-01-10 00:00:00,0.9635440605243146
2008-01-11 00:00:00,0.9635440605243146
2008-01-14 00:00:00,0.9635440605243146
2008-01-15 00:00:00,0.9635440605243146
2008-01-16 00:00:00,0.9635440605243146
2008-01-17 00:00:00,0.9635440605243146
2008-01-18 00:00:00,0.9635440605243146
2008-01-22 00:00:00,0.9635440605243146
2008-01-23 00:00:00,0.9635440605243146
2008-01-24 00:00:00,0.9635440605243146
2008-01-25 00:00:00,0.9635440605243146
2008-01-28 00:00:00,0.9635440605243146
2008-01-29 00:00:00,0.9635440605243146
2008-01-30 00:00:00,0.9635440605243146
2008-01-31 00:00:00,0.9635440605243146
2008-02-01 00:00:00,0.9635440605243146
2008-02-04 00:00:00,0.9635440605243146
2008-02-05 00:00:00,0.9635440605243146
2008-02-06 00:00:00,0.9635440605243146
2008-02-07 00:00:00,0.9635440605243146
2008-02-08 00:00:00,0.9635440605243146
2008-02-11 00:00:00,0.9635440605243146
2008-02-12 00:00:00,0.9635440605243146
2008-02-13 00:00:00,0.9635440605243146
2008-02-14 00:00:00,0.9635440605243146
2008-02-15 00:00:00,0.9635440605243146
2008-02-19 00:00:00,0.9635440605243146
2008-02-20 00:00:00,0.9635440605243146
2008-02-21 00:00:00,0.9635440605243146
2008-02-22 00:00:00,0.9635440605243146
2008-02-25 00:00:00,0.9635440605243146
2008-02-26 00:00:00,0.9635440605243146
2008-02-27 00:00:00,0.9635440605243146
2008-02-28 00:00:00,0.9635440605243146
2008-02-29 00:00:00,0.9635440605243146
2008-03-03 00:00:00,0.9635440605243146
2008-03-04 00:00:00,0.9635440605243146
2008-03-05 00:00:00,0.9635440605243146
2008-03-06 00:00:00,0.9635440605243146
2008-03-07 00:00:00,0.9635440605243146
2008-03-10 00:00:00,0.9635440605243146
2008-03-11 00:00:00,0.9635440605243146
2008-03-12 00:00:00,0.9635440605243146
2008-03-13 00:00:00,0.9635440605243146
2008-03-14 00:00:00,0.9635440605243146
2008-03-17 00:00:00,0.9635440605243146
2008-03-18 00:00:00,0.9635440605243146
2008-03-19 00:00:00,0.9635440605243146
2008-03-20 00:00:00,0.9635440605243146
2008-03-24 00:00:00,0.9635440605243146
2008-03-25 00:00:00,0.9635440605243146
2008-03-26 00:00:00,0.9635440605243146
2008-03-27 00:00:00,0.9635440605243146
2008-03-28 00:00:00,0.9635440605243146
2008-03-31 00:00:00,0.9635440605243146
2008-04-01 00:00:00,0.9635440605243146
2008-04-02 00:00:00,0.9635440605243146
2008-04-03 00:00:00,0.9635440605243146
2008-04-04 00:00:00,0.9635440605243146
2008-04-07 00:00:00,0.9635440605243146
2008-04-08 00:00:00,0.9635440605243146
2008-04-09 00:00:00,0.9635440605243146
2008-04-10 00:00:00,0.9635440605243146
2008-04-11 00:00:00,0.9635440605243146
2008-04-14 00:00:00,0.9635440605243146
2008-04-15 00:00:00,0.9635440605243146
2008-04-16 00:00:00,0.9635440605243146
2008-04-17 00:00:00,0.9635440605243146
2008-04-18 00:00:00,0.9635440605243146
2008-04-21 00:00:00,0.9635440605243146
2008-04-22 00:00:00,0.9635440605243146
2008-04-23 00:00:00,0.9635440605243146
2008-04-24 00:00:00,0.9635440605243146
2008-04-25 00:00:00,0.9635440605243146
2008-04-28 00:00:00,0.9635440605243146
2008-04-29 00:00:00,0.9635440605243146
2008-04-30 00:00:00,0.9635440605243146
2008-05-01 00:00:00,0.9635440605243146
2008-05-02 00:00:00,0.9635440605243146
2008-05-05 00:00:00,0.9635440605243146
2008-05-06 00:00:00,0.9635440605243146
2008-05-07 00:00:00,0.9635440605243146
2008-05-08 00:00:00,0.9635440605243146
2008-05-09 00:00:00,0.9635440605243146
2008-05-12 00:00:00,0.9635440605243146
2008-05-13 00:00:00,0.9635440605243146
2008-05-14 00:00:00,0.9681140540209032
2008-05-15 00:00:00,0.9618821906540356
2008-05-16 00:00:00,0.9647153963541715
2008-05-19 00:00:00,0.9637877221603934
2008-05-20 00:00:00,0.9601929697948359
2008-05-21 00:00:00,0.9600294584480286
2008-05-22 00:00:00,0.9681818369064888
2008-05-23 00:00:00,0.9651714443650853
2008-05-27 00:00:00,0.9698026802933871
2008-05-28 00:00:00,0.9758573568189872
2008-05-29 00:00:00,0.98071334652581
2008-05-30 00:00:00,0.9762795133871083
2008-06-02 00:00:00,0.9761160020403009
2008-06-03 00:00:00,0.9712326613445577
2008-06-04 00:00:00,0.9772873378701576
2008-06-05 00:00:00,0.981319230389071
2008-06-06 00:00:00,0.9726150754584749
2008-06-09 00:00:00,0.9726013999640146
2008-06-10 00:00:00,0.9770078821137959
2008-06-11 00:00:00,0.978567483068981
2008-06-12 00:00:00,0.9852964209301432
2008-06-13 00:00:00,0.986706186032981
2008-06-16 00:00:00,0.9865426746861736
2008-06-17 00:00:00,0.9851804765205889
2008-06-18 00:00:00,0.9795479565631098
2008-06-19 00:00:00,0.9835056803351112
2008-06-20 00:00:00,0.9795955235003628
2008-06-23 00:00:00,0.9781584074086045
2008-06-24 00:00:00,0.9736886136653393
2008-06-25 00:00:00,0.9733363091445746
2008-06-26 00:00:00,0.9687526401535257
2008-06-27 00:00:00,0.960722746558492
2008-06-30 00:00:00,0.9605082910218865
2008-07-01 00:00:00,0.9605082910218865
2008-07-02 00:00:00,0.9605082910218865
2008-07-03 00:00:00,0.9605082910218865
2008-07-07 00:00:00,0.9605082910218865
2008-07-08 00:00:00,0.9605082910218865
2008-07-09 00:00:00,0.9605082910218865
2008-07-10 00:00:00,0.9605082910218865
2008-07-11 00:00:00,0.9605082910218865
2008-07-14 00:00:00,0.9605082910218865
2008-07-15 00:00:00,0.9605082910218865
2008-07-16 00:00:00,0.9605082910218865
2008-07-17 00:00:00,0.9605082910218865
2008-07-18 00:00:00,0.9605082910218865
2008-07-21 00:00:00,0.9605082910218865
2008-07-22 00:00:00,0.9605082910218865
2008-07-23 00:00:00,0.9605082910218865
2008-07-24 00:00:00,0.9605082910218865
2008-07-25 00:00:00,0.9605082910218865
2008-07-28 00:00:00,0.9605082910218865
2008-07-29 00:00:00,0.9605082910218865
2008-07-30 00:00:00,0.9605082910218865
2008-07-31 00:00:00,0.9605082910218865
2008-08-01 00:00:00,0.9605082910218865
2008-08-04 00:00:00,0.9605082910218865
2008-08-05 00:00:00,0.9605082910218865
2008-08-06 00:00:00,0.9605082910218865
2008-08-07 00:00:00,0.9605082910218865
2008-08-08 00:00:00,0.9605082910218865
2008-08-11 00:00:00,0.9605082910218865
2008-08-12 00:00:00,0.9605082910218865
2008-08-13 00:00:00,0.9605082910218865
2008-08-14 00:00:00,0.9605082910218865
2008-08-15 00:00:00,0.9605082910218865
2008-08-18 00:00:00,0.9605082910218865
2008-08-19 00:00:00,0.9605082910218865
2008-08-20 00:00:00,0.9605082910218865
2008-08-21 00:00:00,0.9605082910218865
2008-08-22 00:00:00,0.9605082910218865
2008-08-25 00:00:00,0.9605082910218865
2008-08-26 00:00:00,0.9605082910218865
2008-08-27 00:00:00,0.9605082910218865
2008-08-28 00:00:00,0.9605082910218865
2008-08-29 00:00:00,0.9605082910218865
2008-09-02 00:00:00,0.9605082910218865
2008-09-03 00:00:00,0.9605082910218865
2008-09-04 00:00:00,0.9605082910218865
2008-09-05 00:00:00,0.9605082910218865
2008-09-08 00:00:00,0.9605082910218865
2008-09-09 00:00:00,0.9605082910218865
2008-09-10 00:00:00,0.9605082910218865
2008-09-11 00:00:00,0.9605082910218865
2008-09-12 00:00:00,0.9605082910218865
2008-09-15 00:00:00,0.9605082910218865
2008-09-16 00:00:00,0.9605082910218865
2008-09-17 00:00:00,0.9605082910218865
2008-09-18 00:00:00,0.9605082910218865
2008-09-19 00:00:00,0.9605082910218865
2008-09-22 00:00:00,0.9605082910218865
2008-09-23 00:00:00,0.9605082910218865
2008-09-24 00:00:00,0.9605082910218865
2008-09-25 00:00:00,0.9605082910218865
2008-09-26 00:00:00,0.9605082910218865
2008-09-29 00:00:00,0.9605082910218865
2008-09-30 00:00:00,0.9605082910218865
2008-10-01 00:00:00,0.9605082910218865
2008-10-02 00:00:00,0.9605082910218865
2008-10-03 00:00:00,0.9605082910218865
2008-10-06 00:00:00,0.9605082910218865
2008-10-07 00:00:00,0.9605082910218865
2008-10-08 00:00:00,0.9605082910218865
2008-10-09 00:00:00,0.9605082910218865
2008-10-10 00:00:00,0.9605082910218865
2008-10-13 00:00:00,0.9605082910218865
2008-10-14 00:00:00,0.9605082910218865
2008-10-15 00:00:00,0.9605082910218865
2008-10-16 00:00:00,0.9605082910218865
2008-10-17 00:00:00,0.9605082910218865
2008-10-20 00:00:00,0.9605082910218865
2008-10-21 00:00:00,0.9605082910218865
2008-10-22 00:00:00,0.9605082910218865
2008-10-23 00:00:00,0.9605082910218865
2008-10-24 00:00:00,0.9605082910218865
2008-10-27 00:00:00,0.9605082910218865
2008-10-28 00:00:00,0.9605082910218865
2008-10-29 00:00:00,0.9605082910218865
2008-10-30 00:00:00,0.9605082910218865
2008-10-31 00:00:00,0.9605082910218865
2008-11-03 00:00:00,0.9605082910218865
2008-11-04 00:00:00,0.9605082910218865
2008-11-05 00:00:00,0.9605082910218865
2008-11-06 00:00:00,0.9605082910218865
2008-11-07 00:00:00,0.9605082910218865
2008-11-10 00:00:00,0.9605082910218865
2008-11-11 00:00:00,0.9605082910218865
2008-11-12 00:00:00,0.9605082910218865
2008-11-13 00:00:00,0.9605082910218865
2008-11-14 00:00:00,0.9605082910218865
2008-11-17 00:00:00,0.9605082910218865
2008-11-18 00:00:00,0.9605082910218865
2008-11-19 00:00:00,0.9605082910218865
2008-11-20 00:00:00,0.9605082910218865
2008-11-21 00:00:00,0.9605082910218865
2008-11-24 00:00:00,0.9605082910218865
2008-11-25 00:00:00,0.9605082910218865
2008-11-26 00:00:00,0.9605082910218865
2008-11-28 00:00:00,0.9605082910218865
2008-12-01 00:00:00,0.9605082910218865
2008-12-02 00:00:00,0.9605082910218865
2008-12-03 00:00:00,0.9605082910218865
2008-12-04 00:00:00,0.9605082910218865
2008-12-05 00:00:00,0.9605082910218865
2008-12-08 00:00:00,0.9605082910218865
2008-12-09 00:00:00,0.9605082910218865
2008-12-10 00:00:00,0.9605082910218865
2008-12-11 00:00:00,0.9605082910218865
2008-12-12 00:00:00,0.9605082910218865
2008-12-15 00:00:00,0.9605082910218865
2008-12-16 00:00:00,0.9605082910218865
2008-12-17 00:00:00,0.9605082910218865
2008-12-18 00:00:00,0.9605082910218865
2008-12-19 00:00:00,0.9605082910218865
2008-12-22 00:00:00,0.9605082910218865
2008-12-23 00:00:00,0.9605082910218865
2008-12-24 00:00:00,0.9605082910218865
2008-12-26 00:00:00,0.9605082910218865
2008-12-29 00:00:00,0.9605082910218865
2008-12-30 00:00:00,0.9605082910218865
2008-12-31 00:00:00,0.9605082910218865
2009-01-02 00:00:00,0.9605082910218865
2009-01-05 00:00:00,0.9605082910218865
2009-01-06 00:00:00,0.9605082910218865
2009-01-07 00:00:00,0.9605082910218865
2009-01-08 00:00:00,0.9605082910218865
2009-01-09 00:00:00,0.9605082910218865
2009-01-12 00:00:00,0.9605082910218865
2009-01-13 00:00:00,0.9605082910218865
2009-01-14 00:00:00,0.9605082910218865
2009-01-15 00:00:00,0.9605082910218865
2009-01-16 00:00:00,0.9605082910218865
2009-01-20 00:00:00,0.9605082910218865
2009-01-21 00:00:00,0.9605082910218865
2009-01-22 00:00:00,0.9605082910218865
2009-01-23 00:00:00,0.9605082910218865
2009-01-26 00:00:00,0.9605082910218865
2009-01-27 00:00:00,0.9605082910218865
2009-01-28 00:00:00,0.9605082910218865
2009-01-29 00:00:00,0.9605082910218865
2009-01-30 00:00:00,0.9605082910218865
2009-02-02 00:00:00,0.9605082910218865
2009-02-03 00:00:00,0.9605082910218865
2009-02-04 00:00:00,0.9605082910218865
2009-02-05 00:00:00,0.9605082910218865
2009-02-06 00:00:00,0.9605082910218865
2009-02-09 00:00:00,0.9605082910218865
2009-02-10 00:00:00,0.9605082910218865
2009-02-11 00:00:00,0.9605082910218865
2009-02-12 00:00:00,0.9605082910218865
2009-02-13 00:00:00,0.9605082910218865
2009-02-17 00:00:00,0.9605082910218865
2009-02-18 00:00:00,0.9605082910218865
2009-02-19 00:00:00,0.9605082910218865
2009-02-20 00:00:00,0.9605082910218865
2009-02-23 00:00:00,0.9605082910218865
2009-02-24 00:00:00,0.9605082910218865
2009-02-25 00:00:00,0.9605082910218865
2009-02-26 00:00:00,0.9605082910218865
2009-02-27 00:00:00,0.9605082910218865
2009-03-02 00:00:00,0.9605082910218865
2009-03-03 00:00:00,0.9605082910218865
2009-03-04 00:00:00,0.9605082910218865
2009-03-05 00:00:00,0.9605082910218865
2009-03-06 00:00:00,0.9605082910218865
2009-03-09 00:00:00,0.9605082910218865
2009-03-10 00:00:00,0.9605082910218865
2009-03-11 00:00:00,0.9605082910218865
2009-03-12 00:00:00,0.9605082910218865
2009-03-13 00:00:00,0.9605082910218865
2009-03-16 00:00:00,0.9605082910218865
2009-03-17 00:00:00,0.9605082910218865
2009-03-18 00:00:00,0.9479204456258732
2009-03-19 00:00:00,0.9474091608519957
2009-03-20 00:00:00,0.9496478361492473
2009-03-23 00:00:00,0.9531259300701065
2009-03-24 00:00:00,0.9493999032412471
2009-03-25 00:00:00,0.9547371250975175
2009-03-26 00:00:00,0.9501202661329403
2009-03-27 00:00:00,0.9471301441118478
2009-03-30 00:00:00,0.9455730998743016
2009-03-31 00:00:00,0.9426604415171848
2009-04-01 00:00:00,0.9409080029336268
2009-04-02 00:00:00,0.9409080029336268
2009-04-03 00:00:00,0.9409080029336268
2009-04-06 00:00:00,0.9409080029336268
2009-04-07 00:00:00,0.9409080029336268
2009-04-08 00:00:00,0.9409080029336268
2009-04-09 00:00:00,0.9409080029336268
2009-04-13 00:00:00,0.9409080029336268
2009-04-14 00:00:00,0.9409080029336268
2009-04-15 00:00:00,0.9409080029336268
2009-04-16 00:00:00,0.9409080029336268
2009-04-17 00:00:00,0.9409080029336268
2009-04-20 00:00:00,0.9409080029336268
2009-04-21 00:00:00,0.9409080029336268
2009-04-22 00:00:00,0.9409080029336268
2009-04-23 00:00:00,0.9409080029336268
2009-04-24 00:00:00,0.9409080029336268
2009-04-27 00:00:00,0.9409080029336268
2009-04-28 00:00:00,0.9409080029336268
2009-04-29 00:00:00,0.9409080029336268
2009-04-30 00:00:00,0.9409080029336268
2009-05-01 00:00:00,0.9409080029336268
2009-05-04 00:00:00,0.9409080029336268
2009-05-05 00:00:00,0.9409080029336268
2009-05-06 00:00:00,0.9409080029336268
2009-05-07 00:00:00,0.9409080029336268
2009-05-08 00:00:00,0.9409080029336268
2009-05-11 00:00:00,0.9409080029336268
2009-05-12 00:00:00,0.9409080029336268
2009-05-13 00:00:00,0.9409080029336268
2009-05-14 00:00:00,0.9409080029336268
2009-05-15 00:00:00,0.9409080029336268
2009-05-18 00:00:00,0.9409080029336268
2009-05-19 00:00:00,0.9409080029336268
2009-05-20 00:00:00,0.9409080029336268
2009-05-21 00:00:00,0.9409080029336268
2009-05-22 00:00:00,0.9409080029336268
2009-05-26 00:00:00,0.9409080029336268
2009-05-27 00:00:00,0.9409080029336268
2009-05-28 00:00:00,0.9409080029336268
2009-05-29 00:00:00,0.9409080029336268
2009-06-01 00:00:00,0.9409080029336268
2009-06-02 00:00:00,0.9409080029336268
2009-06-03 00:00:00,0.9409080029336268
2009-06-04 00:00:00,0.9409080029336268
2009-06-05 00:00:00,0.9409080029336268
2009-06-08 00:00:00,0.9409080029336268
2009-06-09 00:00:00,0.9409080029336268
2009-06-10 00:00:00,0.9409080029336268
2009-06-11 00:00:00,0.9409080029336268
2009-06-12 00:00:00,0.9409080029336268
2009-06-15 00:00:00,0.9409080029336268
2009-06-16 00:00:00,0.9409080029336268
2009-06-17 00:00:00,0.9409080029336268
2009-06-18 00:00:00,0.9409080029336268
2009-06-19 00:00:00,0.9409080029336268
2009-06-22 00:00:00,0.9409080029336268
2009-06-23 00:00:00,0.9409080029336268
2009-06-24 00:00:00,0.9409080029336268
2009-06-25 00:00:00,0.9409080029336268
2009-06-26 00:00:00,0.9409080029336268
2009-06-29 00:00:00,0.9409080029336268
2009-06-30 00:00:00,0.9409080029336268
2009-07-01 00:00:00,0.9409080029336268
2009-07-02 00:00:00,0.9409080029336268
2009-07-06 00:00:00,0.9409080029336268
2009-07-07 00:00:00,0.9409080029336268
2009-07-08 00:00:00,0.9409080029336268
2009-07-09 00:00:00,0.9409080029336268
2009-07-10 00:00:00,0.9409080029336268
2009-07-13 00:00:00,0.9409080029336268
2009-07-14 00:00:00,0.9409080029336268
2009-07-15 00:00:00,0.9409080029336268
2009-07-16 00:00:00,0.9409080029336268
2009-07-17 00:00:00,0.9409080029336268
2009-07-20 00:00:00,0.9409080029336268
2009-07-21 00:00:00,0.9409080029336268
2009-07-22 00:00:00,0.9409080029336268
2009-07-23 00:00:00,0.9409080029336268
2009-07-24 00:00:00,0.9409080029336268
2009-07-27 00:00:00,0.9409080029336268
2009-07-28 00:00:00,0.9409080029336268
2009-07-29 00:00:00,0.9409080029336268
2009-07-30 00:00:00,0.9409080029336268
2009-07-31 00:00:00,0.9409080029336268
2009-08-03 00:00:00,0.9409080029336268
2009-08-04 00:00:00,0.9409080029336268
2009-08-05 00:00:00,0.9409080029336268
2009-08-06 00:00:00,0.9409080029336268
2009-08-07 00:00:00,0.9409080029336268
2009-08-10 00:00:00,0.9409080029336268
2009-08-11 00:00:00,0.9409080029336268
2009-08-12 00:00:00,0.9409080029336268
2009-08-13 00:00:00,0.9409080029336268
2009-08-14 00:00:00,0.9409080029336268
2009-08-17 00:00:00,0.9409080029336268
2009-08-18 00:00:00,0.9409080029336268
2009-08-19 00:00:00,0.9409080029336268
2009-08-20 00:00:00,0.9409080029336268
2009-08-21 00:00:00,0.9409080029336268
2009-08-24 00:00:00,0.9409080029336268
2009-08-25 00:00:00,0.9409080029336268
2009-08-26 00:00:00,0.9409080029336268
2009-08-27 00:00:00,0.9409080029336268
2009-08-28 00:00:00,0.9409080029336268
2009-08-31 00:00:00,0.9409080029336268
2009-09-01 00:00:00,0.9409080029336268
2009-09-02 00:00:00,0.9409080029336268
2009-09-03 00:00:00,0.9409080029336268
2009-09-04 00:00:00,0.9409080029336268
2009-09-08 00:00:00,0.9409080029336268
2009-09-09 00:00:00,0.9409080029336268
2009-09-10 00:00:00,0.9409080029336268
2009-09-11 00:00:00,0.9409080029336268
2009-09-14 00:00:00,0.9409080029336268
2009-09-15 00:00:00,0.9409080029336268
2009-09-16 00:00:00,0.9409080029336268
2009-09-17 00:00:00,0.9409080029336268
2009-09-18 00:00:00,0.9409080029336268
2009-09-21 00:00:00,0.9409080029336268
2009-09-22 00:00:00,0.9409080029336268
2009-09-23 00:00:00,0.9409080029336268
2009-09-24 00:00:00,0.9409080029336268
2009-09-25 00:00:00,0.9409080029336268
2009-09-28 00:00:00,0.9409080029336268
2009-09-29 00:00:00,0.9409080029336268
2009-09-30 00:00:00,0.9409080029336268
2009-10-01 00:00:00,0.9409080029336268
2009-10-02 00:00:00,0.9409080029336268
2009-10-05 00:00:00,0.9409080029336268
2009-10-06 00:00:00,0.9409080029336268
2009-10-07 00:00:00,0.9409080029336268
2009-10-08 00:00:00,0.9409080029336268
2009-10-09 00:00:00,0.9409080029336268
2009-10-12 00:00:00,0.9409080029336268
2009-10-13 00:00:00,0.9409080029336268
2009-10-14 00:00:00,0.9409080029336268
2009-10-15 00:00:00,0.9409080029336268
2009-10-16 00:00:00,0.9409080029336268
2009-10-19 00:00:00,0.9409080029336268
2009-10-20 00:00:00,0.9409080029336268
2009-10-21 00:00:00,0.9409080029336268
2009-10-22 00:00:00,0.9409080029336268
2009-10-23 00:00:00,0.9409080029336268
2009-10-26 00:00:00,0.9409080029336268
2009-10-27 00:00:00,0.9409080029336268
2009-10-28 00:00:00,0.9409080029336268
2009-10-29 00:00:00,0.9409080029336268
2009-10-30 00:00:00,0.9409080029336268
2009-11-02 00:00:00,0.9409080029336268
2009-11-03 00:00:00,0.9409080029336268
2009-11-04 00:00:00,0.9409080029336268
2009-11-05 00:00:00,0.9409080029336268
2009-11-06 00:00:00,0.9409080029336268
2009-11-09 00:00:00,0.9409080029336268
2009-11-10 00:00:00,0.9409080029336268
2009-11-11 00:00:00,0.9409080029336268
2009-11-12 00:00:00,0.9409080029336268
2009-11-13 00:00:00,0.9409080029336268
2009-11-16 00:00:00,0.9409080029336268
2009-11-17 00:00:00,0.9409080029336268
2009-11-18 00:00:00,0.9409080029336268
2009-11-19 00:00:00,0.9409080029336268
2009-11-20 00:00:00,0.9409080029336268
2009-11-23 00:00:00,0.9409080029336268
2009-11-24 00:00:00,0.9409080029336268
2009-11-25 00:00:00,0.9409080029336268
2009-11-27 00:00:00,0.9409080029336268
2009-11-30 00:00:00,0.9409080029336268
2009-12-01 00:00:00,0.9409080029336268
2009-12-02 00:00:00,0.9409080029336268
2009-12-03 00:00:00,0.9409080029336268
2009-12-04 00:00:00,0.9409080029336268
2009-12-07 00:00:00,0.9409080029336268
2009-12-08 00:00:00,0.9409080029336268
2009-12-09 00:00:00,0.9409080029336268
2009-12-10 00:00:00,0.9409080029336268
2009-12-11 00:00:00,0.9391084914786384
2009-12-14 00:00:00,0.9383035899993938
2009-12-15 00:00:00,0.941241672346525
2009-12-16 00:00:00,0.9420203409476703
2009-12-17 00:00:00,0.9311381753204907
2009-12-18 00:00:00,0.9340042772094224
2009-12-21 00:00:00,0.9458679363732961
2009-12-22 00:00:00,0.9495258233024229
2009-12-23 00:00:00,0.949368745946974
2009-12-24 00:00:00,0.9561217925786807
2009-12-28 00:00:00,0.9579081875946194
2009-12-29 00:00:00,0.9559515987841822
2009-12-30 00:00:00,0.95169163531136
2009-12-31 00:00:00,0.9547736785748903
2010-01-04 00:00:00,0.9553364058014369
2010-01-05 00:00:00,0.9511484227868141
2010-01-06 00:00:00,0.9598449417899082
2010-01-07 00:00:00,0.9587521184778655
2010-01-08 00:00:00,0.9590269238716138
2010-01-11 00:00:00,0.9625408498843415
2010-01-12 00:00:00,0.9515867037989625
2010-01-13 00:00:00,0.9591315354708639
2010-01-14 00:00:00,0.9501208617568723
2010-01-15 00:00:00,0.9460768396586485
2010-01-19 00:00:00,0.9479352151327869
2010-01-20 00:00:00,0.9412998965393798
2010-01-21 00:00:00,0.9382636008559496
2010-01-22 00:00:00,0.9394021717480926
2010-01-25 00:00:00,0.9424122345534234
2010-01-26 00:00:00,0.942183176739775
2010-01-27 00:00:00,0.942529962591723
2010-01-28 00:00:00,0.9428767484436709
2010-01-29 00:00:00,0.9371051953486584
2010-02-01 00:00:00,0.9454418120607548
2010-02-02 00:00:00,0.9435572037085173
2010-02-03 00:00:00,0.9511740158386184
2010-02-04 00:00:00,0.9408676938770351
2010-02-05 00:00:00,0.9394149682739946
2010-02-08 00:00:00,0.9385380863365506
2010-02-09 00:00:00,0.945147172051858
2010-02-10 00:00:00,0.951396355476168
2010-02-11 00:00:00,0.9549102814888957
2010-02-12 00:00:00,0.952233888096463
2010-02-16 00:00:00,0.9509971038680213
2010-02-17 00:00:00,0.9583979746235238
2010-02-18 00:00:00,0.9609761546796574
2010-02-19 00:00:00,0.95750797624703
2010-02-22 00:00:00,0.9601581367613631
2010-02-23 00:00:00,0.9501397366325779
2010-02-24 00:00:00,0.9485430501131384
2010-02-25 00:00:00,0.9448589303059124
2010-02-26 00:00:00,0.9414627323314846
2010-03-01 00:00:00,0.9438249710130195
2010-03-02 00:00:00,0.9446756200723643
2010-03-03 00:00:00,0.946318054171904
2010-03-04 00:00:00,0.9428498757392765
2010-03-05 00:00:00,0.9514744142841711
2010-03-08 00:00:00,0.9548443793804996
2010-03-09 00:00:00,0.9546873020250509
2010-03-10 00:00:00,0.9563297361245904
2010-03-11 00:00:00,0.9539412645649561
2010-03-12 00:00:00,0.9498972424667323
2010-03-15 00:00:00,0.9507478915260771
2010-03-16 00:00:00,0.9455521820966608
2010-03-17 00:00:00,0.9427318277878293
2010-03-18 00:00:00,0.9448781250947657
2010-03-19 00:00:00,0.94421718453192
2010-03-22 00:00:00,0.9434842635108751
2010-03-23 00:00:00,0.9465663067744053
2010-03-24 00:00:00,0.9585019463964787
2010-03-25 00:00:00,0.9625917160748025
2010-03-26 00:00:00,0.9607790881807644
2010-03-29 00:00:00,0.9632133073204989
2010-03-30 00:00:00,0.9611847380518622
2010-03-31 00:00:00,0.9567808136626408
2010-04-01 00:00:00,0.9607266224245656
2010-04-05 00:00:00,0.9713666137990473
2010-04-06 00:00:00,0.970345770945204
2010-04-07 00:00:00,0.9622708431878063
2010-04-08 00:00:00,0.9619698049159585
2010-04-09 00:00:00,0.9604450988547185
2010-04-12 00:00:00,0.9570489008802907
2010-04-13 00:00:00,0.9549483511534544
2010-04-14 00:00:00,0.9594700035809756
2010-04-15 00:00:00,0.9587370825599305
2010-04-16 00:00:00,0.9540452363379109
2010-04-19 00:00:00,0.9556156899792511
2010-04-20 00:00:00,0.9532991988778162
2010-04-21 00:00:00,0.9479595285320008
2010-04-22 00:00:00,0.9498898844643386
2010-04-23 00:00:00,0.9521801426876741
2010-04-26 00:00:00,0.9514472216666291
2010-04-27 00:00:00,0.9422925870362382
2010-04-28 00:00:00,0.9445343592229306
2010-04-29 00:00:00,0.9445343592229306
2010-04-30 00:00:00,0.9445343592229306
2010-05-03 00:00:00,0.9445343592229306
2010-05-04 00:00:00,0.9445343592229306
2010-05-05 00:00:00,0.9445343592229306
2010-05-06 00:00:00,0.9445343592229306
2010-05-07 00:00:00,0.9445343592229306
2010-05-10 00:00:00,0.9445343592229306
2010-05-11 00:00:00,0.9445343592229306
2010-05-12 00:00:00,0.9445343592229306
2010-05-13 00:00:00,0.9445343592229306
2010-05-14 00:00:00,0.9445343592229306
2010-05-17 00:00:00,0.9445343592229306
2010-05-18 00:00:00,0.9445343592229306
2010-05-19 00:00:00,0.9445343592229306
2010-05-20 00:00:00,0.9445343592229306
2010-05-21 00:00:00,0.9445343592229306
2010-05-24 00:00:00,0.9445343592229306
2010-05-25 00:00:00,0.9445343592229306
2010-05-26 00:00:00,0.9445343592229306
2010-05-27 00:00:00,0.9445343592229306
2010-05-28 00:00:00,0.9445343592229306
2010-06-01 00:00:00,0.9445343592229306
2010-06-02 00:00:00,0.9445343592229306
2010-06-03 00:00:00,0.9445343592229306
2010-06-04 00:00:00,0.9445343592229306
2010-06-07 00:00:00,0.9445343592229306
2010-06-08 00:00:00,0.9445343592229306
2010-06-09 00:00:00,0.9445343592229306
2010-06-10 00:00:00,0.9445343592229306
2010-06-11 00:00:00,0.9445343592229306
2010-06-14 00:00:00,0.9445343592229306
2010-06-15 00:00:00,0.9445343592229306
2010-06-16 00:00:00,0.9445343592229306
2010-06-17 00:00:00,0.9445343592229306
2010-06-18 00:00:00,0.9445343592229306
2010-06-21 00:00:00,0.9445343592229306
2010-06-22 00:00:00,0.9445343592229306
2010-06-23 00:00:00,0.9445343592229306
2010-06-24 00:00:00,0.9445343592229306
2010-06-25 00:00:00,0.9445343592229306
2010-06-28 00:00:00,0.9445343592229306
2010-06-29 00:00:00,0.9445343592229306
2010-06-30 00:00:00,0.9445343592229306
2010-07-01 00:00:00,0.9445343592229306
2010-07-02 00:00:00,0.9445343592229306
2010-07-06 00:00:00,0.9445343592229306
2010-07-07 00:00:00,0.9445343592229306
2010-07-08 00:00:00,0.9445343592229306
2010-07-09 00:00:00,0.9445343592229306
2010-07-12 00:00:00,0.9445343592229306
2010-07-13 00:00:00,0.9445343592229306
2010-07-14 00:00:00,0.9445343592229306
2010-07-15 00:00:00,0.9445343592229306
2010-07-16 00:00:00,0.9445343592229306
2010-07-19 00:00:00,0.9445343592229306
2010-07-20 00:00:00,0.9445343592229306
2010-07-21 00:00:00,0.9445343592229306
2010-07-22 00:00:00,0.9445343592229306
2010-07-23 00:00:00,0.9445343592229306
2010-07-26 00:00:00,0.9445343592229306
2010-07-27 00:00:00,0.9445343592229306
2010-07-28 00:00:00,0.9445343592229306
2010-07-29 00:00:00,0.9445343592229306
2010-07-30 00:00:00,0.9445343592229306
2010-08-02 00:00:00,0.9445343592229306
2010-08-03 00:00:00,0.9445343592229306
2010-08-04 00:00:00,0.9445343592229306
2010-08-05 00:00:00,0.9445343592229306
2010-08-06 00:00:00,0.9445343592229306
2010-08-09 00:00:00,0.9445343592229306
2010-08-10 00:00:00,0.9445343592229306
2010-08-11 00:00:00,0.9445343592229306
2010-08-12 00:00:00,0.9445343592229306
2010-08-13 00:00:00,0.9445343592229306
2010-08-16 00:00:00,0.9445343592229306
2010-08-17 00:00:00,0.9445343592229306
2010-08-18 00:00:00,0.9445343592229306
2010-08-19 00:00:00,0.9445343592229306
2010-08-20 00:00:00,0.9445343592229306
2010-08-23 00:00:00,0.9445343592229306
2010-08-24 00:00:00,0.9445343592229306
2010-08-25 00:00:00,0.9445343592229306
2010-08-26 00:00:00,0.9445343592229306
2010-08-27 00:00:00,0.9445343592229306
2010-08-30 00:00:00,0.9445343592229306
2010-08-31 00:00:00,0.9445343592229306
2010-09-01 00:00:00,0.9445343592229306
2010-09-02 00:00:00,0.9445343592229306
2010-09-03 00:00:00,0.9445343592229306
2010-09-07 00:00:00,0.9445343592229306
2010-09-08 00:00:00,0.9445343592229306
2010-09-09 00:00:00,0.9445343592229306
2010-09-10 00:00:00,0.9445343592229306
2010-09-13 00:00:00,0.9445343592229306
2010-09-14 00:00:00,0.9445343592229306
2010-09-15 00:00:00,0.9445343592229306
2010-09-16 00:00:00,0.9445343592229306
2010-09-17 00:00:00,0.9445343592229306
2010-09-20 00:00:00,0.9445343592229306
2010-09-21 00:00:00,0.9445343592229306
2010-09-22 00:00:00,0.9445343592229306
2010-09-23 00:00:00,0.9445343592229306
2010-09-24 00:00:00,0.9445343592229306
2010-09-27 00:00:00,0.9445343592229306
2010-09-28 00:00:00,0.9445343592229306
2010-09-29 00:00:00,0.9445343592229306
2010-09-30 00:00:00,0.9445343592229306
2010-10-01 00:00:00,0.9445343592229306
2010-10-04 00:00:00,0.9445343592229306
2010-10-05 00:00:00,0.9445343592229306
2010-10-06 00:00:00,0.9445343592229306
2010-10-07 00:00:00,0.9445343592229306
2010-10-08 00:00:00,0.9445343592229306
2010-10-11 00:00:00,0.9445343592229306
2010-10-12 00:00:00,0.9445343592229306
2010-10-13 00:00:00,0.9445343592229306
2010-10-14 00:00:00,0.9445343592229306
2010-10-15 00:00:00,0.9445343592229306
2010-10-18 00:00:00,0.9445343592229306
2010-10-19 00:00:00,0.9445343592229306
2010-10-20 00:00:00,0.9445343592229306
2010-10-21 00:00:00,0.9445343592229306
2010-10-22 00:00:00,0.9445343592229306
2010-10-25 00:00:00,0.9445343592229306
2010-10-26 00:00:00,0.9445343592229306
2010-10-27 00:00:00,0.9445343592229306
2010-10-28 00:00:00,0.9445343592229306
2010-10-29 00:00:00,0.9445343592229306
2010-11-01 00:00:00,0.9445343592229306
2010-11-02 00:00:00,0.9445343592229306
2010-11-03 00:00:00,0.9445343592229306
2010-11-04 00:00:00,0.9445343592229306
2010-11-05 00:00:00,0.9445343592229306
2010-11-08 00:00:00,0.9445343592229306
2010-11-09 00:00:00,0.9445343592229306
2010-11-10 00:00:00,0.9445343592229306
2010-11-11 00:00:00,0.9445343592229306
2010-11-12 00:00:00,0.9445343592229306
2010-11-15 00:00:00,0.9445343592229306
2010-11-16 00:00:00,0.9445343592229306
2010-11-17 00:00:00,0.9454945183983546
2010-11-18 00:00:00,0.943514059751619
2010-11-19 00:00:00,0.9405229072360158
2010-11-22 00:00:00,0.9384413792023935
2010-11-23 00:00:00,0.9360061083146675
2010-11-24 00:00:00,0.9447895393713699
2010-11-26 00:00:00,0.9380588195409574
2010-11-29 00:00:00,0.9338548343827133
2010-11-30 00:00:00,0.9312679594146572
2010-12-01 00:00:00,0.9439728826825652
2010-12-02 00:00:00,0.9452468582935826
2010-12-03 00:00:00,0.9490273546993911
2010-12-06 00:00:00,0.9422461001755353
2010-12-07 00:00:00,0.9526466414224255
2010-12-08 00:00:00,0.957235692923328
2010-12-09 00:00:00,0.9549014914224888
2010-12-10 00:00:00,0.9577723633463167
2010-12-13 00:00:00,0.9559940434733545
2010-12-14 00:00:00,0.9628824235259305
2010-12-15 00:00:00,0.9689117137899691
2010-12-16 00:00:00,0.9657184225005926
2010-12-17 00:00:00,0.9572695230931054
2010-12-20 00:00:00,0.9577652644250949
2010-12-21 00:00:00,0.9544709037488316
2010-12-22 00:00:00,0.9578471226070933
2010-12-23 00:00:00,0.958797676180073
2010-12-27 00:00:00,0.9545936910218291
2010-12-28 00:00:00,0.9654490445097097
2010-12-29 00:00:00,0.9576065614235431
2010-12-30 00:00:00,0.9579506986752023
2010-12-31 00:00:00,0.952736019648091
2011-01-03 00:00:00,0.9563143772801261
2011-01-04 00:00:00,0.9557488900498049
2011-01-05 00:00:00,0.9661494312966951
2011-01-06 00:00:00,0.9641184379565161
2011-01-07 00:00:00,0.9616326323753467
2011-01-10 00:00:00,0.9590962921007339
2011-01-11 00:00:00,0.961714490557345
2011-01-12 00:00:00,0.9653433828828235
2011-01-13 00:00:00,0.9611899324180229
2011-01-14 00:00:00,0.9641871410754593
2011-01-18 00:00:00,0.9663252599443584
2011-01-19 00:00:00,0.9629803645746517
2011-01-20 00:00:00,0.9693886650395156
2011-01-21 00:00:00,0.9657405615091487
2011-01-24 00:00:00,0.965528817132931
2011-01-25 00:00:00,0.9611226932009135
2011-01-26 00:00:00,0.9681879446805413
2011-01-27 00:00:00,0.9661064166469189
2011-01-28 00:00:00,0.9636711457591928
2011-01-31 00:00:00,0.9671989686977847
2011-02-01 00:00:00,0.97108053449048
2011-02-02 00:00:00,0.970969859501149
2011-02-03 00:00:00,0.9747503559069577
2011-02-04 00:00:00,0.9793394074078602
2011-02-07 00:00:00,0.977005205907021
2011-02-08 00:00:00,0.9811394451669332
2011-02-09 00:00:00,0.9772386681693495
2011-02-10 00:00:00,0.9824341359915725
2011-02-11 00:00:00,0.9760066243218202
2011-02-14 00:00:00,0.9756887570893713
2011-02-15 00:00:00,0.9736628172185366
2011-02-16 00:00:00,0.9751187177259503
2011-02-17 00:00:00,0.9744016264152988
2011-02-18 00:00:00,0.975806992229269
2011-02-22 00:00:00,0.9690257377054131
2011-02-23 00:00:00,0.9673484872193377
2011-02-24 00:00:00,0.964407869397178
2011-02-25 00:00:00,0.9616693903487917
2011-02-28 00:00:00,0.9610533684250271
2011-03-01 00:00:00,0.9652971669003245
2011-03-02 00:00:00,0.9652971669003245
2011-03-03 00:00:00,0.9652971669003245
2011-03-04 00:00:00,0.9652971669003245
2011-03-07 00:00:00,0.9652971669003245
2011-03-08 00:00:00,0.9652971669003245
2011-03-09 00:00:00,0.9652971669003245
2011-03-10 00:00:00,0.9652971669003245
2011-03-11 00:00:00,0.9652971669003245
2011-03-14 00:00:00,0.9652971669003245
2011-03-15 00:00:00,0.9652971669003245
2011-03-16 00:00:00,0.9652971669003245
2011-03-17 00:00:00,0.9652971669003245
2011-03-18 00:00:00,0.9652971669003245
2011-03-21 00:00:00,0.9652971669003245
2011-03-22 00:00:00,0.9652971669003245
2011-03-23 00:00:00,0.9652971669003245
2011-03-24 00:00:00,0.9652971669003245
2011-03-25 00:00:00,0.9652971669003245
2011-03-28 00:00:00,0.9652971669003245
2011-03-29 00:00:00,0.9652971669003245
2011-03-30 00:00:00,0.9652971669003245
2011-03-31 00:00:00,0.9652971669003245
2011-04-01 00:00:00,0.9652971669003245
2011-04-04 00:00:00,0.9652971669003245
2011-04-05 00:00:00,0.9652971669003245
2011-04-06 00:00:00,0.9652971669003245
2011-04-07 00:00:00,0.9652971669003245
2011-04-08 00:00:00,0.9652971669003245
2011-04-11 00:00:00,0.9652971669003245
2011-04-12 00:00:00,0.9652971669003245
2011-04-13 00:00:00,0.9652971669003245
2011-04-14 00:00:00,0.9652971669003245
2011-04-15 00:00:00,0.9652971669003245
2011-04-18 00:00:00,0.9652971669003245
2011-04-19 00:00:00,0.9652971669003245
2011-04-20 00:00:00,0.9652971669003245
2011-04-21 00:00:00,0.9652971669003245
2011-04-25 00:00:00,0.9652971669003245
2011-04-26 00:00:00,0.9652971669003245
2011-04-27 00:00:00,0.9652971669003245
2011-04-28 00:00:00,0.9652971669003245
2011-04-29 00:00:00,0.9652971669003245
2011-05-02 00:00:00,0.9652971669003245
2011-05-03 00:00:00,0.9652971669003245
2011-05-04 00:00:00,0.9652971669003245
2011-05-05 00:00:00,0.9652971669003245
2011-05-06 00:00:00,0.9652971669003245
2011-05-09 00:00:00,0.9652971669003245
2011-05-10 00:00:00,0.9652971669003245
2011-05-11 00:00:00,0.9652971669003245
2011-05-12 00:00:00,0.9652971669003245
2011-05-13 00:00:00,0.9652971669003245
2011-05-16 00:00:00,0.9652971669003245
2011-05-17 00:00:00,0.9652971669003245
2011-05-18 00:00:00,0.9652971669003245
2011-05-19 00:00:00,0.9652971669003245
2011-05-20 00:00:00,0.9652971669003245
2011-05-23 00:00:00,0.9652971669003245
2011-05-24 00:00:00,0.9652971669003245
2011-05-25 00:00:00,0.9652971669003245
2011-05-26 00:00:00,0.9652971669003245
2011-05-27 00:00:00,0.9652971669003245
2011-05-31 00:00:00,0.9652971669003245
2011-06-01 00:00:00,0.9652971669003245
2011-06-02 00:00:00,0.9652971669003245
2011-06-03 00:00:00,0.9652971669003245
2011-06-06 00:00:00,0.9652971669003245
2011-06-07 00:00:00,0.9652971669003245
2011-06-08 00:00:00,0.9652971669003245
2011-06-09 00:00:00,0.9652971669003245
2011-06-10 00:00:00,0.9652971669003245
2011-06-13 00:00:00,0.9652971669003245
2011-06-14 00:00:00,0.9652971669003245
2011-06-15 00:00:00,0.9652971669003245
2011-06-16 00:00:00,0.9652971669003245
2011-06-17 00:00:00,0.9652971669003245
2011-06-20 00:00:00,0.9652971669003245
2011-06-21 00:00:00,0.9652971669003245
2011-06-22 00:00:00,0.9652971669003245
2011-06-23 00:00:00,0.9652971669003245
2011-06-24 00:00:00,0.9652971669003245
2011-06-27 00:00:00,0.9652971669003245
2011-06-28 00:00:00,0.9652971669003245
2011-06-29 00:00:00,0.9652971669003245
2011-06-30 00:00:00,0.9652971669003245
2011-07-01 00:00:00,0.9652971669003245
2011-07-05 00:00:00,0.9652971669003245
2011-07-06 00:00:00,0.9652971669003245
2011-07-07 00:00:00,0.9652971669003245
2011-07-08 00:00:00,0.9652971669003245
2011-07-11 00:00:00,0.9652971669003245
2011-07-12 00:00:00,0.9652971669003245
2011-07-13 00:00:00,0.9652971669003245
2011-07-14 00:00:00,0.9652971669003245
2011-07-15 00:00:00,0.9652971669003245
2011-07-18 00:00:00,0.9652971669003245
2011-07-19 00:00:00,0.9652971669003245
2011-07-20 00:00:00,0.9652971669003245
2011-07-21 00:00:00,0.9652971669003245
2011-07-22 00:00:00,0.9652971669003245
2011-07-25 00:00:00,0.9652971669003245
2011-07-26 00:00:00,0.9652971669003245
2011-07-27 00:00:00,0.9652971669003245
2011-07-28 00:00:00,0.9652971669003245
2011-07-29 00:00:00,0.9652971669003245
2011-08-01 00:00:00,0.9652971669003245
2011-08-02 00:00:00,0.9652971669003245
2011-08-03 00:00:00,0.9652971669003245
2011-08-04 00:00:00,0.9652971669003245
2011-08-05 00:00:00,0.9652971669003245
2011-08-08 00:00:00,0.9652971669003245
2011-08-09 00:00:00,0.9652971669003245
2011-08-10 00:00:00,0.9652971669003245
2011-08-11 00:00:00,0.9652971669003245
2011-08-12 00:00:00,0.9652971669003245
2011-08-15 00:00:00,0.9652971669003245
2011-08-16 00:00:00,0.9652971669003245
2011-08-17 00:00:00,0.9652971669003245
2011-08-18 00:00:00,0.9652971669003245
2011-08-19 00:00:00,0.9652971669003245
2011-08-22 00:00:00,0.9652971669003245
2011-08-23 00:00:00,0.9652971669003245
2011-08-24 00:00:00,0.9652971669003245
2011-08-25 00:00:00,0.9652971669003245
2011-08-26 00:00:00,0.9652971669003245
2011-08-29 00:00:00,0.9652971669003245
2011-08-30 00:00:00,0.9652971669003245
2011-08-31 00:00:00,0.9652971669003245
2011-09-01 00:00:00,0.9652971669003245
2011-09-02 00:00:00,0.9652971669003245
2011-09-06 00:00:00,0.9652971669003245
2011-09-07 00:00:00,0.9652971669003245
2011-09-08 00:00:00,0.9652971669003245
2011-09-09 00:00:00,0.9652971669003245
2011-09-12 00:00:00,0.9652971669003245
2011-09-13 00:00:00,0.9652971669003245
2011-09-14 00:00:00,0.9652971669003245
2011-09-15 00:00:00,0.9652971669003245
2011-09-16 00:00:00,0.9652971669003245
2011-09-19 00:00:00,0.9652971669003245
2011-09-20 00:00:00,0.9652971669003245
2011-09-21 00:00:00,0.9652971669003245
2011-09-22 00:00:00,0.9652971669003245
2011-09-23 00:00:00,0.9652971669003245
2011-09-26 00:00:00,0.9652971669003245
2011-09-27 00:00:00,0.9652971669003245
2011-09-28 00:00:00,0.9652971669003245
2011-09-29 00:00:00,0.9652971669003245
2011-09-30 00:00:00,0.9652971669003245
2011-10-03 00:00:00,0.9652971669003245
2011-10-04 00:00:00,0.9652971669003245
2011-10-05 00:00:00,0.9652971669003245
2011-10-06 00:00:00,0.9652971669003245
2011-10-07 00:00:00,0.9652971669003245
2011-10-10 00:00:00,0.9652971669003245
2011-10-11 00:00:00,0.9652971669003245
2011-10-12 00:00:00,0.9652971669003245
2011-10-13 00:00:00,0.9652971669003245
2011-10-14 00:00:00,0.9652971669003245
2011-10-17 00:00:00,0.9652971669003245
2011-10-18 00:00:00,0.9652971669003245
2011-10-19 00:00:00,0.9652971669003245
2011-10-20 00:00:00,0.9652971669003245
2011-10-21 00:00:00,0.9652971669003245
2011-10-24 00:00:00,0.9652971669003245
2011-10-25 00:00:00,0.9652971669003245
2011-10-26 00:00:00,0.9652971669003245
2011-10-27 00:00:00,0.9652971669003245
2011-10-28 00:00:00,0.9652971669003245
2011-10-31 00:00:00,0.9652971669003245
2011-11-01 00:00:00,0.9652971669003245
2011-11-02 00:00:00,0.9652971669003245
2011-11-03 00:00:00,0.9652971669003245
2011-11-04 00:00:00,0.9652971669003245
2011-11-07 00:00:00,0.9652971669003245
2011-11-08 00:00:00,0.9652971669003245
2011-11-09 00:00:00,0.9652971669003245
2011-11-10 00:00:00,0.9652971669003245
2011-11-11 00:00:00,0.9652971669003245
2011-11-14 00:00:00,0.9652971669003245
2011-11-15 00:00:00,0.9652971669003245
2011-11-16 00:00:00,0.9652971669003245
2011-11-17 00:00:00,0.9652971669003245
2011-11-18 00:00:00,0.9652971669003245
2011-11-21 00:00:00,0.9652971669003245
2011-11-22 00:00:00,0.9652971669003245
2011-11-23 00:00:00,0.9652971669003245
2011-11-25 00:00:00,0.9652971669003245
2011-11-28 00:00:00,0.9652971669003245
2011-11-29 00:00:00,0.9652971669003245
2011-11-30 00:00:00,0.9652971669003245
2011-12-01 00:00:00,0.9652971669003245
2011-12-02 00:00:00,0.9652971669003245
2011-12-05 00:00:00,0.9652971669003245
2011-12-06 00:00:00,0.9652971669003245
2011-12-07 00:00:00,0.9652971669003245
2011-12-08 00:00:00,0.9652971669003245
2011-12-09 00:00:00,0.9652971669003245
2011-12-12 00:00:00,0.9652971669003245
2011-12-13 00:00:00,0.9652971669003245
2011-12-14 00:00:00,0.9652971669003245
2011-12-15 00:00:00,0.9652971669003245
2011-12-16 00:00:00,0.9652971669003245
2011-12-19 00:00:00,0.9652971669003245
2011-12-20 00:00:00,0.9652971669003245
2011-12-21 00:00:00,0.9652971669003245
2011-12-22 00:00:00,0.9652971669003245
2011-12-23 00:00:00,0.9652971669003245
2011-12-27 00:00:00,0.9652971669003245
2011-12-28 00:00:00,0.9652971669003245
2011-12-29 00:00:00,0.9652971669003245
2011-12-30 00:00:00,0.9652971669003245
2012-01-03 00:00:00,0.9652971669003245
2012-01-04 00:00:00,0.9652971669003245
2012-01-05 00:00:00,0.9652971669003245
2012-01-06 00:00:00,0.9652971669003245
2012-01-09 00:00:00,0.9652971669003245
2012-01-10 00:00:00,0.9652971669003245
2012-01-11 00:00:00,0.9652971669003245
2012-01-12 00:00:00,0.9652971669003245
2012-01-13 00:00:00,0.9652971669003245
2012-01-17 00:00:00,0.9652971669003245
2012-01-18 00:00:00,0.9652971669003245
2012-01-19 00:00:00,0.9652971669003245
2012-01-20 00:00:00,0.9652971669003245
2012-01-23 00:00:00,0.9652971669003245
2012-01-24 00:00:00,0.9652971669003245
2012-01-25 00:00:00,0.9652971669003245
2012-01-26 00:00:00,0.9652971669003245
2012-01-27 00:00:00,0.9652971669003245
2012-01-30 00:00:00,0.9652971669003245
2012-01-31 00:00:00,0.9652971669003245
2012-02-01 00:00:00,0.9652971669003245
2012-02-02 00:00:00,0.9652971669003245
2012-02-03 00:00:00,0.9652971669003245
2012-02-06 00:00:00,0.9652971669003245
2012-02-07 00:00:00,0.9652971669003245
2012-02-08 00:00:00,0.9652971669003245
2012-02-09 00:00:00,0.9652971669003245
2012-02-10 00:00:00,0.9652971669003245
2012-02-13 00:00:00,0.9652971669003245
2012-02-14 00:00:00,0.9652971669003245
2012-02-15 00:00:00,0.9652971669003245
2012-02-16 00:00:00,0.9652971669003245
2012-02-17 00:00:00,0.9652971669003245
2012-02-21 00:00:00,0.9652971669003245
2012-02-22 00:00:00,0.9652971669003245
2012-02-23 00:00:00,0.9652971669003245
2012-02-24 00:00:00,0.9652971669003245
2012-02-27 00:00:00,0.9652971669003245
2012-02-28 00:00:00,0.9652971669003245
2012-02-29 00:00:00,0.9652971669003245
2012-03-01 00:00:00,0.9652971669003245
2012-03-02 00:00:00,0.9652971669003245
2012-03-05 00:00:00,0.9652971669003245
2012-03-06 00:00:00,0.9652971669003245
2012-03-07 00:00:00,0.9652971669003245
2012-03-08 00:00:00,0.9684571831751344
2012-03-09 00:00:00,0.9671914989335265
2012-03-12 00:00:00,0.96728789067244
2012-03-13 00:00:00,0.9783898563339674
2012-03-14 00:00:00,0.9940139142508259
2012-03-15 00:00:00,0.9930751282445431
2012-03-16 00:00:00,0.9918639270421561
2012-03-19 00:00:00,0.9990975969190024
2012-03-20 00:00:00,0.9966877688537563
2012-03-21 00:00:00,0.9898648146116208
2012-03-22 00:00:00,0.9878908508601417
2012-03-23 00:00:00,0.9821030743632027
2012-03-26 00:00:00,0.9852505162984844
2012-03-27 00:00:00,0.9808248157820666
2012-03-28 00:00:00,0.9816839700700721
2012-03-29 00:00:00,0.977040337396771
2012-03-30 00:00:00,0.9875429896268688
2012-04-02 00:00:00,0.9857324749930523
2012-04-03 00:00:00,0.9963440933015918
2012-04-04 00:00:00,0.9880500970004931
2012-04-05 00:00:00,0.9836243964840753
2012-04-09 00:00:00,0.9692282997902403
2012-04-10 00:00:00,0.9620784473127796
2012-04-11 00:00:00,0.9680779237987635
2012-04-12 00:00:00,0.9680779237987635
2012-04-13 00:00:00,0.9680779237987635
2012-04-16 00:00:00,0.9680779237987635
2012-04-17 00:00:00,0.9680779237987635
2012-04-18 00:00:00,0.9680779237987635
2012-04-19 00:00:00,0.9680779237987635
2012-04-20 00:00:00,0.9680779237987635
2012-04-23 00:00:00,0.9680779237987635
2012-04-24 00:00:00,0.9680779237987635
2012-04-25 00:00:00,0.9680779237987635
2012-04-26 00:00:00,0.9680779237987635
2012-04-27 00:00:00,0.9680779237987635
2012-04-30 00:00:00,0.9680779237987635
2012-05-01 00:00:00,0.9680779237987635
2012-05-02 00:00:00,0.9680779237987635
2012-05-03 00:00:00,0.9680779237987635
2012-05-04 00:00:00,0.9680779237987635
2012-05-07 00:00:00,0.9680779237987635
2012-05-08 00:00:00,0.9680779237987635
2012-05-09 00:00:00,0.9680779237987635
2012-05-10 00:00:00,0.9680779237987635
2012-05-11 00:00:00,0.9680779237987635
2012-05-14 00:00:00,0.9680779237987635
2012-05-15 00:00:00,0.9680779237987635
2012-05-16 00:00:00,0.9680779237987635
2012-05-17 00:00:00,0.9680779237987635
2012-05-18 00:00:00,0.9680779237987635
2012-05-21 00:00:00,0.9680779237987635
2012-05-22 00:00:00,0.9680779237987635
2012-05-23 00:00:00,0.9680779237987635
2012-05-24 00:00:00,0.9680779237987635
2012-05-25 00:00:00,0.9680779237987635
2012-05-29 00:00:00,0.9680779237987635
2012-05-30 00:00:00,0.9680779237987635
2012-05-31 00:00:00,0.9680779237987635
2012-06-01 00:00:00,0.9680779237987635
2012-06-04 00:00:00,0.9680779237987635
2012-06-05 00:00:00,0.9680779237987635
2012-06-06 00:00:00,0.9680779237987635
2012-06-07 00:00:00,0.9680779237987635
2012-06-08 00:00:00,0.9680779237987635
2012-06-11 00:00:00,0.9680779237987635
2012-06-12 00:00:00,0.9680779237987635
2012-06-13 00:00:00,0.9680779237987635
2012-06-14 00:00:00,0.9680779237987635
2012-06-15 00:00:00,0.9680779237987635
2012-06-18 00:00:00,0.9680779237987635
2012-06-19 00:00:00,0.9680779237987635
2012-06-20 00:00:00,0.9680779237987635
2012-06-21 00:00:00,0.9680779237987635
2012-06-22 00:00:00,0.9680779237987635
2012-06-25 00:00:00,0.9680779237987635
2012-06-26 00:00:00,0.9680779237987635
2012-06-27 00:00:00,0.9680779237987635
2012-06-28 00:00:00,0.9680779237987635
2012-06-29 00:00:00,0.9680779237987635
2012-07-02 00:00:00,0.9680779237987635
2012-07-03 00:00:00,0.9680779237987635
2012-07-05 00:00:00,0.9680779237987635
2012-07-06 00:00:00,0.9680779237987635
2012-07-09 00:00:00,0.9680779237987635
2012-07-10 00:00:00,0.9680779237987635
2012-07-11 00:00:00,0.9680779237987635
2012-07-12 00:00:00,0.9680779237987635
2012-07-13 00:00:00,0.9680779237987635
2012-07-16 00:00:00,0.9680779237987635
2012-07-17 00:00:00,0.9680779237987635
2012-07-18 00:00:00,0.9680779237987635
2012-07-19 00:00:00,0.9680779237987635
2012-07-20 00:00:00,0.9680779237987635
2012-07-23 00:00:00,0.9680779237987635
2012-07-24 00:00:00,0.9680779237987635
2012-07-25 00:00:00,0.9680779237987635
2012-07-26 00:00:00,0.9680779237987635
2012-07-27 00:00:00,0.9680779237987635
2012-07-30 00:00:00,0.9680779237987635
2012-07-31 00:00:00,0.9680779237987635
2012-08-01 00:00:00,0.9680779237987635
2012-08-02 00:00:00,0.9680779237987635
2012-08-03 00:00:00,0.9680779237987635
2012-08-06 00:00:00,0.9680779237987635
2012-08-07 00:00:00,0.9680779237987635
2012-08-08 00:00:00,0.9680779237987635
2012-08-09 00:00:00,0.9680779237987635
2012-08-10 00:00:00,0.9680779237987635
2012-08-13 00:00:00,0.9680779237987635
2012-08-14 00:00:00,0.9680779237987635
2012-08-15 00:00:00,0.9680779237987635
2012-08-16 00:00:00,0.9680779237987635
2012-08-17 00:00:00,0.9680779237987635
2012-08-20 00:00:00,0.9680779237987635
2012-08-21 00:00:00,0.9680779237987635
2012-08-22 00:00:00,0.9680779237987635
2012-08-23 00:00:00,0.9680779237987635
2012-08-24 00:00:00,0.9680779237987635
2012-08-27 00:00:00,0.9680779237987635
2012-08-28 00:00:00,0.9680779237987635
2012-08-29 00:00:00,0.9680779237987635
2012-08-30 00:00:00,0.9680779237987635
2012-08-31 00:00:00,0.9680779237987635
2012-09-04 00:00:00,0.9680779237987635
2012-09-05 00:00:00,0.9680779237987635
2012-09-06 00:00:00,0.9680779237987635
2012-09-07 00:00:00,0.9680779237987635
2012-09-10 00:00:00,0.9680779237987635
2012-09-11 00:00:00,0.9680779237987635
2012-09-12 00:00:00,0.9680779237987635
2012-09-13 00:00:00,0.9680779237987635
2012-09-14 00:00:00,0.9680779237987635
2012-09-17 00:00:00,0.9680779237987635
2012-09-18 00:00:00,0.9680779237987635
2012-09-19 00:00:00,0.9680779237987635
2012-09-20 00:00:00,0.9680779237987635
2012-09-21 00:00:00,0.9680779237987635
2012-09-24 00:00:00,0.9680779237987635
2012-09-25 00:00:00,0.9680779237987635
2012-09-26 00:00:00,0.9680779237987635
2012-09-27 00:00:00,0.9680779237987635
2012-09-28 00:00:00,0.9680779237987635
2012-10-01 00:00:00,0.9680779237987635
2012-10-02 00:00:00,0.9680779237987635
2012-10-03 00:00:00,0.9680779237987635
2012-10-04 00:00:00,0.9680779237987635
2012-10-05 00:00:00,0.9680779237987635
2012-10-08 00:00:00,0.9680779237987635
2012-10-09 00:00:00,0.9653750099877394
2012-10-10 00:00:00,0.9605187178595295
2012-10-11 00:00:00,0.955718736435716
2012-10-12 00:00:00,0.9539595330493046
2012-10-15 00:00:00,0.9555226612222769
2012-10-16 00:00:00,0.9651382201239251
2012-10-17 00:00:00,0.971487758170586
2012-10-18 00:00:00,0.9756411787457897
2012-10-19 00:00:00,0.9664489623790621
2012-10-22 00:00:00,0.9708276257718512
2012-10-23 00:00:00,0.9610723023611601
2012-10-24 00:00:00,0.9678723260429916
2012-10-25 00:00:00,0.9713500181654393
2012-10-26 00:00:00,0.9613131412327667
2012-10-31 00:00:00,0.9572451989661055
2012-11-01 00:00:00,0.9629190085600103
2012-11-02 00:00:00,0.9634122333494523
2012-11-05 00:00:00,0.95951322319598
2012-11-06 00:00:00,0.96603169335583
2012-11-07 00:00:00,0.9535734561341147
2012-11-08 00:00:00,0.9481713318697663
2012-11-09 00:00:00,0.9481713318697663
2012-11-12 00:00:00,0.9481713318697663
2012-11-13 00:00:00,0.9481713318697663
2012-11-14 00:00:00,0.9481713318697663
2012-11-15 00:00:00,0.9481713318697663
2012-11-16 00:00:00,0.9481713318697663
2012-11-19 00:00:00,0.9481713318697663
2012-11-20 00:00:00,0.9481713318697663
2012-11-21 00:00:00,0.9481713318697663
2012-11-23 00:00:00,0.9481713318697663
2012-11-26 00:00:00,0.9481713318697663
2012-11-27 00:00:00,0.9481713318697663
2012-11-28 00:00:00,0.9481713318697663
2012-11-29 00:00:00,0.9481713318697663
2012-11-30 00:00:00,0.9481713318697663
2012-12-03 00:00:00,0.9481713318697663
2012-12-04 00:00:00,0.9481713318697663
2012-12-05 00:00:00,0.9481713318697663
2012-12-06 00:00:00,0.9481713318697663
2012-12-07 00:00:00,0.9481713318697663
2012-12-10 00:00:00,0.9481713318697663
2012-12-11 00:00:00,0.9481713318697663
2012-12-12 00:00:00,0.9481713318697663
2012-12-13 00:00:00,0.9481713318697663
2012-12-14 00:00:00,0.9481713318697663
2012-12-17 00:00:00,0.9481713318697663
2012-12-18 00:00:00,0.9481713318697663
2012-12-19 00:00:00,0.9481713318697663
2012-12-20 00:00:00,0.9481713318697663
2012-12-21 00:00:00,0.9481713318697663
2012-12-24 00:00:00,0.9481713318697663
2012-12-26 00:00:00,0.9481713318697663
2012-12-27 00:00:00,0.9481713318697663
2012-12-28 00:00:00,0.9481713318697663
2012-12-31 00:00:00,0.9481713318697663
2013-01-02 00:00:00,0.9481713318697663
2013-01-03 00:00:00,0.9481713318697663
2013-01-04 00:00:00,0.9481713318697663
2013-01-07 00:00:00,0.9481713318697663
2013-01-08 00:00:00,0.9481713318697663
2013-01-09 00:00:00,0.9481713318697663
2013-01-10 00:00:00,0.9481713318697663
2013-01-11 00:00:00,0.9481713318697663
2013-01-14 00:00:00,0.9481713318697663
2013-01-15 00:00:00,0.9481713318697663
2013-01-16 00:00:00,0.9481713318697663
2013-01-17 00:00:00,0.9481713318697663
2013-01-18 00:00:00,0.9481713318697663
2013-01-22 00:00:00,0.9481713318697663
2013-01-23 00:00:00,0.9481713318697663
2013-01-24 00:00:00,0.9481713318697663
2013-01-25 00:00:00,0.9481713318697663
2013-01-28 00:00:00,0.9481713318697663
2013-01-29 00:00:00,0.9481713318697663
2013-01-30 00:00:00,0.9481713318697663
2013-01-31 00:00:00,0.9481713318697663
2013-02-01 00:00:00,0.9481713318697663
2013-02-04 00:00:00,0.9481713318697663
2013-02-05 00:00:00,0.9481713318697663
2013-02-06 00:00:00,0.9481713318697663
2013-02-07 00:00:00,0.9481713318697663
2013-02-08 00:00:00,0.9481713318697663
2013-02-11 00:00:00,0.9481713318697663
2013-02-12 00:00:00,0.9481713318697663
2013-02-13 00:00:00,0.9481713318697663
2013-02-14 00:00:00,0.9481713318697663
2013-02-15 00:00:00,0.9481713318697663
2013-02-19 00:00:00,0.9481713318697663
2013-02-20 00:00:00,0.9481713318697663
2013-02-21 00:00:00,0.9481713318697663
2013-02-22 00:00:00,0.9481713318697663
2013-02-25 00:00:00,0.9481713318697663
2013-02-26 00:00:00,0.9481713318697663
2013-02-27 00:00:00,0.9481713318697663
2013-02-28 00:00:00,0.9481713318697663
2013-03-01 00:00:00,0.9481713318697663
2013-03-04 00:00:00,0.9481713318697663
2013-03-05 00:00:00,0.9481713318697663
2013-03-06 00:00:00,0.9481713318697663
2013-03-07 00:00:00,0.9481713318697663
2013-03-08 00:00:00,0.9481713318697663
2013-03-11 00:00:00,0.9481713318697663
2013-03-12 00:00:00,0.9481713318697663
2013-03-13 00:00:00,0.9481713318697663
2013-03-14 00:00:00,0.9481713318697663
2013-03-15 00:00:00,0.9481713318697663
2013-03-18 00:00:00,0.9481713318697663
2013-03-19 00:00:00,0.9481713318697663
2013-03-20 00:00:00,0.9481713318697663
2013-03-21 00:00:00,0.9481713318697663
2013-03-22 00:00:00,0.9481713318697663
2013-03-25 00:00:00,0.9481713318697663
2013-03-26 00:00:00,0.9481713318697663
2013-03-27 00:00:00,0.9481713318697663
2013-03-28 00:00:00,0.9481713318697663
2013-04-01 00:00:00,0.9481713318697663
2013-04-02 00:00:00,0.9481713318697663
2013-04-03 00:00:00,0.9481713318697663
2013-04-04 00:00:00,0.9481713318697663
2013-04-05 00:00:00,0.9481713318697663
2013-04-08 00:00:00,0.9481713318697663
2013-04-09 00:00:00,0.9481713318697663
2013-04-10 00:00:00,0.9481713318697663
2013-04-11 00:00:00,0.9481713318697663
2013-04-12 00:00:00,0.9481713318697663
2013-04-15 00:00:00,0.9481713318697663
2013-04-16 00:00:00,0.9481713318697663
2013-04-17 00:00:00,0.9481713318697663
2013-04-18 00:00:00,0.9481713318697663
2013-04-19 00:00:00,0.9481713318697663
2013-04-22 00:00:00,0.9481713318697663
2013-04-23 00:00:00,0.9481713318697663
2013-04-24 00:00:00,0.9481713318697663
2013-04-25 00:00:00,0.9481713318697663
2013-04-26 00:00:00,0.9481713318697663
2013-04-29 00:00:00,0.9481713318697663
2013-04-30 00:00:00,0.9481713318697663
2013-05-01 00:00:00,0.9481713318697663
2013-05-02 00:00:00,0.9481713318697663
2013-05-03 00:00:00,0.9481713318697663
2013-05-06 00:00:00,0.9481713318697663
2013-05-07 00:00:00,0.9481713318697663
2013-05-08 00:00:00,0.9481713318697663
2013-05-09 00:00:00,0.9481713318697663
2013-05-10 00:00:00,0.9481713318697663
2013-05-13 00:00:00,0.9481713318697663
2013-05-14 00:00:00,0.9481713318697663
2013-05-15 00:00:00,0.9481713318697663
2013-05-16 00:00:00,0.9481713318697663
2013-05-17 00:00:00,0.9481713318697663
2013-05-20 00:00:00,0.9481713318697663
2013-05-21 00:00:00,0.9481713318697663
2013-05-22 00:00:00,0.9481713318697663
2013-05-23 00:00:00,0.9481713318697663
2013-05-24 00:00:00,0.9481713318697663
2013-05-28 00:00:00,0.9481713318697663
2013-05-29 00:00:00,0.9481713318697663
2013-05-30 00:00:00,0.9481713318697663
2013-05-31 00:00:00,0.9481713318697663
2013-06-03 00:00:00,0.9481713318697663
2013-06-04 00:00:00,0.9481713318697663
2013-06-05 00:00:00,0.9428811678902361
2013-06-06 00:00:00,0.9432394830822711
2013-06-07 00:00:00,0.9541252245935712
2013-06-10 00:00:00,0.9569699168559853
2013-06-11 00:00:00,0.9498691008368827
2013-06-12 00:00:00,0.9584800718369848
2013-06-13 00:00:00,0.9491573869464794
2013-06-14 00:00:00,0.9505737349344205
2013-06-17 00:00:00,0.9537358370356064
2013-06-18 00:00:00,0.9534064309103025
2013-06-19 00:00:00,0.9595839264798207
2013-06-20 00:00:00,0.969305831915624
2013-06-21 00:00:00,0.9791864422708134
2013-06-24 00:00:00,0.9767938721934927
2013-06-25 00:00:00,0.9819133349671048
2013-06-26 00:00:00,0.9781982238949015
2013-06-27 00:00:00,0.9723141455910909
2013-06-28 00:00:00,0.968334526319911
2013-07-01 00:00:00,0.9684812349527648
2013-07-02 00:00:00,0.9688395501447997
2013-07-03 00:00:00,0.9705733079715125
2013-07-05 00:00:00,0.9903994266082186
2013-07-08 00:00:00,0.9849385614227704
2013-07-09 00:00:00,0.9843446470984899
2013-07-10 00:00:00,0.9887763885547631
2013-07-11 00:00:00,0.9821516872938183
2013-07-12 00:00:00,0.9826158057654438
2013-07-15 00:00:00,0.9795884160105794
2013-07-16 00:00:00,0.977619059051621
2013-07-17 00:00:00,0.9765490299691829
2013-07-18 00:00:00,0.9837316566948119
2013-07-19 00:00:00,0.9747263816430783
2013-07-22 00:00:00,0.9738679591198214
2013-07-23 00:00:00,0.976289438263873
2013-07-24 00:00:00,0.9835778682690927
2013-07-25 00:00:00,0.9837774785417417
2013-07-26 00:00:00,0.9802739740287196
2013-07-29 00:00:00,0.9844412072860163
2013-07-30 00:00:00,0.9846408175586653
2013-07-31 00:00:00,0.9825656573201165
2013-08-01 00:00:00,0.9949326447456849
2013-08-02 00:00:00,0.9887840582428978
2013-08-05 00:00:00,0.9931099964195803
2013-08-06 00:00:00,0.9914580492993939
2013-08-07 00:00:00,0.9872668234690328
2013-08-08 00:00:00,0.9857206796284369
2013-08-09 00:00:00,0.9848093554653846
2013-08-12 00:00:00,0.9886591788839095
2013-08-13 00:00:00,0.996794035125854
2013-08-14 00:00:00,0.9959356126025969
2013-08-15 00:00:00,1.0034356491669976
2013-08-16 00:00:00,1.0053281119130963
2013-08-19 00:00:00,1.0100772632081414
2013-08-20 00:00:00,1.0058860373777803
2013-08-21 00:00:00,1.0118519263881174
2013-08-22 00:00:00,1.0063381595628738
2013-08-23 00:00:00,1.0004011796192678
2013-08-26 00:00:00,0.9976382980633799
2013-08-27 00:00:00,0.9906432853238679
2013-08-28 00:00:00,0.9951808300597318
2013-08-29 00:00:00,0.9907250960303943
2013-08-30 00:00:00,0.9913479194214058
2013-09-03 00:00:00,1.000699513378642
2013-09-04 00:00:00,1.0019042548074018
2013-09-05 00:00:00,1.0095629962911883
2013-09-06 00:00:00,1.006853016375096
2013-09-09 00:00:00,1.0065765118895873
2013-09-10 00:00:00,1.0103734336683168
2013-09-11 00:00:00,1.0055473881604122
2013-09-12 00:00:00,1.0062760148310141
2013-09-13 00:00:00,1.00414795295267
2013-09-16 00:00:00,1.0077861698120136
2013-09-17 00:00:00,1.0032775341428808
2013-09-18 00:00:00,0.9964941279625501
2013-09-19 00:00:00,0.9997620333433266
2013-09-20 00:00:00,0.9968404468680528
2013-09-23 00:00:00,0.9927550243172825
2013-09-24 00:00:00,0.986712241094086
2013-09-25 00:00:00,0.9879925472251293
2013-09-26 00:00:00,0.9879925472251293
2013-09-27 00:00:00,0.9879925472251293
2013-09-30 00:00:00,0.9879925472251293
2013-10-01 00:00:00,0.9879925472251293
2013-10-02 00:00:00,0.9879925472251293
2013-10-03 00:00:00,0.9879925472251293
2013-10-04 00:00:00,0.9879925472251293
2013-10-07 00:00:00,0.9879925472251293
2013-10-08 00:00:00,0.9879925472251293
2013-10-09 00:00:00,0.9879925472251293
2013-10-10 00:00:00,0.9879925472251293
2013-10-11 00:00:00,0.9879925472251293
2013-10-14 00:00:00,0.9879925472251293
2013-10-15 00:00:00,0.9879925472251293
2013-10-16 00:00:00,0.9879925472251293
2013-10-17 00:00:00,0.9879925472251293
2013-10-18 00:00:00,0.9879925472251293
2013-10-21 00:00:00,0.9879925472251293
2013-10-22 00:00:00,0.9879925472251293
2013-10-23 00:00:00,0.9879925472251293
2013-10-24 00:00:00,0.9879925472251293
2013-10-25 00:00:00,0.9879925472251293
2013-10-28 00:00:00,0.9879925472251293
2013-10-29 00:00:00,0.9879925472251293
2013-10-30 00:00:00,0.9879925472251293
2013-10-31 00:00:00,0.9879925472251293
2013-11-01 00:00:00,0.9879925472251293
2013-11-04 00:00:00,0.9879925472251293
2013-11-05 00:00:00,0.9879925472251293
2013-11-06 00:00:00,0.9879925472251293
2013-11-07 00:00:00,0.9879925472251293
2013-11-08 00:00:00,0.9879925472251293
2013-11-11 00:00:00,0.9879925472251293
2013-11-12 00:00:00,0.9879925472251293
2013-11-13 00:00:00,0.9879925472251293
2013-11-14 00:00:00,0.9879925472251293
2013-11-15 00:00:00,0.9879925472251293
2013-11-18 00:00:00,0.9879925472251293
2013-11-19 00:00:00,0.9879925472251293
2013-11-20 00:00:00,0.9879925472251293
2013-11-21 00:00:00,0.9879925472251293
2013-11-22 00:00:00,0.9879925472251293
2013-11-25 00:00:00,0.9879925472251293
2013-11-26 00:00:00,0.9879925472251293
2013-11-27 00:00:00,0.9879925472251293
2013-11-29 00:00:00,0.9879925472251293
2013-12-02 00:00:00,0.9879925472251293
2013-12-03 00:00:00,0.9879925472251293
2013-12-04 00:00:00,0.9879925472251293
2013-12-05 00:00:00,0.9879925472251293
2013-12-06 00:00:00,0.9879925472251293
2013-12-09 00:00:00,0.9879925472251293
2013-12-10 00:00:00,0.9879925472251293
2013-12-11 00:00:00,0.9879925472251293
2013-12-12 00:00:00,0.9879925472251293
2013-12-13 00:00:00,0.9879925472251293
2013-12-16 00:00:00,0.9879925472251293
2013-12-17 00:00:00,0.9879925472251293
2013-12-18 00:00:00,0.9879925472251293
2013-12-19 00:00:00,0.9879925472251293
2013-12-20 00:00:00,0.9879925472251293
2013-12-23 00:00:00,0.9879925472251293
2013-12-24 00:00:00,0.9879925472251293
2013-12-26 00:00:00,0.9879925472251293
2013-12-27 00:00:00,0.9879925472251293
2013-12-30 00:00:00,0.9879925472251293
2013-12-31 00:00:00,0.9879925472251293
2014-01-02 00:00:00,0.9879925472251293
2014-01-03 00:00:00,0.9879925472251293
2014-01-06 00:00:00,0.9879925472251293
2014-01-07 00:00:00,0.9879925472251293
2014-01-08 00:00:00,0.9879925472251293
2014-01-09 00:00:00,0.9879925472251293
2014-01-10 00:00:00,0.9879925472251293
2014-01-13 00:00:00,0.9879925472251293
2014-01-14 00:00:00,0.9879925472251293
2014-01-15 00:00:00,0.9879925472251293
2014-01-16 00:00:00,0.9879925472251293
2014-01-17 00:00:00,0.9879925472251293
2014-01-21 00:00:00,0.9879925472251293
2014-01-22 00:00:00,0.9879925472251293
2014-01-23 00:00:00,0.9879925472251293
2014-01-24 00:00:00,0.9879925472251293
2014-01-27 00:00:00,0.9879925472251293
2014-01-28 00:00:00,0.9879925472251293
2014-01-29 00:00:00,0.9879925472251293
2014-01-30 00:00:00,0.9879925472251293
2014-01-31 00:00:00,0.9879925472251293
2014-02-03 00:00:00,0.9879925472251293
2014-02-04 00:00:00,0.9879925472251293
2014-02-05 00:00:00,0.9879925472251293
2014-02-06 00:00:00,0.9879925472251293
2014-02-07 00:00:00,0.9879925472251293
2014-02-10 00:00:00,0.9879925472251293
2014-02-11 00:00:00,0.9879925472251293
2014-02-12 00:00:00,0.9879925472251293
2014-02-13 00:00:00,0.9879925472251293
2014-02-14 00:00:00,0.9879925472251293
2014-02-18 00:00:00,0.9879925472251293
2014-02-19 00:00:00,0.9879925472251293
2014-02-20 00:00:00,0.9879925472251293
2014-02-21 00:00:00,0.9879925472251293
2014-02-24 00:00:00,0.9879925472251293
2014-02-25 00:00:00,0.9879925472251293
2014-02-26 00:00:00,0.9879925472251293
2014-02-27 00:00:00,0.9879925472251293
2014-02-28 00:00:00,0.9879925472251293
2014-03-03 00:00:00,0.9879925472251293
2014-03-04 00:00:00,0.9879925472251293
2014-03-05 00:00:00,0.9879925472251293
2014-03-06 00:00:00,0.9879925472251293
2014-03-07 00:00:00,0.9879925472251293
2014-03-10 00:00:00,0.9879925472251293
2014-03-11 00:00:00,0.9879925472251293
2014-03-12 00:00:00,0.9879925472251293
2014-03-13 00:00:00,0.9879925472251293
2014-03-14 00:00:00,0.9879925472251293
2014-03-17 00:00:00,0.9879925472251293
2014-03-18 00:00:00,0.9879925472251293
2014-03-19 00:00:00,0.9879925472251293
2014-03-20 00:00:00,0.9879925472251293
2014-03-21 00:00:00,0.9879925472251293
2014-03-24 00:00:00,0.9879925472251293
2014-03-25 00:00:00,0.9879925472251293
2014-03-26 00:00:00,0.9879925472251293
2014-03-27 00:00:00,0.9879925472251293
2014-03-28 00:00:00,0.9879925472251293
2014-03-31 00:00:00,0.9879925472251293
2014-04-01 00:00:00,0.9879925472251293
2014-04-02 00:00:00,0.9879925472251293
2014-04-03 00:00:00,0.9879925472251293
2014-04-04 00:00:00,0.9879925472251293
2014-04-07 00:00:00,0.9879925472251293
2014-04-08 00:00:00,0.9879925472251293
2014-04-09 00:00:00,0.9879925472251293
2014-04-10 00:00:00,0.9879925472251293
2014-04-11 00:00:00,0.9879925472251293
2014-04-14 00:00:00,0.9879925472251293
2014-04-15 00:00:00,0.9879925472251293
2014-04-16 00:00:00,0.9879925472251293
2014-04-17 00:00:00,0.9879925472251293
2014-04-21 00:00:00,0.9879925472251293
2014-04-22 00:00:00,0.9879925472251293
2014-04-23 00:00:00,0.9879925472251293
2014-04-24 00:00:00,0.9879925472251293
2014-04-25 00:00:00,0.9879925472251293
2014-04-28 00:00:00,0.9879925472251293
2014-04-29 00:00:00,0.9879925472251293
2014-04-30 00:00:00,0.9879925472251293
2014-05-01 00:00:00,0.9879925472251293
2014-05-02 00:00:00,0.9879925472251293
2014-05-05 00:00:00,0.9879925472251293
2014-05-06 00:00:00,0.9879925472251293
2014-05-07 00:00:00,0.9879925472251293
2014-05-08 00:00:00,0.9879925472251293
2014-05-09 00:00:00,0.9879925472251293
2014-05-12 00:00:00,0.9879925472251293
2014-05-13 00:00:00,0.9879925472251293
2014-05-14 00:00:00,0.9879925472251293
2014-05-15 00:00:00,0.9879925472251293
2014-05-16 00:00:00,0.9879925472251293
2014-05-19 00:00:00,0.9879925472251293
2014-05-20 00:00:00,0.9879925472251293
2014-05-21 00:00:00,0.9879925472251293
2014-05-22 00:00:00,0.9879925472251293
2014-05-23 00:00:00,0.9879925472251293
2014-05-27 00:00:00,0.9879925472251293
2014-05-28 00:00:00,0.9879925472251293
2014-05-29 00:00:00,0.9879925472251293
2014-05-30 00:00:00,0.9879925472251293
2014-06-02 00:00:00,0.9879925472251293
2014-06-03 00:00:00,0.9879925472251293
2014-06-04 00:00:00,0.9879925472251293
2014-06-05 00:00:00,0.9879925472251293
2014-06-06 00:00:00,0.9879925472251293
2014-06-09 00:00:00,0.9879925472251293
2014-06-10 00:00:00,0.9879925472251293
2014-06-11 00:00:00,0.9879925472251293
2014-06-12 00:00:00,0.9879925472251293
2014-06-13 00:00:00,0.9879925472251293
2014-06-16 00:00:00,0.9879925472251293
2014-06-17 00:00:00,0.9879925472251293
2014-06-18 00:00:00,0.9879925472251293
2014-06-19 00:00:00,0.9879925472251293
2014-06-20 00:00:00,0.9879925472251293
2014-06-23 00:00:00,0.9879925472251293
2014-06-24 00:00:00,0.9879925472251293
2014-06-25 00:00:00,0.9879925472251293
2014-06-26 00:00:00,0.9879925472251293
2014-06-27 00:00:00,0.9879925472251293
2014-06-30 00:00:00,0.9879925472251293
2014-07-01 00:00:00,0.9879925472251293
2014-07-02 00:00:00,0.9879925472251293
2014-07-03 00:00:00,0.9879925472251293
2014-07-07 00:00:00,0.9879925472251293
2014-07-08 00:00:00,0.9879925472251293
2014-07-09 00:00:00,0.9879925472251293
2014-07-10 00:00:00,0.9879925472251293
2014-07-11 00:00:00,0.9879925472251293
2014-07-14 00:00:00,0.9879925472251293
2014-07-15 00:00:00,0.9879925472251293
2014-07-16 00:00:00,0.9879925472251293
2014-07-17 00:00:00,0.9879925472251293
2014-07-18 00:00:00,0.9879925472251293
2014-07-21 00:00:00,0.9879925472251293
2014-07-22 00:00:00,0.9879925472251293
2014-07-23 00:00:00,0.9879925472251293
2014-07-24 00:00:00,0.9879925472251293
2014-07-25 00:00:00,0.9879925472251293
2014-07-28 00:00:00,0.9879925472251293
2014-07-29 00:00:00,0.9879925472251293
2014-07-30 00:00:00,0.9879925472251293
2014-07-31 00:00:00,0.9879925472251293
2014-08-01 00:00:00,0.9879925472251293
2014-08-04 00:00:00,0.9879925472251293
2014-08-05 00:00:00,0.9879925472251293
2014-08-06 00:00:00,0.9879925472251293
2014-08-07 00:00:00,0.9879925472251293
2014-08-08 00:00:00,0.9879925472251293
2014-08-11 00:00:00,0.9879925472251293
2014-08-12 00:00:00,0.9879925472251293
2014-08-13 00:00:00,0.9879925472251293
2014-08-14 00:00:00,0.9879925472251293
2014-08-15 00:00:00,0.9879925472251293
2014-08-18 00:00:00,0.9879925472251293
2014-08-19 00:00:00,0.9879925472251293
2014-08-20 00:00:00,0.9879925472251293
2014-08-21 00:00:00,0.9879925472251293
2014-08-22 00:00:00,0.9879925472251293
2014-08-25 00:00:00,0.9879925472251293
2014-08-26 00:00:00,0.9879925472251293
2014-08-27 00:00:00,0.9879925472251293
2014-08-28 00:00:00,0.9879925472251293
2014-08-29 00:00:00,0.9879925472251293
2014-09-02 00:00:00,0.9879925472251293
2014-09-03 00:00:00,0.9879925472251293
2014-09-04 00:00:00,0.9879925472251293
2014-09-05 00:00:00,0.9879925472251293
2014-09-08 00:00:00,0.9879925472251293
2014-09-09 00:00:00,0.9879925472251293
2014-09-10 00:00:00,0.9879925472251293
2014-09-11 00:00:00,0.9879925472251293
2014-09-12 00:00:00,0.9879925472251293
2014-09-15 00:00:00,0.9879925472251293
2014-09-16 00:00:00,0.9879925472251293
2014-09-17 00:00:00,0.9879925472251293
2014-09-18 00:00:00,0.9879925472251293
2014-09-19 00:00:00,0.9879925472251293
2014-09-22 00:00:00,0.9879925472251293
2014-09-23 00:00:00,0.9879925472251293
2014-09-24 00:00:00,0.9879925472251293
2014-09-25 00:00:00,0.9879925472251293
2014-09-26 00:00:00,0.9879925472251293
2014-09-29 00:00:00,0.9879925472251293
2014-09-30 00:00:00,0.9879925472251293
2014-10-01 00:00:00,0.9879925472251293
2014-10-02 00:00:00,0.9879925472251293
2014-10-03 00:00:00,0.9879925472251293
2014-10-06 00:00:00,0.9879925472251293
2014-10-07 00:00:00,0.9879925472251293
2014-10-08 00:00:00,0.9879925472251293
2014-10-09 00:00:00,0.9879925472251293
2014-10-10 00:00:00,0.9879925472251293
2014-10-13 00:00:00,0.9879925472251293
2014-10-14 00:00:00,0.9879925472251293
2014-10-15 00:00:00,0.9879925472251293
2014-10-16 00:00:00,0.9879925472251293
2014-10-17 00:00:00,0.9879925472251293
2014-10-20 00:00:00,0.9879925472251293
2014-10-21 00:00:00,0.9879925472251293
2014-10-22 00:00:00,0.9879925472251293
2014-10-23 00:00:00,0.9879925472251293
2014-10-24 00:00:00,0.9879925472251293
2014-10-27 00:00:00,0.9879925472251293
2014-10-28 00:00:00,0.9879925472251293
2014-10-29 00:00:00,0.9879925472251293
2014-10-30 00:00:00,0.9879925472251293
2014-10-31 00:00:00,0.9879925472251293
2014-11-03 00:00:00,0.9879925472251293
2014-11-04 00:00:00,0.9879925472251293
2014-11-05 00:00:00,0.9879925472251293
2014-11-06 00:00:00,0.9879925472251293
2014-11-07 00:00:00,0.9879925472251293
2014-11-10 00:00:00,0.9879925472251293
2014-11-11 00:00:00,0.9879925472251293
2014-11-12 00:00:00,0.9879925472251293
2014-11-13 00:00:00,0.9879925472251293
2014-11-14 00:00:00,0.9879925472251293
2014-11-17 00:00:00,0.9879925472251293
2014-11-18 00:00:00,0.9879925472251293
2014-11-19 00:00:00,0.9879925472251293
2014-11-20 00:00:00,0.9879925472251293
2014-11-21 00:00:00,0.9879925472251293
2014-11-24 00:00:00,0.9879925472251293
2014-11-25 00:00:00,0.9879925472251293
2014-11-26 00:00:00,0.9879925472251293
2014-11-28 00:00:00,0.9879925472251293
2014-12-01 00:00:00,0.9879925472251293
2014-12-02 00:00:00,0.9879925472251293
2014-12-03 00:00:00,0.9879925472251293
2014-12-04 00:00:00,0.9879925472251293
2014-12-05 00:00:00,0.9879925472251293
2014-12-08 00:00:00,0.9879925472251293
2014-12-09 00:00:00,0.9879925472251293
2014-12-10 00:00:00,0.9879925472251293
2014-12-11 00:00:00,0.9879925472251293
2014-12-12 00:00:00,0.9879925472251293
2014-12-15 00:00:00,0.9879925472251293
2014-12-16 00:00:00,0.9879925472251293
2014-12-17 00:00:00,0.9879925472251293
2014-12-18 00:00:00,0.9879925472251293
2014-12-19 00:00:00,0.9879925472251293
2014-12-22 00:00:00,0.9879925472251293
2014-12-23 00:00:00,0.9879925472251293
2014-12-24 00:00:00,0.9879925472251293
2014-12-26 00:00:00,0.9879925472251293
2014-12-29 00:00:00,0.9879925472251293
2014-12-30 00:00:00,0.9879925472251293
2014-12-31 00:00:00,0.9879925472251293
2015-01-02 00:00:00,0.9879925472251293
2015-01-05 00:00:00,0.9879925472251293
2015-01-06 00:00:00,0.9879925472251293
2015-01-07 00:00:00,0.9879925472251293
2015-01-08 00:00:00,0.9879925472251293
2015-01-09 00:00:00,0.9879925472251293
2015-01-12 00:00:00,0.9879925472251293
2015-01-13 00:00:00,0.9879925472251293
2015-01-14 00:00:00,0.9879925472251293
2015-01-15 00:00:00,0.9879925472251293
2015-01-16 00:00:00,0.9879925472251293
2015-01-20 00:00:00,0.9879925472251293
2015-01-21 00:00:00,0.9879925472251293
2015-01-22 00:00:00,0.9879925472251293
2015-01-23 00:00:00,0.9879925472251293
2015-01-26 00:00:00,0.9879925472251293
2015-01-27 00:00:00,0.9879925472251293
2015-01-28 00:00:00,0.9879925472251293
2015-01-29 00:00:00,0.9879925472251293
2015-01-30 00:00:00,0.9879925472251293
2015-02-02 00:00:00,0.9879925472251293
2015-02-03 00:00:00,0.9879925472251293
2015-02-04 00:00:00,0.9879925472251293
2015-02-05 00:00:00,0.9879925472251293
2015-02-06 00:00:00,0.9879925472251293
2015-02-09 00:00:00,0.9879925472251293
2015-02-10 00:00:00,0.9879925472251293
2015-02-11 00:00:00,0.9879925472251293
2015-02-12 00:00:00,0.9879925472251293
2015-02-13 00:00:00,0.9879925472251293
2015-02-17 00:00:00,0.9879925472251293
2015-02-18 00:00:00,0.9879925472251293
2015-02-19 00:00:00,0.9879925472251293
2015-02-20 00:00:00,0.9879925472251293
2015-02-23 00:00:00,0.9879925472251293
2015-02-24 00:00:00,0.9879925472251293
2015-02-25 00:00:00,0.9879925472251293
2015-02-26 00:00:00,0.9879925472251293
2015-02-27 00:00:00,0.9879925472251293
2015-03-02 00:00:00,0.9879925472251293
2015-03-03 00:00:00,0.9879925472251293
2015-03-04 00:00:00,0.9879925472251293
2015-03-05 00:00:00,0.9879925472251293
2015-03-06 00:00:00,0.9879925472251293
2015-03-09 00:00:00,0.9879925472251293
2015-03-10 00:00:00,0.9879925472251293
2015-03-11 00:00:00,0.9879925472251293
2015-03-12 00:00:00,0.9879925472251293
2015-03-13 00:00:00,0.9879925472251293
2015-03-16 00:00:00,0.9879925472251293
2015-03-17 00:00:00,0.9879925472251293
2015-03-18 00:00:00,0.9879925472251293
2015-03-19 00:00:00,0.9879925472251293
2015-03-20 00:00:00,0.9879925472251293
2015-03-23 00:00:00,0.9879925472251293
2015-03-24 00:00:00,0.9879925472251293
2015-03-25 00:00:00,0.9879925472251293
2015-03-26 00:00:00,0.9879925472251293
2015-03-27 00:00:00,0.9879925472251293
2015-03-30 00:00:00,0.9879925472251293
2015-03-31 00:00:00,0.9879925472251293
2015-04-01 00:00:00,0.9879925472251293
2015-04-02 00:00:00,0.9879925472251293
2015-04-06 00:00:00,0.9879925472251293
2015-04-07 00:00:00,0.9879925472251293
2015-04-08 00:00:00,0.9879925472251293
2015-04-09 00:00:00,0.9879925472251293
2015-04-10 00:00:00,0.9879925472251293
2015-04-13 00:00:00,0.9879925472251293
2015-04-14 00:00:00,0.9879925472251293
2015-04-15 00:00:00,0.9879925472251293
2015-04-16 00:00:00,0.9879925472251293
2015-04-17 00:00:00,0.9879925472251293
2015-04-20 00:00:00,0.9879925472251293
2015-04-21 00:00:00,0.9879925472251293
2015-04-22 00:00:00,0.9879925472251293
2015-04-23 00:00:00,0.9879925472251293
2015-04-24 00:00:00,0.9879925472251293
2015-04-27 00:00:00,0.9879925472251293
2015-04-28 00:00:00,0.9879925472251293
2015-04-29 00:00:00,0.9879925472251293
2015-04-30 00:00:00,0.9879925472251293
2015-05-01 00:00:00,0.9879925472251293
2015-05-04 00:00:00,0.9879925472251293
2015-05-05 00:00:00,0.9879925472251293
2015-05-06 00:00:00,0.9879925472251293
2015-05-07 00:00:00,0.9879925472251293
2015-05-08 00:00:00,0.9879925472251293
2015-05-11 00:00:00,0.9879925472251293
2015-05-12 00:00:00,0.9879925472251293
2015-05-13 00:00:00,0.9879925472251293
2015-05-14 00:00:00,0.9879925472251293
2015-05-15 00:00:00,0.9824067018842256
2015-05-18 00:00:00,0.9918131339075139
2015-05-19 00:00:00,0.9966954928447811
2015-05-20 00:00:00,0.9957611863857353
2015-05-21 00:00:00,0.9880869343087396
2015-05-22 00:00:00,0.9878450880159215
2015-05-26 00:00:00,0.978324275495652
2015-05-27 00:00:00,0.9770206569479515
2015-05-28 00:00:00,0.9783945510429981
2015-05-29 00:00:00,0.9771370965063795
2015-06-01 00:00:00,0.9844199840199027
2015-06-02 00:00:00,0.9922106756553263
2015-06-03 00:00:00,1.0010631395456324
2015-06-04 00:00:00,0.9939890196127008
2015-06-05 00:00:00,1.00067177498216
2015-06-08 00:00:00,1.0012608808888153
2015-06-09 00:00:00,1.0055431076820183
2015-06-10 00:00:00,1.0102408105749583
2015-06-11 00:00:00,0.9990119296446601
2015-06-12 00:00:00,0.9989085753850877
2015-06-15 00:00:00,0.9981127609592875
2015-06-16 00:00:00,0.9938546457023486
2015-06-17 00:00:00,0.998044544473388
2015-06-18 00:00:00,1.000572538845481
2015-06-19 00:00:00,0.9937292389679585
2015-06-22 00:00:00,1.0049360674234389
2015-06-23 00:00:00,1.0081565219617596
2015-06-24 00:00:00,1.003529094616166
2015-06-25 00:00:00,1.0054107928331129
2015-06-26 00:00:00,1.0114472520474262
2015-06-29 00:00:00,0.9976793505076266
2015-06-30 00:00:00,1.0008074770237834
2015-07-01 00:00:00,1.0096137769030078
2015-07-02 00:00:00,1.0075253701669158
2015-07-06 00:00:00,0.9979122296244824
2015-07-07 00:00:00,0.9927769981569885
2015-07-08 00:00:00,0.9890352181311979
2015-07-09 00:00:00,0.9890352181311979
2015-07-10 00:00:00,0.9890352181311979
2015-07-13 00:00:00,0.9890352181311979
2015-07-14 00:00:00,0.9890352181311979
2015-07-15 00:00:00,0.9890352181311979
2015-07-16 00:00:00,0.9890352181311979
2015-07-17 00:00:00,0.9890352181311979
2015-07-20 00:00:00,0.9890352181311979
2015-07-21 00:00:00,0.9890352181311979
2015-07-22 00:00:00,0.9890352181311979
2015-07-23 00:00:00,0.9890352181311979
2015-07-24 00:00:00,0.9890352181311979
2015-07-27 00:00:00,0.9890352181311979
2015-07-28 00:00:00,0.9890352181311979
2015-07-29 00:00:00,0.9890352181311979
2015-07-30 00:00:00,0.9890352181311979
2015-07-31 00:00:00,0.9890352181311979
2015-08-03 00:00:00,0.9890352181311979
2015-08-04 00:00:00,0.9890352181311979
2015-08-05 00:00:00,0.9890352181311979
2015-08-06 00:00:00,0.9890352181311979
2015-08-07 00:00:00,0.9890352181311979
2015-08-10 00:00:00,0.9890352181311979
2015-08-11 00:00:00,0.9890352181311979
2015-08-12 00:00:00,0.9890352181311979
2015-08-13 00:00:00,0.9890352181311979
2015-08-14 00:00:00,0.9890352181311979
2015-08-17 00:00:00,0.9890352181311979
2015-08-18 00:00:00,0.9890352181311979
2015-08-19 00:00:00,0.9890352181311979
2015-08-20 00:00:00,0.9890352181311979
2015-08-21 00:00:00,0.9890352181311979
2015-08-24 00:00:00,0.9890352181311979
2015-08-25 00:00:00,0.9890352181311979
2015-08-26 00:00:00,0.9890352181311979
2015-08-27 00:00:00,0.9890352181311979
2015-08-28 00:00:00,0.9890352181311979
2015-08-31 00:00:00,0.9890352181311979
2015-09-01 00:00:00,0.9890352181311979
2015-09-02 00:00:00,0.9890352181311979
2015-09-03 00:00:00,0.9890352181311979
2015-09-04 00:00:00,0.9890352181311979
2015-09-08 00:00:00,0.9890352181311979
2015-09-09 00:00:00,0.9890352181311979
2015-09-10 00:00:00,0.9890352181311979
2015-09-11 00:00:00,0.9890352181311979
2015-09-14 00:00:00,0.9890352181311979
2015-09-15 00:00:00,0.9890352181311979
2015-09-16 00:00:00,0.9890352181311979
2015-09-17 00:00:00,0.9890352181311979
2015-09-18 00:00:00,0.9890352181311979
2015-09-21 00:00:00,0.9890352181311979
2015-09-22 00:00:00,0.9890352181311979
2015-09-23 00:00:00,0.9890352181311979
2015-09-24 00:00:00,0.9890352181311979
2015-09-25 00:00:00,0.9890352181311979
2015-09-28 00:00:00,0.9890352181311979
2015-09-29 00:00:00,0.9890352181311979
2015-09-30 00:00:00,0.9890352181311979
2015-10-01 00:00:00,0.9890352181311979
2015-10-02 00:00:00,0.9890352181311979
2015-10-05 00:00:00,0.9890352181311979
2015-10-06 00:00:00,0.9890352181311979
2015-10-07 00:00:00,0.9890352181311979
2015-10-08 00:00:00,0.9890352181311979
2015-10-09 00:00:00,0.9890352181311979
2015-10-12 00:00:00,0.9890352181311979
2015-10-13 00:00:00,0.9890352181311979
2015-10-14 00:00:00,0.9890352181311979
2015-10-15 00:00:00,0.9890352181311979
2015-10-16 00:00:00,0.9890352181311979
2015-10-19 00:00:00,0.9890352181311979
2015-10-20 00:00:00,0.9890352181311979
2015-10-21 00:00:00,0.9890352181311979
2015-10-22 00:00:00,0.9890352181311979
2015-10-23 00:00:00,0.9890352181311979
2015-10-26 00:00:00,0.9890352181311979
2015-10-27 00:00:00,0.9890352181311979
2015-10-28 00:00:00,0.9890352181311979
2015-10-29 00:00:00,0.9890352181311979
2015-10-30 00:00:00,0.9890352181311979
2015-11-02 00:00:00,0.9890352181311979
2015-11-03 00:00:00,0.9890352181311979
2015-11-04 00:00:00,0.9890352181311979
2015-11-05 00:00:00,0.9890352181311979
2015-11-06 00:00:00,0.9890352181311979
2015-11-09 00:00:00,0.9890352181311979
2015-11-10 00:00:00,0.9890352181311979
2015-11-11 00:00:00,0.9890352181311979
2015-11-12 00:00:00,0.9890352181311979
2015-11-13 00:00:00,0.9890352181311979
2015-11-16 00:00:00,0.9890352181311979
2015-11-17 00:00:00,0.9890352181311979
2015-11-18 00:00:00,0.9890352181311979
2015-11-19 00:00:00,0.9890352181311979
2015-11-20 00:00:00,0.9890352181311979
2015-11-23 00:00:00,0.9890352181311979
2015-11-24 00:00:00,0.9890352181311979
2015-11-25 00:00:00,0.9890352181311979
2015-11-27 00:00:00,0.9890352181311979
2015-11-30 00:00:00,0.9890352181311979
2015-12-01 00:00:00,0.9890352181311979
2015-12-02 00:00:00,0.9890352181311979
2015-12-03 00:00:00,0.9890352181311979
2015-12-04 00:00:00,0.9890352181311979
2015-12-07 00:00:00,0.9890352181311979
2015-12-08 00:00:00,0.9890352181311979
2015-12-09 00:00:00,0.9890352181311979
2015-12-10 00:00:00,0.9890352181311979
2015-12-11 00:00:00,0.9890352181311979
2015-12-14 00:00:00,0.9890352181311979
2015-12-15 00:00:00,0.9890352181311979
2015-12-16 00:00:00,0.9890352181311979
2015-12-17 00:00:00,0.9890352181311979
2015-12-18 00:00:00,0.9890352181311979
2015-12-21 00:00:00,0.9890352181311979
2015-12-22 00:00:00,0.9890352181311979
2015-12-23 00:00:00,0.9890352181311979
2015-12-24 00:00:00,0.9890352181311979
2015-12-28 00:00:00,0.9890352181311979
2015-12-29 00:00:00,0.9890352181311979
2015-12-30 00:00:00,0.9890352181311979
2015-12-31 00:00:00,0.9890352181311979
2016-01-04 00:00:00,0.9890352181311979
2016-01-05 00:00:00,0.9890352181311979
2016-01-06 00:00:00,0.9890352181311979
2016-01-07 00:00:00,0.9890352181311979
2016-01-08 00:00:00,0.9890352181311979
2016-01-11 00:00:00,0.9890352181311979
2016-01-12 00:00:00,0.9890352181311979
2016-01-13 00:00:00,0.9890352181311979
2016-01-14 00:00:00,0.9890352181311979
2016-01-15 00:00:00,0.9890352181311979
2016-01-19 00:00:00,0.9890352181311979
2016-01-20 00:00:00,0.9890352181311979
2016-01-21 00:00:00,0.9890352181311979
2016-01-22 00:00:00,0.9890352181311979
2016-01-25 00:00:00,0.9890352181311979
2016-01-26 00:00:00,0.9890352181311979
2016-01-27 00:00:00,0.9890352181311979
2016-01-28 00:00:00,0.9890352181311979
2016-01-29 00:00:00,0.9890352181311979
2016-02-01 00:00:00,0.9890352181311979
2016-02-02 00:00:00,0.9890352181311979
2016-02-03 00:00:00,0.9890352181311979
2016-02-04 00:00:00,0.9890352181311979
2016-02-05 00:00:00,0.9890352181311979
2016-02-08 00:00:00,0.9890352181311979
2016-02-09 00:00:00,0.9890352181311979
2016-02-10 00:00:00,0.9890352181311979
2016-02-11 00:00:00,0.9890352181311979
2016-02-12 00:00:00,0.9890352181311979
2016-02-16 00:00:00,0.9890352181311979
2016-02-17 00:00:00,0.9890352181311979
2016-02-18 00:00:00,0.9890352181311979
2016-02-19 00:00:00,0.9890352181311979
2016-02-22 00:00:00,0.9890352181311979
2016-02-23 00:00:00,0.9890352181311979
2016-02-24 00:00:00,0.9890352181311979
2016-02-25 00:00:00,0.9890352181311979
2016-02-26 00:00:00,0.9890352181311979
2016-02-29 00:00:00,0.9890352181311979
2016-03-01 00:00:00,0.9890352181311979
2016-03-02 00:00:00,0.9890352181311979
2016-03-03 00:00:00,0.9890352181311979
2016-03-04 00:00:00,0.9890352181311979
2016-03-07 00:00:00,0.9890352181311979
2016-03-08 00:00:00,0.9890352181311979
2016-03-09 00:00:00,0.9890352181311979
2016-03-10 00:00:00,0.9890352181311979
2016-03-11 00:00:00,0.9890352181311979
2016-03-14 00:00:00,0.9890352181311979
2016-03-15 00:00:00,0.9890352181311979
2016-03-16 00:00:00,0.9890352181311979
2016-03-17 00:00:00,0.9890352181311979
2016-03-18 00:00:00,0.9890352181311979
2016-03-21 00:00:00,0.9890352181311979
2016-03-22 00:00:00,0.9890352181311979
2016-03-23 00:00:00,0.9890352181311979
2016-03-24 00:00:00,0.9890352181311979
2016-03-28 00:00:00,0.9890352181311979
2016-03-29 00:00:00,0.9890352181311979
2016-03-30 00:00:00,0.9890352181311979
2016-03-31 00:00:00,0.9890352181311979
2016-04-01 00:00:00,0.9890352181311979
2016-04-04 00:00:00,0.9890352181311979
2016-04-05 00:00:00,0.9890352181311979
2016-04-06 00:00:00,0.9890352181311979
2016-04-07 00:00:00,0.9890352181311979
2016-04-08 00:00:00,0.9890352181311979
2016-04-11 00:00:00,0.9890352181311979
2016-04-12 00:00:00,0.9890352181311979
2016-04-13 00:00:00,0.9890352181311979
2016-04-14 00:00:00,0.9890352181311979
2016-04-15 00:00:00,0.9890352181311979
2016-04-18 00:00:00,0.9890352181311979
2016-04-19 00:00:00,0.9890352181311979
2016-04-20 00:00:00,0.9890352181311979
2016-04-21 00:00:00,0.9890352181311979
2016-04-22 00:00:00,0.9890352181311979
2016-04-25 00:00:00,0.9890352181311979
2016-04-26 00:00:00,0.9890352181311979
2016-04-27 00:00:00,0.9890352181311979
2016-04-28 00:00:00,0.9890352181311979
2016-04-29 00:00:00,0.9890352181311979
2016-05-02 00:00:00,0.9890352181311979
2016-05-03 00:00:00,0.9890352181311979
2016-05-04 00:00:00,0.9890352181311979
2016-05-05 00:00:00,0.9890352181311979
2016-05-06 00:00:00,0.9890352181311979
2016-05-09 00:00:00,0.9890352181311979
2016-05-10 00:00:00,0.9890352181311979
2016-05-11 00:00:00,0.9890352181311979
2016-05-12 00:00:00,0.9890352181311979
2016-05-13 00:00:00,0.9890352181311979
2016-05-16 00:00:00,0.9890352181311979
2016-05-17 00:00:00,0.9890352181311979
2016-05-18 00:00:00,0.9890352181311979
2016-05-19 00:00:00,0.9890352181311979
2016-05-20 00:00:00,0.9890352181311979
2016-05-23 00:00:00,0.9890352181311979
2016-05-24 00:00:00,0.9890352181311979
2016-05-25 00:00:00,0.9890352181311979
2016-05-26 00:00:00,0.9890352181311979
2016-05-27 00:00:00,0.9890352181311979
2016-05-31 00:00:00,0.9890352181311979
2016-06-01 00:00:00,0.9890352181311979
2016-06-02 00:00:00,0.9890352181311979
2016-06-03 00:00:00,0.9890352181311979
2016-06-06 00:00:00,0.9890352181311979
2016-06-07 00:00:00,0.9890352181311979
2016-06-08 00:00:00,0.9890352181311979
2016-06-09 00:00:00,0.9890352181311979
2016-06-10 00:00:00,0.9890352181311979
2016-06-13 00:00:00,0.9890352181311979
2016-06-14 00:00:00,0.9890352181311979
2016-06-15 00:00:00,0.9890352181311979
2016-06-16 00:00:00,0.9890352181311979
2016-06-17 00:00:00,0.9890352181311979
2016-06-20 00:00:00,0.9890352181311979
2016-06-21 00:00:00,0.9890352181311979
2016-06-22 00:00:00,0.9890352181311979
2016-06-23 00:00:00,0.9890352181311979
2016-06-24 00:00:00,0.9890352181311979
2016-06-27 00:00:00,0.9890352181311979
2016-06-28 00:00:00,0.9890352181311979
2016-06-29 00:00:00,0.9890352181311979
2016-06-30 00:00:00,0.9890352181311979
2016-07-01 00:00:00,0.9890352181311979
2016-07-05 00:00:00,0.9890352181311979
2016-07-06 00:00:00,0.9890352181311979
2016-07-07 00:00:00,0.9890352181311979
2016-07-08 00:00:00,0.9890352181311979
2016-07-11 00:00:00,0.9890352181311979
2016-07-12 00:00:00,0.9890352181311979
2016-07-13 00:00:00,0.9890352181311979
2016-07-14 00:00:00,0.9890352181311979
2016-07-15 00:00:00,0.9890352181311979
2016-07-18 00:00:00,0.9890352181311979
2016-07-19 00:00:00,0.9890352181311979
2016-07-20 00:00:00,0.9890352181311979
2016-07-21 00:00:00,0.9890352181311979
2016-07-22 00:00:00,0.9890352181311979
2016-07-25 00:00:00,0.9890352181311979
2016-07-26 00:00:00,0.9890352181311979
2016-07-27 00:00:00,0.9890352181311979
2016-07-28 00:00:00,0.9890352181311979
2016-07-29 00:00:00,0.9890352181311979
2016-08-01 00:00:00,0.9890352181311979
2016-08-02 00:00:00,0.9890352181311979
2016-08-03 00:00:00,0.9890352181311979
2016-08-04 00:00:00,0.9890352181311979
2016-08-05 00:00:00,0.9890352181311979
2016-08-08 00:00:00,0.9890352181311979
2016-08-09 00:00:00,0.9890352181311979
2016-08-10 00:00:00,0.9890352181311979
2016-08-11 00:00:00,0.9890352181311979
2016-08-12 00:00:00,0.9890352181311979
2016-08-15 00:00:00,0.9890352181311979
2016-08-16 00:00:00,0.9890352181311979
2016-08-17 00:00:00,0.9890352181311979
2016-08-18 00:00:00,0.9890352181311979
2016-08-19 00:00:00,0.9890352181311979
2016-08-22 00:00:00,0.9890352181311979
2016-08-23 00:00:00,0.9890352181311979
2016-08-24 00:00:00,0.9890352181311979
2016-08-25 00:00:00,0.9890352181311979
2016-08-26 00:00:00,0.9890352181311979
2016-08-29 00:00:00,0.9890352181311979
2016-08-30 00:00:00,0.9890352181311979
2016-08-31 00:00:00,0.9890352181311979
2016-09-01 00:00:00,0.9890352181311979
2016-09-02 00:00:00,0.9890352181311979
2016-09-06 00:00:00,0.9890352181311979
2016-09-07 00:00:00,0.9890352181311979
2016-09-08 00:00:00,0.9890352181311979
2016-09-09 00:00:00,0.9890352181311979
2016-09-12 00:00:00,0.9890352181311979
2016-09-13 00:00:00,0.9890352181311979
2016-09-14 00:00:00,0.9890352181311979
2016-09-15 00:00:00,0.9890352181311979
2016-09-16 00:00:00,0.9890352181311979
2016-09-19 00:00:00,0.9890352181311979
2016-09-20 00:00:00,0.9890352181311979
2016-09-21 00:00:00,0.9890352181311979
2016-09-22 00:00:00,0.9890352181311979
2016-09-23 00:00:00,0.9890352181311979
2016-09-26 00:00:00,0.9890352181311979
2016-09-27 00:00:00,0.9890352181311979
2016-09-28 00:00:00,0.9890352181311979
2016-09-29 00:00:00,0.9890352181311979
2016-09-30 00:00:00,0.9890352181311979
2016-10-03 00:00:00,0.9890352181311979
2016-10-04 00:00:00,0.9890352181311979
2016-10-05 00:00:00,0.9890352181311979
2016-10-06 00:00:00,0.9890352181311979
2016-10-07 00:00:00,0.9890352181311979
2016-10-10 00:00:00,0.9890352181311979
2016-10-11 00:00:00,0.9890352181311979
2016-10-12 00:00:00,0.9890352181311979
2016-10-13 00:00:00,0.9890352181311979
2016-10-14 00:00:00,0.9890352181311979
2016-10-17 00:00:00,0.9890352181311979
2016-10-18 00:00:00,0.9890352181311979
2016-10-19 00:00:00,0.9890352181311979
2016-10-20 00:00:00,0.9890352181311979
2016-10-21 00:00:00,0.9904193347953082
2016-10-24 00:00:00,0.9942246721978291
2016-10-25 00:00:00,0.9919003500878613
2016-10-26 00:00:00,0.9978148176452167
2016-10-27 00:00:00,1.0072884423388557
2016-10-28 00:00:00,1.0091823805385576
2016-10-31 00:00:00,1.0038920941483536
2016-11-01 00:00:00,1.0054564807613626
2016-11-02 00:00:00,1.001682131669946
2016-11-03 00:00:00,1.008321612718026
2016-11-04 00:00:00,1.0005926445862943
2016-11-07 00:00:00,1.0079571391250985
2016-11-08 00:00:00,1.0114329249409264
2016-11-09 00:00:00,1.0477979591087079
2016-11-10 00:00:00,1.05990799649589
2016-11-11 00:00:00,1.0644383473891352
2016-11-14 00:00:00,1.0692323395517347
2016-11-15 00:00:00,1.0652602595083025
2016-11-16 00:00:00,1.057992663597941
2016-11-17 00:00:00,1.0699049700331078
2016-11-18 00:00:00,1.072194370136841
2016-11-21 00:00:00,1.0701995996135663
2016-11-22 00:00:00,1.0704457798798035
2016-11-23 00:00:00,1.0735261037915997
2016-11-25 00:00:00,1.0723222570763882
2016-11-28 00:00:00,1.066438777830137
2016-11-29 00:00:00,1.063059890642752
2016-11-30 00:00:00,1.0760926724726745
2016-12-01 00:00:00,1.0860276693876836
2016-12-02 00:00:00,1.0802760107761096
2016-12-05 00:00:00,1.081115383898394
2016-12-06 00:00:00,1.081691115751324
2016-12-07 00:00:00,1.0749508023796714
2016-12-08 00:00:00,1.0842926064386331
2016-12-09 00:00:00,1.0940298724016264
2016-12-12 00:00:00,1.0925623844170604
2016-12-13 00:00:00,1.0897766900857229
2016-12-14 00:00:00,1.0984593909712987
2016-12-15 00:00:00,1.0945532212452052
2016-12-16 00:00:00,1.0963153388102298
2016-12-19 00:00:00,1.087993177822451
2016-12-20 00:00:00,1.0918644255423102
2016-12-21 00:00:00,1.0884196280375869
2016-12-22 00:00:00,1.0918295035360759
2016-12-23 00:00:00,1.090230194916833
2016-12-27 00:00:00,1.0927173259725818
2016-12-28 00:00:00,1.0870315776783464
2016-12-29 00:00:00,1.0842458833470088
2016-12-30 00:00:00,1.083042036631797
2017-01-03 00:00:00,1.079663149444412
2017-01-04 00:00:00,1.07661381384372
2017-01-05 00:00:00,1.064205213180949
2017-01-06 00:00:00,1.0694381153287695
2017-01-09 00:00:00,1.0694381153287695
2017-01-10 00:00:00,1.0694381153287695
2017-01-11 00:00:00,1.0694381153287695
2017-01-12 00:00:00,1.0694381153287695
2017-01-13 00:00:00,1.0694381153287695
2017-01-17 00:00:00,1.0694381153287695
2017-01-18 00:00:00,1.0694381153287695
2017-01-19 00:00:00,1.0694381153287695
2017-01-20 00:00:00,1.0694381153287695
2017-01-23 00:00:00,1.0694381153287695
2017-01-24 00:00:00,1.0694381153287695
2017-01-25 00:00:00,1.0694381153287695
2017-01-26 00:00:00,1.0694381153287695
2017-01-27 00:00:00,1.0694381153287695
2017-01-30 00:00:00,1.0694381153287695
2017-01-31 00:00:00,1.0694381153287695
2017-02-01 00:00:00,1.0694381153287695
2017-02-02 00:00:00,1.0694381153287695
2017-02-03 00:00:00,1.0694381153287695
2017-02-06 00:00:00,1.0694381153287695
2017-02-07 00:00:00,1.0694381153287695
2017-02-08 00:00:00,1.0694381153287695
2017-02-09 00:00:00,1.0694381153287695
2017-02-10 00:00:00,1.0694381153287695
2017-02-13 00:00:00,1.0694381153287695
2017-02-14 00:00:00,1.0694381153287695
2017-02-15 00:00:00,1.0694381153287695
2017-02-16 00:00:00,1.0694381153287695
2017-02-17 00:00:00,1.0694381153287695
2017-02-21 00:00:00,1.0694381153287695
2017-02-22 00:00:00,1.0694381153287695
2017-02-23 00:00:00,1.0694381153287695
2017-02-24 00:00:00,1.0694381153287695
2017-02-27 00:00:00,1.0694381153287695
2017-02-28 00:00:00,1.0694381153287695
2017-03-01 00:00:00,1.0694381153287695
2017-03-02 00:00:00,1.0694381153287695
2017-03-03 00:00:00,1.0694381153287695
2017-03-06 00:00:00,1.0694381153287695
2017-03-07 00:00:00,1.0694381153287695
2017-03-08 00:00:00,1.0694381153287695
2017-03-09 00:00:00,1.0694381153287695
2017-03-10 00:00:00,1.0694381153287695
2017-03-13 00:00:00,1.0694381153287695
2017-03-14 00:00:00,1.0694381153287695
2017-03-15 00:00:00,1.0694381153287695
2017-03-16 00:00:00,1.0694381153287695
2017-03-17 00:00:00,1.0694381153287695
2017-03-20 00:00:00,1.0694381153287695
2017-03-21 00:00:00,1.0694381153287695
2017-03-22 00:00:00,1.0694381153287695
2017-03-23 00:00:00,1.0694381153287695
2017-03-24 00:00:00,1.0694381153287695
2017-03-27 00:00:00,1.0694381153287695
2017-03-28 00:00:00,1.0694381153287695
2017-03-29 00:00:00,1.0694381153287695
2017-03-30 00:00:00,1.0694381153287695
2017-03-31 00:00:00,1.0694381153287695
2017-04-03 00:00:00,1.0694381153287695
2017-04-04 00:00:00,1.0694381153287695
2017-04-05 00:00:00,1.0694381153287695
2017-04-06 00:00:00,1.0694381153287695
2017-04-07 00:00:00,1.0694381153287695
2017-04-10 00:00:00,1.0694381153287695
2017-04-11 00:00:00,1.0694381153287695
2017-04-12 00:00:00,1.0694381153287695
2017-04-13 00:00:00,1.0694381153287695
2017-04-17 00:00:00,1.0694381153287695
2017-04-18 00:00:00,1.0694381153287695
2017-04-19 00:00:00,1.0694381153287695
2017-04-20 00:00:00,1.0694381153287695
2017-04-21 00:00:00,1.0694381153287695
2017-04-24 00:00:00,1.0694381153287695
2017-04-25 00:00:00,1.0694381153287695
2017-04-26 00:00:00,1.0694381153287695
2017-04-27 00:00:00,1.0694381153287695
2017-04-28 00:00:00,1.0694381153287695
2017-05-01 00:00:00,1.0694381153287695
2017-05-02 00:00:00,1.0694381153287695
2017-05-03 00:00:00,1.0694381153287695
2017-05-04 00:00:00,1.0694381153287695
2017-05-05 00:00:00,1.0694381153287695
2017-05-08 00:00:00,1.0694381153287695
2017-05-09 00:00:00,1.0694381153287695
2017-05-10 00:00:00,1.0694381153287695
2017-05-11 00:00:00,1.0694381153287695
2017-05-12 00:00:00,1.0694381153287695
2017-05-15 00:00:00,1.0694381153287695
2017-05-16 00:00:00,1.0694381153287695
2017-05-17 00:00:00,1.0694381153287695
2017-05-18 00:00:00,1.0694381153287695
2017-05-19 00:00:00,1.0694381153287695
2017-05-22 00:00:00,1.0694381153287695
2017-05-23 00:00:00,1.0694381153287695
2017-05-24 00:00:00,1.0694381153287695
2017-05-25 00:00:00,1.0694381153287695
2017-05-26 00:00:00,1.0694381153287695
2017-05-30 00:00:00,1.0694381153287695
2017-05-31 00:00:00,1.0694381153287695
2017-06-01 00:00:00,1.0694381153287695
2017-06-02 00:00:00,1.0694381153287695
2017-06-05 00:00:00,1.0694381153287695
2017-06-06 00:00:00,1.0694381153287695
2017-06-07 00:00:00,1.0694381153287695
2017-06-08 00:00:00,1.0694381153287695
2017-06-09 00:00:00,1.0694381153287695
2017-06-12 00:00:00,1.0694381153287695
2017-06-13 00:00:00,1.0694381153287695
2017-06-14 00:00:00,1.0694381153287695
2017-06-15 00:00:00,1.0694381153287695
2017-06-16 00:00:00,1.0694381153287695
2017-06-19 00:00:00,1.0694381153287695
2017-06-20 00:00:00,1.0694381153287695
2017-06-21 00:00:00,1.0694381153287695
2017-06-22 00:00:00,1.0694381153287695
2017-06-23 00:00:00,1.0694381153287695
2017-06-26 00:00:00,1.0694381153287695
2017-06-27 00:00:00,1.0694381153287695
2017-06-28 00:00:00,1.0694381153287695
2017-06-29 00:00:00,1.0694381153287695
2017-06-30 00:00:00,1.0694381153287695
2017-07-03 00:00:00,1.0694381153287695
2017-07-05 00:00:00,1.0694381153287695
2017-07-06 00:00:00,1.0694381153287695
2017-07-07 00:00:00,1.0694381153287695
2017-07-10 00:00:00,1.0694381153287695
2017-07-11 00:00:00,1.0694381153287695
2017-07-12 00:00:00,1.0694381153287695
2017-07-13 00:00:00,1.0694381153287695
2017-07-14 00:00:00,1.0694381153287695
2017-07-17 00:00:00,1.0694381153287695
2017-07-18 00:00:00,1.0694381153287695
2017-07-19 00:00:00,1.0694381153287695
2017-07-20 00:00:00,1.0694381153287695
2017-07-21 00:00:00,1.0694381153287695
2017-07-24 00:00:00,1.0694381153287695
2017-07-25 00:00:00,1.0694381153287695
2017-07-26 00:00:00,1.0694381153287695
2017-07-27 00:00:00,1.0694381153287695
2017-07-28 00:00:00,1.0694381153287695
2017-07-31 00:00:00,1.0694381153287695
2017-08-01 00:00:00,1.0694381153287695
2017-08-02 00:00:00,1.0694381153287695
2017-08-03 00:00:00,1.0694381153287695
2017-08-04 00:00:00,1.0694381153287695
2017-08-07 00:00:00,1.0694381153287695
2017-08-08 00:00:00,1.0694381153287695
2017-08-09 00:00:00,1.0694381153287695
2017-08-10 00:00:00,1.0694381153287695
2017-08-11 00:00:00,1.0694381153287695
2017-08-14 00:00:00,1.0694381153287695
2017-08-15 00:00:00,1.0694381153287695
2017-08-16 00:00:00,1.0694381153287695
2017-08-17 00:00:00,1.0694381153287695
2017-08-18 00:00:00,1.0694381153287695
2017-08-21 00:00:00,1.0694381153287695
2017-08-22 00:00:00,1.0694381153287695
2017-08-23 00:00:00,1.0694381153287695
2017-08-24 00:00:00,1.0694381153287695
2017-08-25 00:00:00,1.0694381153287695
2017-08-28 00:00:00,1.0694381153287695
2017-08-29 00:00:00,1.0694381153287695
2017-08-30 00:00:00,1.0694381153287695
2017-08-31 00:00:00,1.0694381153287695
2017-09-01 00:00:00,1.0694381153287695
2017-09-05 00:00:00,1.0694381153287695
2017-09-06 00:00:00,1.0694381153287695
2017-09-07 00:00:00,1.0694381153287695
2017-09-08 00:00:00,1.0694381153287695
2017-09-11 00:00:00,1.0694381153287695
2017-09-12 00:00:00,1.0694381153287695
2017-09-13 00:00:00,1.0694381153287695
2017-09-14 00:00:00,1.0694381153287695
2017-09-15 00:00:00,1.0694381153287695
2017-09-18 00:00:00,1.0694381153287695
2017-09-19 00:00:00,1.0694381153287695
2017-09-20 00:00:00,1.0694381153287695
2017-09-21 00:00:00,1.0694381153287695
2017-09-22 00:00:00,1.0694381153287695
2017-09-25 00:00:00,1.0694381153287695
2017-09-26 00:00:00,1.0694381153287695
2017-09-27 00:00:00,1.0694381153287695
2017-09-28 00:00:00,1.0694381153287695
2017-09-29 00:00:00,1.0694381153287695
2017-10-02 00:00:00,1.0694381153287695
2017-10-03 00:00:00,1.0694381153287695
2017-10-04 00:00:00,1.0694381153287695
2017-10-05 00:00:00,1.0694381153287695
2017-10-06 00:00:00,1.0694381153287695
2017-10-09 00:00:00,1.0694381153287695
2017-10-10 00:00:00,1.0694381153287695
2017-10-11 00:00:00,1.0694381153287695
2017-10-12 00:00:00,1.0694381153287695
2017-10-13 00:00:00,1.0694381153287695
2017-10-16 00:00:00,1.0694381153287695
2017-10-17 00:00:00,1.0694381153287695
2017-10-18 00:00:00,1.0694381153287695
2017-10-19 00:00:00,1.0694381153287695
2017-10-20 00:00:00,1.0694381153287695
2017-10-23 00:00:00,1.0694381153287695
2017-10-24 00:00:00,1.0694381153287695
2017-10-25 00:00:00,1.0694381153287695
2017-10-26 00:00:00,1.0694381153287695
2017-10-27 00:00:00,1.0694381153287695
2017-10-30 00:00:00,1.0694381153287695
2017-10-31 00:00:00,1.0694381153287695
2017-11-01 00:00:00,1.0694381153287695
2017-11-02 00:00:00,1.0668714638519805
2017-11-03 00:00:00,1.0639413731680614
2017-11-06 00:00:00,1.0598990668442005
2017-11-07 00:00:00,1.0584234119971285
2017-11-08 00:00:00,1.0584234119971285
2017-11-09 00:00:00,1.0584234119971285
2017-11-10 00:00:00,1.0584234119971285
2017-11-13 00:00:00,1.0584234119971285
2017-11-14 00:00:00,1.0584234119971285
2017-11-15 00:00:00,1.0584234119971285
2017-11-16 00:00:00,1.0584234119971285
2017-11-17 00:00:00,1.0584234119971285
2017-11-20 00:00:00,1.0584234119971285
2017-11-21 00:00:00,1.0584234119971285
2017-11-22 00:00:00,1.0584234119971285
2017-11-24 00:00:00,1.0584234119971285
2017-11-27 00:00:00,1.0584234119971285
2017-11-28 00:00:00,1.0584234119971285
2017-11-29 00:00:00,1.0584234119971285
2017-11-30 00:00:00,1.0584234119971285
2017-12-01 00:00:00,1.0584234119971285
2017-12-04 00:00:00,1.0584234119971285
2017-12-05 00:00:00,1.0584234119971285
2017-12-06 00:00:00,1.0584234119971285
2017-12-07 00:00:00,1.0584234119971285
2017-12-08 00:00:00,1.0584234119971285
2017-12-11 00:00:00,1.0584234119971285
2017-12-12 00:00:00,1.0584234119971285
2017-12-13 00:00:00,1.0584234119971285
2017-12-14 00:00:00,1.0584234119971285
2017-12-15 00:00:00,1.0584234119971285
2017-12-18 00:00:00,1.0584234119971285
2017-12-19 00:00:00,1.0584234119971285
2017-12-20 00:00:00,1.0584234119971285
2017-12-21 00:00:00,1.0584234119971285
2017-12-22 00:00:00,1.0584234119971285
2017-12-26 00:00:00,1.0584234119971285
2017-12-27 00:00:00,1.0584234119971285
2017-12-28 00:00:00,1.0584234119971285
2017-12-29 00:00:00,1.0584234119971285
2018-01-02 00:00:00,1.0584234119971285
2018-01-03 00:00:00,1.0584234119971285
2018-01-04 00:00:00,1.0584234119971285
2018-01-05 00:00:00,1.0584234119971285
2018-01-08 00:00:00,1.0584234119971285
2018-01-09 00:00:00,1.0584234119971285
2018-01-10 00:00:00,1.0584234119971285
2018-01-11 00:00:00,1.0584234119971285
2018-01-12 00:00:00,1.0584234119971285
2018-01-16 00:00:00,1.0584234119971285
2018-01-17 00:00:00,1.0584234119971285
2018-01-18 00:00:00,1.0584234119971285
2018-01-19 00:00:00,1.0584234119971285
2018-01-22 00:00:00,1.0584234119971285
2018-01-23 00:00:00,1.0584234119971285
2018-01-24 00:00:00,1.0584234119971285
2018-01-25 00:00:00,1.051162882236828
2018-01-26 00:00:00,1.0548955805406786
2018-01-29 00:00:00,1.0618914382873612
2018-01-30 00:00:00,1.0677451902290527
2018-01-31 00:00:00,1.0618515681765497
2018-02-01 00:00:00,1.078392167293515
2018-02-02 00:00:00,1.0875090786780384
2018-02-05 00:00:00,1.0782707181966331
2018-02-06 00:00:00,1.084369207096537
2018-02-07 00:00:00,1.0936492764532018
2018-02-08 00:00:00,1.0946898682167163
2018-02-09 00:00:00,1.10078835711662
2018-02-12 00:00:00,1.096526314785533
2018-02-13 00:00:00,1.0921826934683754
2018-02-14 00:00:00,1.1029311845743144
2018-02-15 00:00:00,1.099648090076077
2018-02-16 00:00:00,1.0944070999121405
2018-02-20 00:00:00,1.098629272132416
2018-02-21 00:00:00,1.1104382900572753
2018-02-22 00:00:00,1.1075630904893918
2018-02-23 00:00:00,1.0990589408826235
2018-02-26 00:00:00,1.0987126898829347
2018-02-27 00:00:00,1.1000795975907325
2018-02-28 00:00:00,1.0939412385800171
2018-03-01 00:00:00,1.0892713013185762
2018-03-02 00:00:00,1.0971645279120377
2018-03-05 00:00:00,1.0997551204108973
2018-03-06 00:00:00,1.0988378165087127
2018-03-07 00:00:00,1.0998784082722273
2018-03-08 00:00:00,1.0943111021640077
2018-03-09 00:00:00,1.100654328022124
2018-03-12 00:00:00,1.0950870219139042
2018-03-13 00:00:00,1.0901723476942509
2018-03-14 00:00:00,1.0815866191014119
2018-03-15 00:00:00,1.0817358462315225
2018-03-16 00:00:00,1.0817358462315225
2018-03-19 00:00:00,1.0817358462315225
2018-03-20 00:00:00,1.0817358462315225
2018-03-21 00:00:00,1.0817358462315225
2018-03-22 00:00:00,1.0817358462315225
2018-03-23 00:00:00,1.0817358462315225
2018-03-26 00:00:00,1.0817358462315225
2018-03-27 00:00:00,1.0817358462315225
2018-03-28 00:00:00,1.0817358462315225
2018-03-29 00:00:00,1.0817358462315225
2018-04-02 00:00:00,1.0817358462315225
2018-04-03 00:00:00,1.0817358462315225
2018-04-04 00:00:00,1.0817358462315225
2018-04-05 00:00:00,1.0817358462315225
2018-04-06 00:00:00,1.0817358462315225
2018-04-09 00:00:00,1.0817358462315225
2018-04-10 00:00:00,1.0817358462315225
2018-04-11 00:00:00,1.0817358462315225
2018-04-12 00:00:00,1.0817358462315225
2018-04-13 00:00:00,1.0817358462315225
2018-04-16 00:00:00,1.0817358462315225
2018-04-17 00:00:00,1.0817358462315225
2018-04-18 00:00:00,1.0817358462315225
2018-04-19 00:00:00,1.0817358462315225
2018-04-20 00:00:00,1.0817358462315225
2018-04-23 00:00:00,1.0817358462315225
2018-04-24 00:00:00,1.0817358462315225
2018-04-25 00:00:00,1.0817358462315225
2018-04-26 00:00:00,1.0817358462315225
2018-04-27 00:00:00,1.0817358462315225
2018-04-30 00:00:00,1.0817358462315225
2018-05-01 00:00:00,1.0817358462315225
2018-05-02 00:00:00,1.0817358462315225
2018-05-03 00:00:00,1.0817358462315225
2018-05-04 00:00:00,1.0817358462315225
2018-05-07 00:00:00,1.0817358462315225
2018-05-08 00:00:00,1.0817358462315225
2018-05-09 00:00:00,1.0817358462315225
2018-05-10 00:00:00,1.0817358462315225
2018-05-11 00:00:00,1.0817358462315225
2018-05-14 00:00:00,1.0817358462315225
2018-05-15 00:00:00,1.0817358462315225
2018-05-16 00:00:00,1.0817358462315225
2018-05-17 00:00:00,1.0817358462315225
2018-05-18 00:00:00,1.0817358462315225
2018-05-21 00:00:00,1.0817358462315225
2018-05-22 00:00:00,1.0817358462315225
2018-05-23 00:00:00,1.0817358462315225
2018-05-24 00:00:00,1.0817358462315225
2018-05-25 00:00:00,1.0817358462315225
2018-05-29 00:00:00,1.0817358462315225
2018-05-30 00:00:00,1.0817358462315225
2018-05-31 00:00:00,1.0817358462315225
2018-06-01 00:00:00,1.0817358462315225
2018-06-04 00:00:00,1.0817358462315225
2018-06-05 00:00:00,1.0817358462315225
2018-06-06 00:00:00,1.0817358462315225
2018-06-07 00:00:00,1.0817358462315225
2018-06-08 00:00:00,1.0817358462315225
2018-06-11 00:00:00,1.0817358462315225
2018-06-12 00:00:00,1.0817358462315225
2018-06-13 00:00:00,1.0817358462315225
2018-06-14 00:00:00,1.0817358462315225
2018-06-15 00:00:00,1.0817358462315225
2018-06-18 00:00:00,1.0817358462315225
2018-06-19 00:00:00,1.0817358462315225
2018-06-20 00:00:00,1.0817358462315225
2018-06-21 00:00:00,1.0817358462315225
2018-06-22 00:00:00,1.0817358462315225
2018-06-25 00:00:00,1.0817358462315225
2018-06-26 00:00:00,1.0817358462315225
2018-06-27 00:00:00,1.0817358462315225
2018-06-28 00:00:00,1.0817358462315225
2018-06-29 00:00:00,1.0817358462315225
2018-07-02 00:00:00,1.0817358462315225
2018-07-03 00:00:00,1.0817358462315225
2018-07-05 00:00:00,1.0817358462315225
2018-07-06 00:00:00,1.0817358462315225
2018-07-09 00:00:00,1.0817358462315225
2018-07-10 00:00:00,1.0817358462315225
2018-07-11 00:00:00,1.0817358462315225
2018-07-12 00:00:00,1.0817358462315225
2018-07-13 00:00:00,1.0817358462315225
2018-07-16 00:00:00,1.0817358462315225
2018-07-17 00:00:00,1.0817358462315225
2018-07-18 00:00:00,1.0817358462315225
2018-07-19 00:00:00,1.0817358462315225
2018-07-20 00:00:00,1.0817358462315225
2018-07-23 00:00:00,1.0817358462315225
2018-07-24 00:00:00,1.0817358462315225
2018-07-25 00:00:00,1.0817358462315225
2018-07-26 00:00:00,1.0817358462315225
2018-07-27 00:00:00,1.0817358462315225
2018-07-30 00:00:00,1.0817358462315225
2018-07-31 00:00:00,1.0817358462315225
2018-08-01 00:00:00,1.0817358462315225
2018-08-02 00:00:00,1.0817358462315225
2018-08-03 00:00:00,1.0817358462315225
2018-08-06 00:00:00,1.0817358462315225
2018-08-07 00:00:00,1.0817358462315225
2018-08-08 00:00:00,1.0817358462315225
2018-08-09 00:00:00,1.0817358462315225
2018-08-10 00:00:00,1.0817358462315225
2018-08-13 00:00:00,1.0817358462315225
2018-08-14 00:00:00,1.0817358462315225
2018-08-15 00:00:00,1.0817358462315225
2018-08-16 00:00:00,1.0817358462315225
2018-08-17 00:00:00,1.0817358462315225
2018-08-20 00:00:00,1.0817358462315225
2018-08-21 00:00:00,1.0817358462315225
2018-08-22 00:00:00,1.0817358462315225
2018-08-23 00:00:00,1.0817358462315225
2018-08-24 00:00:00,1.0817358462315225
2018-08-27 00:00:00,1.0817358462315225
2018-08-28 00:00:00,1.0817358462315225
2018-08-29 00:00:00,1.0817358462315225
2018-08-30 00:00:00,1.0817358462315225
2018-08-31 00:00:00,1.0817358462315225
2018-09-04 00:00:00,1.0817358462315225
2018-09-05 00:00:00,1.0817358462315225
2018-09-06 00:00:00,1.0817358462315225
2018-09-07 00:00:00,1.0817358462315225
2018-09-10 00:00:00,1.0817358462315225
2018-09-11 00:00:00,1.0817358462315225
2018-09-12 00:00:00,1.0817358462315225
2018-09-13 00:00:00,1.0817358462315225
2018-09-14 00:00:00,1.0817358462315225
2018-09-17 00:00:00,1.0817358462315225
2018-09-18 00:00:00,1.0817358462315225
2018-09-19 00:00:00,1.0817358462315225
2018-09-20 00:00:00,1.0764468649967311
2018-09-21 00:00:00,1.0768893477062593
2018-09-24 00:00:00,1.079651559027538
2018-09-25 00:00:00,1.080743565748356
2018-09-26 00:00:00,1.0731133928889922
2018-09-27 00:00:00,1.07234961672041
2018-09-28 00:00:00,1.0752046171861587
2018-10-01 00:00:00,1.0855755383539791
2018-10-02 00:00:00,1.0789660460837853
2018-10-03 00:00:00,1.097780779398378
2018-10-04 00:00:00,1.1052752370876278
2018-10-05 00:00:00,1.1143471102328677
2018-10-08 00:00:00,1.1178516347099068
2018-10-09 00:00:00,1.1072522092275021
2018-10-10 00:00:00,1.1101072096932507
2018-10-11 00:00:00,1.0972808447435654
2018-10-12 00:00:00,1.1009709475095444
2018-10-15 00:00:00,1.1014134302190723
2018-10-16 00:00:00,1.0989794494500298
2018-10-17 00:00:00,1.1052676482611694
2018-10-18 00:00:00,1.1056173418262274
2018-10-19 00:00:00,1.107915607425156
2018-10-22 00:00:00,1.109285981579384
2018-10-23 00:00:00,1.1059241093656411
2018-10-24 00:00:00,1.0979227799283973
2018-10-25 00:00:00,1.1023551958501363
2018-10-26 00:00:00,1.0959312818688827
2018-10-29 00:00:00,1.0983223366122812
2018-10-30 00:00:00,1.1035898548342504
2018-10-31 00:00:00,1.1089501622006896
2018-11-01 00:00:00,1.110506114643858
2018-11-02 00:00:00,1.1235679210013092
2018-11-05 00:00:00,1.1194637356318062
2018-11-06 00:00:00,1.1200917966302741
2018-11-07 00:00:00,1.118678496450402
2018-11-08 00:00:00,1.1187498225820498
2018-11-09 00:00:00,1.110934071433746
2018-11-12 00:00:00,1.1040462117301422
2018-11-13 00:00:00,1.1046742727286103
2018-11-14 00:00:00,1.104003285704498
2018-11-15 00:00:00,1.104445768414026
2018-11-16 00:00:00,1.0983002218661826
2018-11-19 00:00:00,1.0953095062303198
2018-11-20 00:00:00,1.0949168866396177
2018-11-21 00:00:00,1.0952665802046757
2018-11-23 00:00:00,1.0941316474582135
2018-11-26 00:00:00,1.096522702201612
2018-11-27 00:00:00,1.0952949803106795
2018-11-28 00:00:00,1.1004697093881786
2018-11-29 00:00:00,1.0962727348742056
2018-11-30 00:00:00,1.0922613386491726
2018-12-03 00:00:00,1.0871364726904995
2018-12-04 00:00:00,1.0611941005200796
2018-12-06 00:00:00,1.0611941005200796
2018-12-07 00:00:00,1.0611941005200796
2018-12-10 00:00:00,1.0611941005200796
2018-12-11 00:00:00,1.0611941005200796
2018-12-12 00:00:00,1.0611941005200796
2018-12-13 00:00:00,1.0611941005200796
2018-12-14 00:00:00,1.0611941005200796
2018-12-17 00:00:00,1.0611941005200796
2018-12-18 00:00:00,1.0611941005200796
2018-12-19 00:00:00,1.0611941005200796
2018-12-20 00:00:00,1.0611941005200796
2018-12-21 00:00:00,1.0611941005200796
2018-12-24 00:00:00,1.0611941005200796
2018-12-26 00:00:00,1.0611941005200796
2018-12-27 00:00:00,1.0611941005200796
2018-12-28 00:00:00,1.0611941005200796
2018-12-31 00:00:00,1.0611941005200796
2019-01-02 00:00:00,1.0611941005200796
2019-01-03 00:00:00,1.0611941005200796
2019-01-04 00:00:00,1.0611941005200796
2019-01-07 00:00:00,1.0611941005200796
2019-01-08 00:00:00,1.0611941005200796
2019-01-09 00:00:00,1.0611941005200796
2019-01-10 00:00:00,1.0611941005200796
2019-01-11 00:00:00,1.0611941005200796
2019-01-14 00:00:00,1.0611941005200796
2019-01-15 00:00:00,1.0611941005200796
2019-01-16 00:00:00,1.0611941005200796
2019-01-17 00:00:00,1.0611941005200796
2019-01-18 00:00:00,1.0611941005200796
2019-01-22 00:00:00,1.0611941005200796
2019-01-23 00:00:00,1.0611941005200796
2019-01-24 00:00:00,1.0611941005200796
2019-01-25 00:00:00,1.0611941005200796
2019-01-28 00:00:00,1.0611941005200796
2019-01-29 00:00:00,1.0611941005200796
2019-01-30 00:00:00,1.0611941005200796
2019-01-31 00:00:00,1.0611941005200796
2019-02-01 00:00:00,1.0611941005200796
2019-02-04 00:00:00,1.0611941005200796
2019-02-05 00:00:00,1.0611941005200796
2019-02-06 00:00:00,1.0611941005200796
2019-02-07 00:00:00,1.0611941005200796
2019-02-08 00:00:00,1.0611941005200796
2019-02-11 00:00:00,1.0611941005200796
2019-02-12 00:00:00,1.0611941005200796
2019-02-13 00:00:00,1.0611941005200796
2019-02-14 00:00:00,1.0611941005200796
2019-02-15 00:00:00,1.0611941005200796
2019-02-19 00:00:00,1.0611941005200796
2019-02-20 00:00:00,1.0611941005200796
2019-02-21 00:00:00,1.0611941005200796
2019-02-22 00:00:00,1.0611941005200796
2019-02-25 00:00:00,1.0611941005200796
2019-02-26 00:00:00,1.0611941005200796
2019-02-27 00:00:00,1.0611941005200796
2019-02-28 00:00:00,1.0611941005200796
2019-03-01 00:00:00,1.0611941005200796
2019-03-04 00:00:00,1.0611941005200796
2019-03-05 00:00:00,1.0611941005200796
2019-03-06 00:00:00,1.0611941005200796
2019-03-07 00:00:00,1.0611941005200796
2019-03-08 00:00:00,1.0611941005200796
2019-03-11 00:00:00,1.0611941005200796
2019-03-12 00:00:00,1.0611941005200796
2019-03-13 00:00:00,1.0611941005200796
2019-03-14 00:00:00,1.0611941005200796
2019-03-15 00:00:00,1.0611941005200796
2019-03-18 00:00:00,1.0611941005200796
2019-03-19 00:00:00,1.0611941005200796
2019-03-20 00:00:00,1.0611941005200796
2019-03-21 00:00:00,1.0611941005200796
2019-03-22 00:00:00,1.0611941005200796
2019-03-25 00:00:00,1.0611941005200796
2019-03-26 00:00:00,1.0611941005200796
2019-03-27 00:00:00,1.0611941005200796
2019-03-28 00:00:00,1.0611941005200796
2019-03-29 00:00:00,1.0611941005200796
2019-04-01 00:00:00,1.0611941005200796
2019-04-02 00:00:00,1.0611941005200796
2019-04-03 00:00:00,1.0611941005200796
2019-04-04 00:00:00,1.0611941005200796
2019-04-05 00:00:00,1.0611941005200796
2019-04-08 00:00:00,1.0611941005200796
2019-04-09 00:00:00,1.0611941005200796
2019-04-10 00:00:00,1.0611941005200796
2019-04-11 00:00:00,1.0611941005200796
2019-04-12 00:00:00,1.0611941005200796
2019-04-15 00:00:00,1.0611941005200796
2019-04-16 00:00:00,1.0611941005200796
2019-04-17 00:00:00,1.0611941005200796
2019-04-18 00:00:00,1.0611941005200796
2019-04-22 00:00:00,1.0611941005200796
2019-04-23 00:00:00,1.0611941005200796
2019-04-24 00:00:00,1.0611941005200796
2019-04-25 00:00:00,1.0611941005200796
2019-04-26 00:00:00,1.0611941005200796
2019-04-29 00:00:00,1.0611941005200796
2019-04-30 00:00:00,1.0611941005200796
2019-05-01 00:00:00,1.0611941005200796
2019-05-02 00:00:00,1.0611941005200796
2019-05-03 00:00:00,1.0611941005200796
2019-05-06 00:00:00,1.0611941005200796
2019-05-07 00:00:00,1.0611941005200796
2019-05-08 00:00:00,1.0611941005200796
2019-05-09 00:00:00,1.0611941005200796
2019-05-10 00:00:00,1.0611941005200796
2019-05-13 00:00:00,1.0611941005200796
2019-05-14 00:00:00,1.0611941005200796
2019-05-15 00:00:00,1.0611941005200796
2019-05-16 00:00:00,1.0611941005200796
2019-05-17 00:00:00,1.0611941005200796
2019-05-20 00:00:00,1.0611941005200796
2019-05-21 00:00:00,1.0611941005200796
2019-05-22 00:00:00,1.0611941005200796
2019-05-23 00:00:00,1.0611941005200796
2019-05-24 00:00:00,1.0611941005200796
2019-05-28 00:00:00,1.0611941005200796
2019-05-29 00:00:00,1.0611941005200796
2019-05-30 00:00:00,1.0611941005200796
2019-05-31 00:00:00,1.0611941005200796
2019-06-03 00:00:00,1.0611941005200796
2019-06-04 00:00:00,1.0611941005200796
2019-06-05 00:00:00,1.0611941005200796
2019-06-06 00:00:00,1.0611941005200796
2019-06-07 00:00:00,1.0611941005200796
2019-06-10 00:00:00,1.0611941005200796
2019-06-11 00:00:00,1.0611941005200796
2019-06-12 00:00:00,1.0611941005200796
2019-06-13 00:00:00,1.0611941005200796
2019-06-14 00:00:00,1.0611941005200796
2019-06-17 00:00:00,1.0611941005200796
2019-06-18 00:00:00,1.0611941005200796
2019-06-19 00:00:00,1.0611941005200796
2019-06-20 00:00:00,1.0611941005200796
2019-06-21 00:00:00,1.0611941005200796
2019-06-24 00:00:00,1.0611941005200796
2019-06-25 00:00:00,1.0611941005200796
2019-06-26 00:00:00,1.0611941005200796
2019-06-27 00:00:00,1.0611941005200796
2019-06-28 00:00:00,1.0611941005200796
2019-07-01 00:00:00,1.0611941005200796
2019-07-02 00:00:00,1.0611941005200796
2019-07-03 00:00:00,1.0611941005200796
2019-07-05 00:00:00,1.0611941005200796
2019-07-08 00:00:00,1.0611941005200796
2019-07-09 00:00:00,1.0611941005200796
2019-07-10 00:00:00,1.0611941005200796
2019-07-11 00:00:00,1.0611941005200796
2019-07-12 00:00:00,1.0611941005200796
2019-07-15 00:00:00,1.0611941005200796
2019-07-16 00:00:00,1.0611941005200796
2019-07-17 00:00:00,1.0611941005200796
2019-07-18 00:00:00,1.0611941005200796
2019-07-19 00:00:00,1.0611941005200796
2019-07-22 00:00:00,1.0611941005200796
2019-07-23 00:00:00,1.0611941005200796
2019-07-24 00:00:00,1.0611941005200796
2019-07-25 00:00:00,1.0611941005200796
2019-07-26 00:00:00,1.0611941005200796
2019-07-29 00:00:00,1.0611941005200796
2019-07-30 00:00:00,1.0611941005200796
2019-07-31 00:00:00,1.0611941005200796
2019-08-01 00:00:00,1.0611941005200796
2019-08-02 00:00:00,1.0611941005200796
2019-08-05 00:00:00,1.0611941005200796
2019-08-06 00:00:00,1.0611941005200796
2019-08-07 00:00:00,1.0611941005200796
2019-08-08 00:00:00,1.0611941005200796
2019-08-09 00:00:00,1.0611941005200796
2019-08-12 00:00:00,1.0611941005200796
2019-08-13 00:00:00,1.0611941005200796
2019-08-14 00:00:00,1.0611941005200796
2019-08-15 00:00:00,1.0611941005200796
2019-08-16 00:00:00,1.0611941005200796
2019-08-19 00:00:00,1.0611941005200796
2019-08-20 00:00:00,1.0611941005200796
2019-08-21 00:00:00,1.0611941005200796
2019-08-22 00:00:00,1.0611941005200796
2019-08-23 00:00:00,1.0611941005200796
2019-08-26 00:00:00,1.0611941005200796
2019-08-27 00:00:00,1.0611941005200796
2019-08-28 00:00:00,1.0611941005200796
2019-08-29 00:00:00,1.0611941005200796
2019-08-30 00:00:00,1.0611941005200796
2019-09-03 00:00:00,1.0611941005200796
2019-09-04 00:00:00,1.0611941005200796
2019-09-05 00:00:00,1.0611941005200796
2019-09-06 00:00:00,1.0611941005200796
2019-09-09 00:00:00,1.0611941005200796
2019-09-10 00:00:00,1.0611941005200796
2019-09-11 00:00:00,1.0611941005200796
2019-09-12 00:00:00,1.0611941005200796
2019-09-13 00:00:00,1.0611941005200796
2019-09-16 00:00:00,1.0611941005200796
2019-09-17 00:00:00,1.0611941005200796
2019-09-18 00:00:00,1.0611941005200796
2019-09-19 00:00:00,1.0611941005200796
2019-09-20 00:00:00,1.0611941005200796
2019-09-23 00:00:00,1.0611941005200796
2019-09-24 00:00:00,1.0611941005200796
2019-09-25 00:00:00,1.0611941005200796
2019-09-26 00:00:00,1.0611941005200796
2019-09-27 00:00:00,1.0611941005200796
2019-09-30 00:00:00,1.0611941005200796
2019-10-01 00:00:00,1.0611941005200796
2019-10-02 00:00:00,1.0611941005200796
2019-10-03 00:00:00,1.0611941005200796
2019-10-04 00:00:00,1.0611941005200796
2019-10-07 00:00:00,1.0611941005200796
2019-10-08 00:00:00,1.0611941005200796
2019-10-09 00:00:00,1.0611941005200796
2019-10-10 00:00:00,1.0611941005200796
2019-10-11 00:00:00,1.0611941005200796
2019-10-14 00:00:00,1.0611941005200796
2019-10-15 00:00:00,1.0611941005200796
2019-10-16 00:00:00,1.0611941005200796
2019-10-17 00:00:00,1.0611941005200796
2019-10-18 00:00:00,1.0611941005200796
2019-10-21 00:00:00,1.0611941005200796
2019-10-22 00:00:00,1.0611941005200796
2019-10-23 00:00:00,1.0611941005200796
2019-10-24 00:00:00,1.0611941005200796
2019-10-25 00:00:00,1.0611941005200796
2019-10-28 00:00:00,1.0611941005200796
2019-10-29 00:00:00,1.0611941005200796
2019-10-30 00:00:00,1.0611941005200796
2019-10-31 00:00:00,1.0611941005200796
2019-11-01 00:00:00,1.0611941005200796
2019-11-04 00:00:00,1.0611941005200796
2019-11-05 00:00:00,1.0611941005200796
2019-11-06 00:00:00,1.0611941005200796
2019-11-07 00:00:00,1.0611941005200796
2019-11-08 00:00:00,1.0611941005200796
2019-11-11 00:00:00,1.0611941005200796
2019-11-12 00:00:00,1.0611941005200796
2019-11-13 00:00:00,1.0611941005200796
2019-11-14 00:00:00,1.0611941005200796
2019-11-15 00:00:00,1.0611941005200796
2019-11-18 00:00:00,1.0611941005200796
2019-11-19 00:00:00,1.0611941005200796
2019-11-20 00:00:00,1.0611941005200796
2019-11-21 00:00:00,1.0611941005200796
2019-11-22 00:00:00,1.0611941005200796
2019-11-25 00:00:00,1.0611941005200796
2019-11-26 00:00:00,1.0611941005200796
2019-11-27 00:00:00,1.0611941005200796
2019-11-29 00:00:00,1.0611941005200796
2019-12-02 00:00:00,1.0611941005200796
2019-12-03 00:00:00,1.0611941005200796
2019-12-04 00:00:00,1.0611941005200796
2019-12-05 00:00:00,1.0611941005200796
2019-12-06 00:00:00,1.0611941005200796
2019-12-09 00:00:00,1.0611941005200796
2019-12-10 00:00:00,1.0611941005200796
2019-12-11 00:00:00,1.0611941005200796
2019-12-12 00:00:00,1.0611941005200796
2019-12-13 00:00:00,1.0611941005200796
2019-12-16 00:00:00,1.0611941005200796
2019-12-17 00:00:00,1.0611941005200796
2019-12-18 00:00:00,1.0657266905643834
2019-12-19 00:00:00,1.0657118138046522
2019-12-20 00:00:00,1.0647139657100113
2019-12-23 00:00:00,1.0657912793224016
2019-12-24 00:00:00,1.0636466313370332
2019-12-26 00:00:00,1.0618296404633016
2019-12-27 00:00:00,1.0609956209244793
2019-12-30 00:00:00,1.0637112200950514
2019-12-31 00:00:00,1.0710140188285333
2020-01-02 00:00:00,1.0626438857220732
2020-01-03 00:00:00,1.0511064005364612
2020-01-06 00:00:00,1.0554056757466093
2020-01-07 00:00:00,1.0591042462520905
2020-01-08 00:00:00,1.0640588356855116
2020-01-09 00:00:00,1.061422702032689
2020-01-10 00:00:00,1.054745464003017
2020-01-13 00:00:00,1.0570241870247405
2020-01-14 00:00:00,1.0531320344439783
2020-01-15 00:00:00,1.0480930819724885
2020-01-16 00:00:00,1.0504810240314242
2020-01-17 00:00:00,1.056964679985815
2020-01-21 00:00:00,1.0490314230282036
2020-01-22 00:00:00,1.046340679856775
2020-01-23 00:00:00,1.0393281375596717
2020-01-24 00:00:00,1.0393281375596717
2020-01-27 00:00:00,1.0393281375596717
2020-01-28 00:00:00,1.0393281375596717
2020-01-29 00:00:00,1.0393281375596717
2020-01-30 00:00:00,1.0393281375596717
2020-01-31 00:00:00,1.0393281375596717
2020-02-03 00:00:00,1.0393281375596717
2020-02-04 00:00:00,1.0393281375596717
2020-02-05 00:00:00,1.0393281375596717
2020-02-06 00:00:00,1.0393281375596717
2020-02-07 00:00:00,1.0393281375596717
2020-02-10 00:00:00,1.0393281375596717
2020-02-11 00:00:00,1.0393281375596717
2020-02-12 00:00:00,1.0393281375596717
2020-02-13 00:00:00,1.0393281375596717
2020-02-14 00:00:00,1.0393281375596717
2020-02-18 00:00:00,1.0393281375596717
2020-02-19 00:00:00,1.0393281375596717
2020-02-20 00:00:00,1.0393281375596717
2020-02-21 00:00:00,1.0393281375596717
2020-02-24 00:00:00,1.0393281375596717
2020-02-25 00:00:00,1.0393281375596717
2020-02-26 00:00:00,1.0393281375596717
2020-02-27 00:00:00,1.0393281375596717
2020-02-28 00:00:00,1.0393281375596717
2020-03-02 00:00:00,1.0393281375596717
2020-03-03 00:00:00,1.0393281375596717
2020-03-04 00:00:00,1.0393281375596717
2020-03-05 00:00:00,1.0393281375596717
2020-03-06 00:00:00,1.0393281375596717
2020-03-09 00:00:00,1.0393281375596717
2020-03-10 00:00:00,1.0393281375596717
2020-03-11 00:00:00,1.0393281375596717
2020-03-12 00:00:00,1.0393281375596717
2020-03-13 00:00:00,1.0393281375596717
2020-03-16 00:00:00,1.0393281375596717
2020-03-17 00:00:00,1.0393281375596717
2020-03-18 00:00:00,1.0393281375596717
2020-03-19 00:00:00,1.0393281375596717
2020-03-20 00:00:00,1.0393281375596717
2020-03-23 00:00:00,1.0393281375596717
2020-03-24 00:00:00,1.0393281375596717
2020-03-25 00:00:00,1.0393281375596717
2020-03-26 00:00:00,1.0393281375596717
2020-03-27 00:00:00,1.0393281375596717
2020-03-30 00:00:00,1.0393281375596717
2020-03-31 00:00:00,1.0393281375596717
2020-04-01 00:00:00,1.0393281375596717
2020-04-02 00:00:00,1.0393281375596717
2020-04-03 00:00:00,1.0393281375596717
2020-04-06 00:00:00,1.0393281375596717
2020-04-07 00:00:00,1.0393281375596717
2020-04-08 00:00:00,1.0393281375596717
2020-04-09 00:00:00,1.0393281375596717
2020-04-13 00:00:00,1.0393281375596717
2020-04-14 00:00:00,1.0393281375596717
2020-04-15 00:00:00,1.0393281375596717
2020-04-16 00:00:00,1.0393281375596717
2020-04-17 00:00:00,1.0393281375596717
2020-04-20 00:00:00,1.0393281375596717
2020-04-21 00:00:00,1.0393281375596717
2020-04-22 00:00:00,1.0393281375596717
2020-04-23 00:00:00,1.0393281375596717
2020-04-24 00:00:00,1.0393281375596717
2020-04-27 00:00:00,1.0393281375596717
2020-04-28 00:00:00,1.0393281375596717
2020-04-29 00:00:00,1.0393281375596717
2020-04-30 00:00:00,1.0393281375596717
2020-05-01 00:00:00,1.0393281375596717
2020-05-04 00:00:00,1.0393281375596717
2020-05-05 00:00:00,1.0393281375596717
2020-05-06 00:00:00,1.0393281375596717
2020-05-07 00:00:00,1.0393281375596717
2020-05-08 00:00:00,1.0393281375596717
2020-05-11 00:00:00,1.0393281375596717
2020-05-12 00:00:00,1.0393281375596717
2020-05-13 00:00:00,1.0393281375596717
2020-05-14 00:00:00,1.0393281375596717
2020-05-15 00:00:00,1.0393281375596717
2020-05-18 00:00:00,1.0393281375596717
2020-05-19 00:00:00,1.0393281375596717
2020-05-20 00:00:00,1.0393281375596717
2020-05-21 00:00:00,1.0393281375596717
2020-05-22 00:00:00,1.0393281375596717
2020-05-26 00:00:00,1.0393281375596717
2020-05-27 00:00:00,1.0393281375596717
2020-05-28 00:00:00,1.0393281375596717
2020-05-29 00:00:00,1.0393281375596717
2020-06-01 00:00:00,1.0393281375596717
2020-06-02 00:00:00,1.0393281375596717
2020-06-03 00:00:00,1.0393281375596717
2020-06-04 00:00:00,1.0393281375596717
2020-06-05 00:00:00,1.0393281375596717
2020-06-08 00:00:00,1.0393281375596717
2020-06-09 00:00:00,1.0393281375596717
2020-06-10 00:00:00,1.0393281375596717
2020-06-11 00:00:00,1.0393281375596717
2020-06-12 00:00:00,1.0393281375596717
2020-06-15 00:00:00,1.0393281375596717
2020-06-16 00:00:00,1.0393281375596717
2020-06-17 00:00:00,1.0393281375596717
2020-06-18 00:00:00,1.0393281375596717
2020-06-19 00:00:00,1.0393281375596717
2020-06-22 00:00:00,1.0393281375596717
2020-06-23 00:00:00,1.0393281375596717
2020-06-24 00:00:00,1.0393281375596717
2020-06-25 00:00:00,1.0393281375596717
2020-06-26 00:00:00,1.0393281375596717
2020-06-29 00:00:00,1.0393281375596717
2020-06-30 00:00:00,1.0393281375596717
2020-07-01 00:00:00,1.0393281375596717
2020-07-02 00:00:00,1.0393281375596717
2020-07-06 00:00:00,1.0393281375596717
2020-07-07 00:00:00,1.0393281375596717
2020-07-08 00:00:00,1.0393281375596717
2020-07-09 00:00:00,1.0393281375596717
2020-07-10 00:00:00,1.0393281375596717
2020-07-13 00:00:00,1.0393281375596717
2020-07-14 00:00:00,1.0393281375596717
2020-07-15 00:00:00,1.0393281375596717
2020-07-16 00:00:00,1.0393281375596717
2020-07-17 00:00:00,1.0393281375596717
2020-07-20 00:00:00,1.0393281375596717
2020-07-21 00:00:00,1.0393281375596717
2020-07-22 00:00:00,1.0393281375596717
2020-07-23 00:00:00,1.0393281375596717
2020-07-24 00:00:00,1.0393281375596717
2020-07-27 00:00:00,1.0393281375596717
2020-07-28 00:00:00,1.0393281375596717
2020-07-29 00:00:00,1.0393281375596717
2020-07-30 00:00:00,1.0393281375596717
2020-07-31 00:00:00,1.0393281375596717
2020-08-03 00:00:00,1.0393281375596717
2020-08-04 00:00:00,1.0393281375596717
2020-08-05 00:00:00,1.0393281375596717
2020-08-06 00:00:00,1.0393281375596717
2020-08-07 00:00:00,1.0393281375596717
2020-08-10 00:00:00,1.0393281375596717
2020-08-11 00:00:00,1.0393281375596717
2020-08-12 00:00:00,1.0393281375596717
2020-08-13 00:00:00,1.0393281375596717
2020-08-14 00:00:00,1.0393281375596717
2020-08-17 00:00:00,1.0393281375596717
2020-08-18 00:00:00,1.0393281375596717
2020-08-19 00:00:00,1.0393281375596717
2020-08-20 00:00:00,1.0393281375596717
2020-08-21 00:00:00,1.0393281375596717
2020-08-24 00:00:00,1.0393281375596717
2020-08-25 00:00:00,1.0393281375596717
2020-08-26 00:00:00,1.0393281375596717
2020-08-27 00:00:00,1.0393281375596717
2020-08-28 00:00:00,1.0393281375596717
2020-08-31 00:00:00,1.0393281375596717
2020-09-01 00:00:00,1.0393281375596717
2020-09-02 00:00:00,1.0393281375596717
2020-09-03 00:00:00,1.0393281375596717
2020-09-04 00:00:00,1.0393281375596717
2020-09-08 00:00:00,1.0393281375596717
2020-09-09 00:00:00,1.0393281375596717
2020-09-10 00:00:00,1.0393281375596717
2020-09-11 00:00:00,1.0393281375596717
2020-09-14 00:00:00,1.0393281375596717
2020-09-15 00:00:00,1.0393281375596717
2020-09-16 00:00:00,1.0393281375596717
2020-09-17 00:00:00,1.0393281375596717
2020-09-18 00:00:00,1.0393281375596717
2020-09-21 00:00:00,1.0393281375596717
2020-09-22 00:00:00,1.0393281375596717
2020-09-23 00:00:00,1.0383684402232067
2020-09-24 00:00:00,1.035169819912031
2020-09-25 00:00:00,1.0351533539270288
2020-09-28 00:00:00,1.0375108760901244
2020-09-29 00:00:00,1.0365347127686568
2020-09-30 00:00:00,1.0444988877921535
2020-10-01 00:00:00,1.0439773179458538
2020-10-02 00:00:00,1.0470419855147657
2020-10-05 00:00:00,1.0630878223190205
2020-10-06 00:00:00,1.0587274631268606
2020-10-07 00:00:00,1.0646207123190379
2020-10-08 00:00:00,1.0602603531268782
2020-10-09 00:00:00,1.0603954183002653
2020-10-12 00:00:00,1.0578029226226464
2020-10-13 00:00:00,1.051977762232724
2020-10-14 00:00:00,1.0500924119609214
2020-10-15 00:00:00,1.051490236787552
2020-10-16 00:00:00,1.053746738178388
2020-10-19 00:00:00,1.0568114057473
2020-10-20 00:00:00,1.0645230288401477
2020-10-21 00:00:00,1.0672846340922812
2020-10-22 00:00:00,1.0756023818186857
2020-10-23 00:00:00,1.0707369187652287
2020-10-26 00:00:00,1.063295426019155
2020-10-27 00:00:00,1.0578743487182705
2020-10-28 00:00:00,1.0571002269413223
2020-10-29 00:00:00,1.0649633811925594
2020-10-30 00:00:00,1.0728770458299262
2020-11-02 00:00:00,1.0677590308458202
2020-11-03 00:00:00,1.072389520384754
2020-11-04 00:00:00,1.0550985023433812
2020-11-05 00:00:00,1.0536677455467462
2020-11-06 00:00:00,1.0635008048570431
2020-11-09 00:00:00,1.0804053182255033
2020-11-10 00:00:00,1.0849347869921777
2020-11-11 00:00:00,1.08208973938391
2020-11-12 00:00:00,1.068688021074527
2020-11-13 00:00:00,1.0697322731982493
2020-11-16 00:00:00,1.0716352018861772
2020-11-17 00:00:00,1.066416166129812
2020-11-18 00:00:00,1.0640762223828417
2020-11-19 00:00:00,1.059917904735201
2020-11-20 00:00:00,1.0527289639197759
2020-11-23 00:00:00,1.0564502665083741
2020-11-24 00:00:00,1.0645154623041302
2020-11-25 00:00:00,1.0669740052394852
2020-11-27 00:00:00,1.0591789397905034
2020-11-30 00:00:00,1.0601726815280959
2020-12-01 00:00:00,1.0728848328477878
2020-12-02 00:00:00,1.079182165129003
2020-12-03 00:00:00,1.0728013904916536
2020-12-04 00:00:00,1.084452823702621
2020-12-07 00:00:00,1.0773649036594555
2020-12-08 00:00:00,1.0736106691008525
2020-12-09 00:00:00,1.0762207431945967
2020-12-10 00:00:00,1.069183333537561
2020-12-11 00:00:00,1.0663382859292931
2020-12-14 00:00:00,1.0685442769339994
2020-12-15 00:00:00,1.0712048614138734
2020-12-16 00:00:00,1.0733098316463203
2020-12-17 00:00:00,1.0762229680568427
2020-12-18 00:00:00,1.0785804902199383
2020-12-21 00:00:00,1.0754323802948924
2020-12-22 00:00:00,1.0713245730333814
2020-12-23 00:00:00,1.0768137391365207
2020-12-24 00:00:00,1.0736656292114746
2020-12-28 00:00:00,1.0732955905235642
2020-12-29 00:00:00,1.0742893322611569
2020-12-30 00:00:00,1.0725555131477436
2020-12-31 00:00:00,1.0713773082817575
2021-01-04 00:00:00,1.0723205396332203
2021-01-05 00:00:00,1.0782137888253973
2021-01-06 00:00:00,1.0944111567880412
2021-01-07 00:00:00,1.1012135929305538
2021-01-08 00:00:00,1.1036721358659087
2021-01-11 00:00:00,1.1049184295341499
2021-01-12 00:00:00,1.1055080881827046
2021-01-13 00:00:00,1.0969048565556467
2021-01-14 00:00:00,1.1041113757871972
2021-01-15 00:00:00,1.1010642866344107
2021-01-19 00:00:00,1.0985728117290512
2021-01-20 00:00:00,1.097798689952103
2021-01-21 00:00:00,1.103186835282983
2021-01-22 00:00:00,1.1006953603776235
2021-01-25 00:00:00,1.091637535275398
2021-01-26 00:00:00,1.093085870488158
2021-01-27 00:00:00,1.0910994994440961
2021-01-28 00:00:00,1.0953764162801218
2021-01-29 00:00:00,1.1000069058190556
2021-02-01 00:00:00,1.0999904398340532
2021-02-02 00:00:00,1.1049239916897655
2021-02-03 00:00:00,1.1116759174461481
2021-02-04 00:00:00,1.1136798669063355
2021-02-05 00:00:00,1.1199771991875507
2021-02-08 00:00:00,1.1166775581041155
2021-02-09 00:00:00,1.1161054778716861
2021-02-10 00:00:00,1.1110884836598398
2021-02-11 00:00:00,1.115213869337476
2021-02-12 00:00:00,1.1245418247864756
2021-02-16 00:00:00,1.1358396852945347
2021-02-17 00:00:00,1.1311762637855967
2021-02-18 00:00:00,1.1341399105822492
2021-02-19 00:00:00,1.1438719491202862
2021-02-22 00:00:00,1.1493611152234255
2021-02-23 00:00:00,1.1514155750697428
2021-02-24 00:00:00,1.1560965749948062
2021-02-25 00:00:00,1.167697497819644
2021-02-26 00:00:00,1.1445472749872214
2021-03-01 00:00:00,1.1549359485449453
2021-03-02 00:00:00,1.1548689721738135
2021-03-03 00:00:00,1.1625805952666612
2021-03-04 00:00:00,1.1671100640333356
2021-03-05 00:00:00,1.1657298176228303
2021-03-08 00:00:00,1.1711684733398398
2021-03-09 00:00:00,1.1615045236040575
2021-03-10 00:00:00,1.1600737668074226
2021-03-11 00:00:00,1.1651588498215242
2021-03-12 00:00:00,1.1800429477447947
2021-03-15 00:00:00,1.1759856508694133
2021-03-16 00:00:00,1.1787472561215468
2021-03-17 00:00:00,1.183882849521778
2021-03-18 00:00:00,1.19078630643655
2021-03-19 00:00:00,1.1865774784027794
2021-03-22 00:00:00,1.1789339441121867
2021-03-23 00:00:00,1.1727047006332265
2021-03-24 00:00:00,1.168950466074624
2021-03-25 00:00:00,1.174439632177763
2021-03-26 00:00:00,1.1768476647269883
2021-03-29 00:00:00,1.182690403533036
2021-03-30 00:00:00,1.1790877001328222
2021-03-31 00:00:00,1.18291002349368
2021-04-01 00:00:00,1.1724884179659516
2021-04-05 00:00:00,1.1755025751487338
2021-04-06 00:00:00,1.1707886432536658
2021-04-07 00:00:00,1.1756211743371185
2021-04-08 00:00:00,1.169897034719456
2021-04-09 00:00:00,1.1724060880409406
2021-04-12 00:00:00,1.1726926843727168
2021-04-13 00:00:00,1.1674736486163515
2021-04-14 00:00:00,1.1696796396210578
2021-04-15 00:00:00,1.157995274440086
2021-04-16 00:00:00,1.1639606524636565
2021-04-19 00:00:00,1.1639606524636565
2021-04-20 00:00:00,1.1639606524636565
2021-04-21 00:00:00,1.1639606524636565
2021-04-22 00:00:00,1.1639606524636565
2021-04-23 00:00:00,1.1639606524636565
2021-04-26 00:00:00,1.1639606524636565
2021-04-27 00:00:00,1.1639606524636565
2021-04-28 00:00:00,1.1639606524636565
2021-04-29 00:00:00,1.1639606524636565
2021-04-30 00:00:00,1.1639606524636565
2021-05-03 00:00:00,1.1639606524636565
2021-05-04 00:00:00,1.1639606524636565
2021-05-05 00:00:00,1.1639606524636565
2021-05-06 00:00:00,1.1639606524636565
2021-05-07 00:00:00,1.1639606524636565
2021-05-10 00:00:00,1.1639606524636565
2021-05-11 00:00:00,1.1639606524636565
2021-05-12 00:00:00,1.1639606524636565
2021-05-13 00:00:00,1.1639606524636565
2021-05-14 00:00:00,1.1639606524636565
2021-05-17 00:00:00,1.1639606524636565
2021-05-18 00:00:00,1.1639606524636565
2021-05-19 00:00:00,1.1639606524636565
2021-05-20 00:00:00,1.1639606524636565
2021-05-21 00:00:00,1.1639606524636565
2021-05-24 00:00:00,1.1639606524636565
2021-05-25 00:00:00,1.1639606524636565
2021-05-26 00:00:00,1.1639606524636565
2021-05-27 00:00:00,1.1639606524636565
2021-05-28 00:00:00,1.1639606524636565
2021-06-01 00:00:00,1.1639606524636565
2021-06-02 00:00:00,1.1639606524636565
2021-06-03 00:00:00,1.1639606524636565
2021-06-04 00:00:00,1.1639606524636565
2021-06-07 00:00:00,1.1639606524636565
2021-06-08 00:00:00,1.1639606524636565
2021-06-09 00:00:00,1.1639606524636565
2021-06-10 00:00:00,1.1639606524636565
2021-06-11 00:00:00,1.1639606524636565
2021-06-14 00:00:00,1.1639606524636565
2021-06-15 00:00:00,1.1639606524636565
2021-06-16 00:00:00,1.1639606524636565
2021-06-17 00:00:00,1.1639606524636565
2021-06-18 00:00:00,1.1639606524636565
2021-06-21 00:00:00,1.1639606524636565
2021-06-22 00:00:00,1.1639606524636565
2021-06-23 00:00:00,1.1639606524636565
2021-06-24 00:00:00,1.1639606524636565
2021-06-25 00:00:00,1.1639606524636565
2021-06-28 00:00:00,1.1639606524636565
2021-06-29 00:00:00,1.1639606524636565
2021-06-30 00:00:00,1.1639606524636565
2021-07-01 00:00:00,1.1639606524636565
2021-07-02 00:00:00,1.1639606524636565
2021-07-06 00:00:00,1.1639606524636565
2021-07-07 00:00:00,1.1639606524636565
2021-07-08 00:00:00,1.1639606524636565
2021-07-09 00:00:00,1.1639606524636565
2021-07-12 00:00:00,1.1639606524636565
2021-07-13 00:00:00,1.1639606524636565
2021-07-14 00:00:00,1.1639606524636565
2021-07-15 00:00:00,1.1639606524636565
2021-07-16 00:00:00,1.1639606524636565
2021-07-19 00:00:00,1.1639606524636565
2021-07-20 00:00:00,1.1639606524636565
2021-07-21 00:00:00,1.1639606524636565
2021-07-22 00:00:00,1.1639606524636565
2021-07-23 00:00:00,1.1639606524636565
2021-07-26 00:00:00,1.1639606524636565
2021-07-27 00:00:00,1.1639606524636565
2021-07-28 00:00:00,1.1639606524636565
2021-07-29 00:00:00,1.1639606524636565
2021-07-30 00:00:00,1.1639606524636565
2021-08-02 00:00:00,1.1639606524636565
2021-08-03 00:00:00,1.1639606524636565
2021-08-04 00:00:00,1.1639606524636565
2021-08-05 00:00:00,1.1639606524636565
2021-08-06 00:00:00,1.1639606524636565
2021-08-09 00:00:00,1.1639606524636565
2021-08-10 00:00:00,1.1639606524636565
2021-08-11 00:00:00,1.1639606524636565
2021-08-12 00:00:00,1.1639606524636565
2021-08-13 00:00:00,1.1639606524636565
2021-08-16 00:00:00,1.1639606524636565
2021-08-17 00:00:00,1.1639606524636565
2021-08-18 00:00:00,1.1639606524636565
2021-08-19 00:00:00,1.1639606524636565
2021-08-20 00:00:00,1.1639606524636565
2021-08-23 00:00:00,1.1639606524636565
2021-08-24 00:00:00,1.1639606524636565
2021-08-25 00:00:00,1.1639606524636565
2021-08-26 00:00:00,1.1639606524636565
2021-08-27 00:00:00,1.1639606524636565
2021-08-30 00:00:00,1.1639606524636565
2021-08-31 00:00:00,1.1639606524636565
2021-09-01 00:00:00,1.1639606524636565
2021-09-02 00:00:00,1.1639606524636565
2021-09-03 00:00:00,1.1639606524636565
2021-09-07 00:00:00,1.1639606524636565
2021-09-08 00:00:00,1.1639606524636565
2021-09-09 00:00:00,1.1639606524636565
2021-09-10 00:00:00,1.1639606524636565
2021-09-13 00:00:00,1.1639606524636565
2021-09-14 00:00:00,1.1639606524636565
2021-09-15 00:00:00,1.1639606524636565
2021-09-16 00:00:00,1.1639606524636565
2021-09-17 00:00:00,1.1639606524636565
2021-09-20 00:00:00,1.1639606524636565
2021-09-21 00:00:00,1.1639606524636565
2021-09-22 00:00:00,1.1639606524636565
2021-09-23 00:00:00,1.1639606524636565
2021-09-24 00:00:00,1.1639606524636565
2021-09-27 00:00:00,1.1639606524636565
2021-09-28 00:00:00,1.1639606524636565
2021-09-29 00:00:00,1.1639606524636565
2021-09-30 00:00:00,1.1639606524636565
2021-10-01 00:00:00,1.1639606524636565
2021-10-04 00:00:00,1.1639606524636565
2021-10-05 00:00:00,1.1639606524636565
2021-10-06 00:00:00,1.1639606524636565
2021-10-07 00:00:00,1.1639606524636565
2021-10-08 00:00:00,1.1639606524636565
2021-10-11 00:00:00,1.1639606524636565
2021-10-12 00:00:00,1.1639606524636565
2021-10-13 00:00:00,1.1639606524636565
2021-10-14 00:00:00,1.1639606524636565
2021-10-15 00:00:00,1.1639606524636565
2021-10-18 00:00:00,1.1639606524636565
2021-10-19 00:00:00,1.1639606524636565
2021-10-20 00:00:00,1.1639606524636565
2021-10-21 00:00:00,1.1639606524636565
2021-10-22 00:00:00,1.1639606524636565
2021-10-25 00:00:00,1.1639606524636565
2021-10-26 00:00:00,1.1639606524636565
2021-10-27 00:00:00,1.1639606524636565
2021-10-28 00:00:00,1.1639606524636565
2021-10-29 00:00:00,1.1639606524636565
2021-11-01 00:00:00,1.1639606524636565
2021-11-02 00:00:00,1.1639606524636565
2021-11-03 00:00:00,1.1639606524636565
2021-11-04 00:00:00,1.1639606524636565
2021-11-05 00:00:00,1.1639606524636565
2021-11-08 00:00:00,1.1639606524636565
2021-11-09 00:00:00,1.1639606524636565
2021-11-10 00:00:00,1.1639606524636565
2021-11-11 00:00:00,1.1639606524636565
2021-11-12 00:00:00,1.1639606524636565
2021-11-15 00:00:00,1.1639606524636565
2021-11-16 00:00:00,1.1639606524636565
2021-11-17 00:00:00,1.1639606524636565
2021-11-18 00:00:00,1.1639606524636565
2021-11-19 00:00:00,1.1639606524636565
2021-11-22 00:00:00,1.1639606524636565
2021-11-23 00:00:00,1.1639606524636565
2021-11-24 00:00:00,1.1639606524636565
2021-11-26 00:00:00,1.1639606524636565
2021-11-29 00:00:00,1.1639606524636565
2021-11-30 00:00:00,1.1639606524636565
2021-12-01 00:00:00,1.1639606524636565
2021-12-02 00:00:00,1.1639606524636565
2021-12-03 00:00:00,1.1639606524636565
2021-12-06 00:00:00,1.1639606524636565
2021-12-07 00:00:00,1.1639606524636565
2021-12-08 00:00:00,1.1639606524636565
2021-12-09 00:00:00,1.1639606524636565
2021-12-10 00:00:00,1.1639606524636565
2021-12-13 00:00:00,1.1639606524636565
2021-12-14 00:00:00,1.1639606524636565
2021-12-15 00:00:00,1.1639606524636565
2021-12-16 00:00:00,1.1639606524636565
2021-12-17 00:00:00,1.1639606524636565
2021-12-20 00:00:00,1.1639606524636565
2021-12-21 00:00:00,1.1639606524636565
2021-12-22 00:00:00,1.1639606524636565
2021-12-23 00:00:00,1.1639606524636565
2021-12-27 00:00:00,1.1639606524636565
2021-12-28 00:00:00,1.1639606524636565
2021-12-29 00:00:00,1.1639606524636565
2021-12-30 00:00:00,1.1639606524636565
2021-12-31 00:00:00,1.1639606524636565
2022-01-03 00:00:00,1.1639606524636565
2022-01-04 00:00:00,1.1639606524636565
2022-01-05 00:00:00,1.1639606524636565
2022-01-06 00:00:00,1.1639606524636565
2022-01-07 00:00:00,1.1639606524636565
2022-01-10 00:00:00,1.1639606524636565
2022-01-11 00:00:00,1.1639606524636565
2022-01-12 00:00:00,1.1639606524636565
2022-01-13 00:00:00,1.1639606524636565
2022-01-14 00:00:00,1.1639606524636565
2022-01-18 00:00:00,1.1639606524636565
2022-01-19 00:00:00,1.1639606524636565
2022-01-20 00:00:00,1.1608971707695013
2022-01-21 00:00:00,1.151799140931417
2022-01-24 00:00:00,1.1581260101498696
2022-01-25 00:00:00,1.15934707654473
2022-01-26 00:00:00,1.168576191578698
2022-01-27 00:00:00,1.1546948306743012
2022-01-28 00:00:00,1.1544110288685239
2022-01-31 00:00:00,1.15837310520026
2022-02-01 00:00:00,1.1619589644818367
2022-02-02 00:00:00,1.1593641150822227
2022-02-03 00:00:00,1.1653147672505157
2022-02-04 00:00:00,1.176478712828161
2022-02-07 00:00:00,1.175979929850864
2022-02-08 00:00:00,1.1809631667473188
2022-02-09 00:00:00,1.1795507137910628
2022-02-10 00:00:00,1.1913596028832674
2022-02-11 00:00:00,1.1804879783801459
2022-02-14 00:00:00,1.189717093414114
2022-02-15 00:00:00,1.1980325384691237
2022-02-16 00:00:00,1.1937178396973522
2022-02-17 00:00:00,1.1882744897751027
2022-02-18 00:00:00,1.1805200922590164
2022-02-22 00:00:00,1.1785701863739615
2022-02-23 00:00:00,1.1888204619726481
2022-02-24 00:00:00,1.188321678995351
2022-02-25 00:00:00,1.187769150725174
2022-02-28 00:00:00,1.1716304875198205
2022-03-01 00:00:00,1.163929835296614
2022-03-02 00:00:00,1.1898737364162373
2022-03-03 00:00:00,1.1823880653645507
2022-03-04 00:00:00,1.169581610317752
2022-03-07 00:00:00,1.1753172813145256
2022-03-08 00:00:00,1.1828265469763364
2022-03-09 00:00:00,1.1900670861737477
2022-03-10 00:00:00,1.2005860882368338
2022-03-11 00:00:00,1.1981524747158596
2022-03-14 00:00:00,1.2150671666316564
2022-03-15 00:00:00,1.2162882330265166
2022-03-16 00:00:00,1.2093400149036293
2022-03-17 00:00:00,1.2146457235573633
2022-03-18 00:00:00,1.2059776560623185
2022-03-21 00:00:00,1.2225698762208357
2022-03-22 00:00:00,1.2315302647904043
2022-03-23 00:00:00,1.2163590168568894
2022-03-24 00:00:00,1.2218797066821432
2022-03-25 00:00:00,1.2315925293520307
2022-03-28 00:00:00,1.2256654717938618
2022-03-29 00:00:00,1.2203833577502516
2022-03-30 00:00:00,1.2148862625351222
2022-03-31 00:00:00,1.2131513378215868
2022-04-01 00:00:00,1.2115239036938115
2022-04-04 00:00:00,1.2164533952973862
2022-04-05 00:00:00,1.2324006719413443
2022-04-06 00:00:00,1.237975107059478
2022-04-07 00:00:00,1.2431195798345724
2022-04-08 00:00:00,1.2504676096177434
2022-04-11 00:00:00,1.2610941022665896
2022-04-12 00:00:00,1.2619926969041704
2022-04-13 00:00:00,1.2606339892407945
2022-04-14 00:00:00,1.2738940012407567
2022-04-18 00:00:00,1.277103643472174
2022-04-19 00:00:00,1.281925644489989
2022-04-20 00:00:00,1.2690116988574305
2022-04-21 00:00:00,1.2738336998752453
2022-04-22 00:00:00,1.2779032667927415
2022-04-25 00:00:00,1.2714387563057732
2022-04-26 00:00:00,1.2648667552330453
2022-04-27 00:00:00,1.2732896908738147
2022-04-28 00:00:00,1.2723072002605984
2022-04-29 00:00:00,1.2807301359013679
2022-05-02 00:00:00,1.2929152420437315
2022-05-03 00:00:00,1.2886542885648402
2022-05-04 00:00:00,1.2851457691862676
2022-05-05 00:00:00,1.3025979140308634
2022-05-06 00:00:00,1.3117195384790716
2022-05-09 00:00:00,1.306329933849702
2022-05-10 00:00:00,1.3007253480488126
2022-05-11 00:00:00,1.2887250723952128
2022-05-12 00:00:00,1.289892393497193
2022-05-13 00:00:00,1.2992289991169212
2022-05-16 00:00:00,1.2998588672901024
2022-05-17 00:00:00,1.3073681329519133
2022-05-18 00:00:00,1.2942392061478352
2022-05-19 00:00:00,1.2927192626058195
2022-05-20 00:00:00,1.2855560633114125
2022-05-23 00:00:00,1.2960213200816189
2022-05-24 00:00:00,1.2836448273778596
2022-05-25 00:00:00,1.2811037232711255
2022-05-26 00:00:00,1.2839908937452633
2022-05-27 00:00:00,1.282417204910368
2022-05-31 00:00:00,1.2959459433747296
2022-06-01 00:00:00,1.297758207991269
2022-06-02 00:00:00,1.2974206608926118
2022-06-03 00:00:00,1.2987492178732318
2022-06-06 00:00:00,1.3102356352081566
2022-06-07 00:00:00,1.3036098888425487
2022-06-08 00:00:00,1.3090768333749228
2022-06-09 00:00:00,1.307019436904108
2022-06-10 00:00:00,1.3108202773572042
2022-06-13 00:00:00,1.3299922715739576
2022-06-14 00:00:00,1.3374477919428884
2022-06-15 00:00:00,1.326522422146887
2022-06-16 00:00:00,1.3217777610320762
2022-06-17 00:00:00,1.3198278551470213
2022-06-21 00:00:00,1.330024385452828
2022-06-22 00:00:00,1.3137244863688349
2022-06-23 00:00:00,1.3087110987896244
2022-06-24 00:00:00,1.3171877797232738
2022-06-27 00:00:00,1.3223322524983683
2022-06-28 00:00:00,1.3195224219272346
2022-06-29 00:00:00,1.310101920331871
2022-06-30 00:00:00,1.3047123157025011
2022-07-01 00:00:00,1.299591437537531
2022-07-05 00:00:00,1.2946855405440805
2022-07-06 00:00:00,1.3052045426071668
2022-07-07 00:00:00,1.3106177418466607
2022-07-08 00:00:00,1.3173745734081528
2022-07-11 00:00:00,1.3069329112480705
2022-07-12 00:00:00,1.3032631559908583
2022-07-13 00:00:00,1.2961537019893312
2022-07-14 00:00:00,1.3012444294715457
2022-07-15 00:00:00,1.297735910092973
2022-07-18 00:00:00,1.3042240151900653
2022-07-19 00:00:00,1.3075411480072425
2022-07-20 00:00:00,1.3059137138794672
2022-07-21 00:00:00,1.2952570705478652
2022-07-22 00:00:00,1.2847079178020233
2022-07-25 00:00:00,1.2942780574683732
2022-07-26 00:00:00,1.2942780574683732
2022-07-27 00:00:00,1.2942780574683732
2022-07-28 00:00:00,1.2942780574683732
2022-07-29 00:00:00,1.2942780574683732
2022-08-01 00:00:00,1.2942780574683732
2022-08-02 00:00:00,1.2942780574683732
2022-08-03 00:00:00,1.2942780574683732
2022-08-04 00:00:00,1.2942780574683732
2022-08-05 00:00:00,1.2942780574683732
2022-08-08 00:00:00,1.2942780574683732
2022-08-09 00:00:00,1.2942780574683732
2022-08-10 00:00:00,1.2942780574683732
2022-08-11 00:00:00,1.2942780574683732
2022-08-12 00:00:00,1.2942780574683732
2022-08-15 00:00:00,1.2942780574683732
2022-08-16 00:00:00,1.2942780574683732
2022-08-17 00:00:00,1.2942780574683732
2022-08-18 00:00:00,1.2942780574683732
2022-08-19 00:00:00,1.2942780574683732
2022-08-22 00:00:00,1.2942780574683732
2022-08-23 00:00:00,1.2942780574683732
2022-08-24 00:00:00,1.2942780574683732
2022-08-25 00:00:00,1.2942780574683732
2022-08-26 00:00:00,1.2942780574683732
2022-08-29 00:00:00,1.2942780574683732
2022-08-30 00:00:00,1.2942780574683732
2022-08-31 00:00:00,1.2942780574683732
2022-09-01 00:00:00,1.2942780574683732
2022-09-02 00:00:00,1.2942780574683732
2022-09-06 00:00:00,1.2942780574683732
2022-09-07 00:00:00,1.2942780574683732
2022-09-08 00:00:00,1.2942780574683732
2022-09-09 00:00:00,1.2942780574683732
2022-09-12 00:00:00,1.2942780574683732
2022-09-13 00:00:00,1.2942780574683732
2022-09-14 00:00:00,1.2942780574683732
2022-09-15 00:00:00,1.2942780574683732
2022-09-16 00:00:00,1.2942780574683732
2022-09-19 00:00:00,1.2942780574683732
2022-09-20 00:00:00,1.2942780574683732
2022-09-21 00:00:00,1.2942780574683732
2022-09-22 00:00:00,1.2942780574683732
2022-09-23 00:00:00,1.2942780574683732
2022-09-26 00:00:00,1.2942780574683732
2022-09-27 00:00:00,1.2942780574683732
2022-09-28 00:00:00,1.2942780574683732
2022-09-29 00:00:00,1.2942780574683732
2022-09-30 00:00:00,1.2942780574683732
2022-10-03 00:00:00,1.2942780574683732
2022-10-04 00:00:00,1.2942780574683732
2022-10-05 00:00:00,1.2942780574683732
2022-10-06 00:00:00,1.2942780574683732
2022-10-07 00:00:00,1.2942780574683732
2022-10-10 00:00:00,1.2942780574683732
2022-10-11 00:00:00,1.2942780574683732
2022-10-12 00:00:00,1.2942780574683732
2022-10-13 00:00:00,1.2942780574683732
2022-10-14 00:00:00,1.2942780574683732
2022-10-17 00:00:00,1.2942780574683732
2022-10-18 00:00:00,1.2942780574683732
2022-10-19 00:00:00,1.2942780574683732
2022-10-20 00:00:00,1.2942780574683732
2022-10-21 00:00:00,1.2942780574683732
2022-10-24 00:00:00,1.2942780574683732
2022-10-25 00:00:00,1.2942780574683732
2022-10-26 00:00:00,1.2942780574683732
2022-10-27 00:00:00,1.2942780574683732
2022-10-28 00:00:00,1.2942780574683732
2022-10-31 00:00:00,1.2942780574683732
2022-11-01 00:00:00,1.2942780574683732
2022-11-02 00:00:00,1.2942780574683732
2022-11-03 00:00:00,1.2942780574683732
2022-11-04 00:00:00,1.2942780574683732
2022-11-07 00:00:00,1.2942780574683732
2022-11-08 00:00:00,1.2942780574683732
2022-11-09 00:00:00,1.2942780574683732
2022-11-10 00:00:00,1.2942780574683732
2022-11-11 00:00:00,1.2942780574683732
2022-11-14 00:00:00,1.2942780574683732
2022-11-15 00:00:00,1.2942780574683732
2022-11-16 00:00:00,1.2942780574683732
2022-11-17 00:00:00,1.2942780574683732
2022-11-18 00:00:00,1.2942780574683732
2022-11-21 00:00:00,1.2942780574683732
2022-11-22 00:00:00,1.2942780574683732
2022-11-23 00:00:00,1.2942780574683732
2022-11-25 00:00:00,1.2942780574683732
2022-11-28 00:00:00,1.2942780574683732
2022-11-29 00:00:00,1.2942780574683732
2022-11-30 00:00:00,1.2942780574683732
2022-12-01 00:00:00,1.2942780574683732
2022-12-02 00:00:00,1.2942780574683732
2022-12-05 00:00:00,1.2942780574683732
2022-12-06 00:00:00,1.2942780574683732
2022-12-07 00:00:00,1.2942780574683732
2022-12-08 00:00:00,1.2942780574683732
2022-12-09 00:00:00,1.2942780574683732
2022-12-12 00:00:00,1.2942780574683732
2022-12-13 00:00:00,1.2942780574683732
2022-12-14 00:00:00,1.2942780574683732
2022-12-15 00:00:00,1.2942780574683732
2022-12-16 00:00:00,1.2942780574683732
2022-12-19 00:00:00,1.2942780574683732
2022-12-20 00:00:00,1.2942780574683732
2022-12-21 00:00:00,1.2942780574683732
2022-12-22 00:00:00,1.2942780574683732
2022-12-23 00:00:00,1.2942780574683732
2022-12-27 00:00:00,1.2942780574683732
2022-12-28 00:00:00,1.2942780574683732
2022-12-29 00:00:00,1.2942780574683732
2022-12-30 00:00:00,1.2942780574683732
2023-01-03 00:00:00,1.2942780574683732
2023-01-04 00:00:00,1.2942780574683732
2023-01-05 00:00:00,1.2942780574683732
2023-01-06 00:00:00,1.2942780574683732
2023-01-09 00:00:00,1.2942780574683732
2023-01-10 00:00:00,1.2942780574683732
2023-01-11 00:00:00,1.2942780574683732
2023-01-12 00:00:00,1.2942780574683732
2023-01-13 00:00:00,1.2942780574683732
2023-01-17 00:00:00,1.2942780574683732
2023-01-18 00:00:00,1.2942780574683732
2023-01-19 00:00:00,1.2942780574683732
2023-01-20 00:00:00,1.2942780574683732
2023-01-23 00:00:00,1.2942780574683732
2023-01-24 00:00:00,1.2942780574683732
2023-01-25 00:00:00,1.2942780574683732
2023-01-26 00:00:00,1.2942780574683732
2023-01-27 00:00:00,1.2942780574683732
2023-01-30 00:00:00,1.2942780574683732
2023-01-31 00:00:00,1.2942780574683732
2023-02-01 00:00:00,1.2942780574683732
2023-02-02 00:00:00,1.2942780574683732
2023-02-03 00:00:00,1.2942780574683732
2023-02-06 00:00:00,1.2942780574683732
2023-02-07 00:00:00,1.2942780574683732
2023-02-08 00:00:00,1.2942780574683732
2023-02-09 00:00:00,1.2942780574683732
2023-02-10 00:00:00,1.2942780574683732
2023-02-13 00:00:00,1.2942780574683732
2023-02-14 00:00:00,1.2942780574683732
2023-02-15 00:00:00,1.2942780574683732
2023-02-16 00:00:00,1.2942780574683732
2023-02-17 00:00:00,1.2942780574683732
2023-02-21 00:00:00,1.2942780574683732
2023-02-22 00:00:00,1.2942780574683732
2023-02-23 00:00:00,1.2942780574683732
2023-02-24 00:00:00,1.2942780574683732
2023-02-27 00:00:00,1.2942780574683732
2023-02-28 00:00:00,1.2942780574683732
2023-03-01 00:00:00,1.2942780574683732
2023-03-02 00:00:00,1.2942780574683732
2023-03-03 00:00:00,1.2942780574683732
2023-03-06 00:00:00,1.2942780574683732
2023-03-07 00:00:00,1.2942780574683732
2023-03-08 00:00:00,1.2942780574683732
2023-03-09 00:00:00,1.2942780574683732
2023-03-10 00:00:00,1.2942780574683732
2023-03-13 00:00:00,1.2942780574683732
2023-03-14 00:00:00,1.2942780574683732
2023-03-15 00:00:00,1.2942780574683732
2023-03-16 00:00:00,1.2942780574683732
2023-03-17 00:00:00,1.2942780574683732
2023-03-20 00:00:00,1.2942780574683732
2023-03-21 00:00:00,1.2942780574683732
2023-03-22 00:00:00,1.2942780574683732
2023-03-23 00:00:00,1.2942780574683732
2023-03-24 00:00:00,1.2942780574683732
2023-03-27 00:00:00,1.2942780574683732
2023-03-28 00:00:00,1.2942780574683732
2023-03-29 00:00:00,1.2942780574683732
2023-03-30 00:00:00,1.2942780574683732
2023-03-31 00:00:00,1.2942780574683732
2023-04-03 00:00:00,1.2942780574683732
2023-04-04 00:00:00,1.2942780574683732
2023-04-05 00:00:00,1.2942780574683732
2023-04-06 00:00:00,1.2942780574683732
2023-04-10 00:00:00,1.2942780574683732
2023-04-11 00:00:00,1.2942780574683732
2023-04-12 00:00:00,1.2942780574683732
2023-04-13 00:00:00,1.2942780574683732
2023-04-14 00:00:00,1.2942780574683732
2023-04-17 00:00:00,1.2942780574683732
2023-04-18 00:00:00,1.2942780574683732
2023-04-19 00:00:00,1.2942780574683732
2023-04-20 00:00:00,1.2942780574683732
2023-04-21 00:00:00,1.2942780574683732
2023-04-24 00:00:00,1.2942780574683732
2023-04-25 00:00:00,1.2942780574683732
2023-04-26 00:00:00,1.2942780574683732
2023-04-27 00:00:00,1.2942780574683732
2023-04-28 00:00:00,1.2942780574683732
2023-05-01 00:00:00,1.2942780574683732
2023-05-02 00:00:00,1.2942780574683732
2023-05-03 00:00:00,1.2942780574683732
2023-05-04 00:00:00,1.2942780574683732
2023-05-05 00:00:00,1.2942780574683732
2023-05-08 00:00:00,1.2942780574683732
2023-05-09 00:00:00,1.2942780574683732
2023-05-10 00:00:00,1.2942780574683732
2023-05-11 00:00:00,1.2942780574683732
2023-05-12 00:00:00,1.2942780574683732
2023-05-15 00:00:00,1.2942780574683732
2023-05-16 00:00:00,1.2942780574683732
2023-05-17 00:00:00,1.2942780574683732
2023-05-18 00:00:00,1.2942780574683732
2023-05-19 00:00:00,1.2942780574683732
2023-05-22 00:00:00,1.2942780574683732
2023-05-23 00:00:00,1.2942780574683732
2023-05-24 00:00:00,1.2942780574683732
2023-05-25 00:00:00,1.2978291441598206
2023-05-26 00:00:00,1.29096372666542
2023-05-30 00:00:00,1.282407315508425
2023-05-31 00:00:00,1.2748655005489868
2023-06-01 00:00:00,1.2737494615074054
2023-06-02 00:00:00,1.2832866825401663
2023-06-05 00:00:00,1.2848762333587354
2023-06-06 00:00:00,1.2797863592100582
2023-06-07 00:00:00,1.2926210178848774
2023-06-08 00:00:00,1.2826272621146777
2023-06-09 00:00:00,1.2837940645175985
2023-06-12 00:00:00,1.2812406808628123
2023-06-13 00:00:00,1.2897633056980167
2023-06-14 00:00:00,1.282897888203616
2023-06-15 00:00:00,1.2745951260960102
2023-06-16 00:00:00,1.277960220260303
2023-06-20 00:00:00,1.2719402995971993
2023-06-21 00:00:00,1.2698096643580616
2023-06-22 00:00:00,1.2803614815883788
2023-06-23 00:00:00,1.2671524704681232
2023-06-26 00:00:00,1.2671524704681232
2023-06-27 00:00:00,1.2671524704681232
2023-06-28 00:00:00,1.2671524704681232
2023-06-29 00:00:00,1.2671524704681232
2023-06-30 00:00:00,1.2671524704681232
2023-07-03 00:00:00,1.2671524704681232
2023-07-05 00:00:00,1.2671524704681232
2023-07-06 00:00:00,1.2671524704681232
2023-07-07 00:00:00,1.2671524704681232
2023-07-10 00:00:00,1.2671524704681232
2023-07-11 00:00:00,1.2671524704681232
2023-07-12 00:00:00,1.2671524704681232
2023-07-13 00:00:00,1.2671524704681232
2023-07-14 00:00:00,1.2671524704681232
2023-07-17 00:00:00,1.2671524704681232
2023-07-18 00:00:00,1.2671524704681232
2023-07-19 00:00:00,1.2671524704681232
2023-07-20 00:00:00,1.2671524704681232
2023-07-21 00:00:00,1.2671524704681232
2023-07-24 00:00:00,1.2671524704681232
2023-07-25 00:00:00,1.2671524704681232
2023-07-26 00:00:00,1.2671524704681232
2023-07-27 00:00:00,1.2671524704681232
2023-07-28 00:00:00,1.2671524704681232
2023-07-31 00:00:00,1.2671524704681232
2023-08-01 00:00:00,1.2671524704681232
2023-08-02 00:00:00,1.2671524704681232
2023-08-03 00:00:00,1.2671524704681232
2023-08-04 00:00:00,1.2671524704681232
2023-08-07 00:00:00,1.2671524704681232
2023-08-08 00:00:00,1.2671524704681232
2023-08-09 00:00:00,1.2671524704681232
2023-08-10 00:00:00,1.2671524704681232
2023-08-11 00:00:00,1.2671524704681232
2023-08-14 00:00:00,1.2671524704681232
2023-08-15 00:00:00,1.2671524704681232
2023-08-16 00:00:00,1.2671524704681232
2023-08-17 00:00:00,1.2671524704681232
2023-08-18 00:00:00,1.2671524704681232
2023-08-21 00:00:00,1.2671524704681232
2023-08-22 00:00:00,1.2671524704681232
2023-08-23 00:00:00,1.2671524704681232
2023-08-24 00:00:00,1.2671524704681232
2023-08-25 00:00:00,1.2671524704681232
2023-08-28 00:00:00,1.2671524704681232
2023-08-29 00:00:00,1.2671524704681232
2023-08-30 00:00:00,1.2671524704681232
2023-08-31 00:00:00,1.2671524704681232
2023-09-01 00:00:00,1.2671524704681232
2023-09-05 00:00:00,1.2671524704681232
2023-09-06 00:00:00,1.2671524704681232
2023-09-07 00:00:00,1.2671524704681232
2023-09-08 00:00:00,1.2671524704681232
2023-09-11 00:00:00,1.2671524704681232
2023-09-12 00:00:00,1.2671524704681232
2023-09-13 00:00:00,1.2671524704681232
2023-09-14 00:00:00,1.2671524704681232
2023-09-15 00:00:00,1.2671524704681232
2023-09-18 00:00:00,1.2671524704681232
2023-09-19 00:00:00,1.2671524704681232
2023-09-20 00:00:00,1.2671524704681232
2023-09-21 00:00:00,1.2671524704681232
2023-09-22 00:00:00,1.2671524704681232
2023-09-25 00:00:00,1.2671524704681232
2023-09-26 00:00:00,1.2671524704681232
2023-09-27 00:00:00,1.2671524704681232
2023-09-28 00:00:00,1.2671524704681232
2023-09-29 00:00:00,1.2671524704681232
2023-10-02 00:00:00,1.2671524704681232
2023-10-03 00:00:00,1.2671524704681232
2023-10-04 00:00:00,1.2671524704681232
2023-10-05 00:00:00,1.2671524704681232
2023-10-06 00:00:00,1.2671524704681232
2023-10-09 00:00:00,1.2671524704681232
2023-10-10 00:00:00,1.2671524704681232
2023-10-11 00:00:00,1.2671524704681232
2023-10-12 00:00:00,1.2671524704681232
2023-10-13 00:00:00,1.2671524704681232
2023-10-16 00:00:00,1.2671524704681232
2023-10-17 00:00:00,1.2671524704681232
2023-10-18 00:00:00,1.2671524704681232
2023-10-19 00:00:00,1.2671524704681232
2023-10-20 00:00:00,1.2671524704681232
2023-10-23 00:00:00,1.2671524704681232
2023-10-24 00:00:00,1.2671524704681232
2023-10-25 00:00:00,1.2671524704681232
2023-10-26 00:00:00,1.2671524704681232
2023-10-27 00:00:00,1.2671524704681232
2023-10-30 00:00:00,1.2671524704681232
2023-10-31 00:00:00,1.2671524704681232
2023-11-01 00:00:00,1.2671524704681232
2023-11-02 00:00:00,1.2671524704681232
2023-11-03 00:00:00,1.2671524704681232
2023-11-06 00:00:00,1.2671524704681232
2023-11-07 00:00:00,1.2671524704681232
2023-11-08 00:00:00,1.2671524704681232
2023-11-09 00:00:00,1.2671524704681232
2023-11-10 00:00:00,1.2671524704681232
2023-11-13 00:00:00,1.2671524704681232
2023-11-14 00:00:00,1.2671524704681232
2023-11-15 00:00:00,1.2671524704681232
2023-11-16 00:00:00,1.2671524704681232
2023-11-17 00:00:00,1.2671524704681232
2023-11-20 00:00:00,1.2671524704681232
2023-11-21 00:00:00,1.2671524704681232
2023-11-22 00:00:00,1.2671524704681232
2023-11-24 00:00:00,1.2671524704681232
2023-11-27 00:00:00,1.2671524704681232
2023-11-28 00:00:00,1.2671524704681232
2023-11-29 00:00:00,1.2671524704681232
2023-11-30 00:00:00,1.2671524704681232
2023-12-01 00:00:00,1.2671524704681232
2023-12-04 00:00:00,1.2671524704681232
2023-12-05 00:00:00,1.2671524704681232
2023-12-06 00:00:00,1.2671524704681232
2023-12-07 00:00:00,1.2671524704681232
2023-12-08 00:00:00,1.2671524704681232
2023-12-11 00:00:00,1.2671524704681232
2023-12-12 00:00:00,1.2671524704681232
2023-12-13 00:00:00,1.2671524704681232
2023-12-14 00:00:00,1.2671524704681232
2023-12-15 00:00:00,1.2671524704681232
2023-12-18 00:00:00,1.2671524704681232
2023-12-19 00:00:00,1.2671524704681232
2023-12-20 00:00:00,1.2671524704681232
2023-12-21 00:00:00,1.2671524704681232
2023-12-22 00:00:00,1.2671524704681232
2023-12-26 00:00:00,1.2671524704681232
2023-12-27 00:00:00,1.2671524704681232
2023-12-28 00:00:00,1.2671524704681232
2023-12-29 00:00:00,1.2671524704681232
