date,combined_equity
2000-05-26 00:00:00,1.0
2000-05-30 00:00:00,1.0
2000-05-31 00:00:00,1.0
2000-06-01 00:00:00,1.0
2000-06-02 00:00:00,1.0
2000-06-05 00:00:00,1.0
2000-06-06 00:00:00,1.0
2000-06-07 00:00:00,1.0
2000-06-08 00:00:00,1.0
2000-06-09 00:00:00,1.0
2000-06-12 00:00:00,1.0
2000-06-13 00:00:00,1.0
2000-06-14 00:00:00,1.0
2000-06-15 00:00:00,1.0
2000-06-16 00:00:00,1.0
2000-06-19 00:00:00,1.0
2000-06-20 00:00:00,1.0
2000-06-21 00:00:00,1.0
2000-06-22 00:00:00,1.0
2000-06-23 00:00:00,1.0
2000-06-26 00:00:00,1.0
2000-06-27 00:00:00,1.0
2000-06-28 00:00:00,1.0
2000-06-29 00:00:00,1.0
2000-06-30 00:00:00,1.0
2000-07-03 00:00:00,1.0
2000-07-05 00:00:00,1.0
2000-07-06 00:00:00,1.0
2000-07-07 00:00:00,1.0
2000-07-10 00:00:00,1.0
2000-07-11 00:00:00,1.0
2000-07-12 00:00:00,1.0
2000-07-13 00:00:00,1.0
2000-07-14 00:00:00,1.0
2000-07-17 00:00:00,1.0
2000-07-18 00:00:00,1.0
2000-07-19 00:00:00,1.0
2000-07-20 00:00:00,1.0
2000-07-21 00:00:00,1.0
2000-07-24 00:00:00,1.0
2000-07-25 00:00:00,1.0
2000-07-26 00:00:00,1.0
2000-07-27 00:00:00,1.0
2000-07-28 00:00:00,1.0
2000-07-31 00:00:00,1.0
2000-08-01 00:00:00,1.0
2000-08-02 00:00:00,1.0
2000-08-03 00:00:00,1.0
2000-08-04 00:00:00,1.0
2000-08-07 00:00:00,1.0
2000-08-08 00:00:00,1.0
2000-08-09 00:00:00,1.0
2000-08-10 00:00:00,1.0
2000-08-11 00:00:00,1.0
2000-08-14 00:00:00,1.0
2000-08-15 00:00:00,1.0
2000-08-16 00:00:00,1.0
2000-08-17 00:00:00,1.0
2000-08-18 00:00:00,1.0
2000-08-21 00:00:00,1.0
2000-08-22 00:00:00,1.0
2000-08-23 00:00:00,1.0
2000-08-24 00:00:00,1.0
2000-08-25 00:00:00,1.0
2000-08-28 00:00:00,1.0
2000-08-29 00:00:00,1.0
2000-08-30 00:00:00,1.0
2000-08-31 00:00:00,1.0
2000-09-01 00:00:00,1.0
2000-09-05 00:00:00,1.0
2000-09-06 00:00:00,1.0
2000-09-07 00:00:00,1.0
2000-09-08 00:00:00,1.0
2000-09-11 00:00:00,1.0
2000-09-12 00:00:00,1.0
2000-09-13 00:00:00,1.0
2000-09-14 00:00:00,1.0
2000-09-15 00:00:00,1.0
2000-09-18 00:00:00,1.0
2000-09-19 00:00:00,1.0
2000-09-20 00:00:00,1.0
2000-09-21 00:00:00,1.0
2000-09-22 00:00:00,1.0
2000-09-25 00:00:00,1.0
2000-09-26 00:00:00,1.0
2000-09-27 00:00:00,1.0
2000-09-28 00:00:00,1.0
2000-09-29 00:00:00,1.0
2000-10-02 00:00:00,1.0
2000-10-03 00:00:00,1.0
2000-10-04 00:00:00,1.0
2000-10-05 00:00:00,1.0
2000-10-06 00:00:00,1.0
2000-10-09 00:00:00,1.0
2000-10-10 00:00:00,1.0
2000-10-11 00:00:00,1.0
2000-10-12 00:00:00,1.0
2000-10-13 00:00:00,1.0
2000-10-16 00:00:00,1.0
2000-10-17 00:00:00,1.0
2000-10-18 00:00:00,1.0
2000-10-19 00:00:00,1.0
2000-10-20 00:00:00,1.0
2000-10-23 00:00:00,1.0
2000-10-24 00:00:00,1.0
2000-10-25 00:00:00,1.0
2000-10-26 00:00:00,1.0
2000-10-27 00:00:00,1.0
2000-10-30 00:00:00,1.0
2000-10-31 00:00:00,1.0
2000-11-01 00:00:00,1.0
2000-11-02 00:00:00,1.0
2000-11-03 00:00:00,1.0
2000-11-06 00:00:00,1.0
2000-11-07 00:00:00,1.0
2000-11-08 00:00:00,1.0
2000-11-09 00:00:00,1.0
2000-11-10 00:00:00,1.0
2000-11-13 00:00:00,1.0
2000-11-14 00:00:00,1.0
2000-11-15 00:00:00,1.0
2000-11-16 00:00:00,1.0
2000-11-17 00:00:00,1.0
2000-11-20 00:00:00,1.0
2000-11-21 00:00:00,1.0
2000-11-22 00:00:00,1.0
2000-11-24 00:00:00,1.0
2000-11-27 00:00:00,1.0
2000-11-28 00:00:00,1.0
2000-11-29 00:00:00,1.0
2000-11-30 00:00:00,1.0
2000-12-01 00:00:00,1.0
2000-12-04 00:00:00,1.0
2000-12-05 00:00:00,1.0
2000-12-06 00:00:00,1.0
2000-12-07 00:00:00,1.0
2000-12-08 00:00:00,1.0
2000-12-11 00:00:00,1.0
2000-12-12 00:00:00,1.0
2000-12-13 00:00:00,1.0
2000-12-14 00:00:00,1.0
2000-12-15 00:00:00,1.0
2000-12-18 00:00:00,1.0
2000-12-19 00:00:00,1.0
2000-12-20 00:00:00,1.0
2000-12-21 00:00:00,1.0
2000-12-22 00:00:00,1.0
2000-12-26 00:00:00,1.0
2000-12-27 00:00:00,1.0
2000-12-28 00:00:00,1.0
2000-12-29 00:00:00,1.0
2001-01-02 00:00:00,1.0
2001-01-03 00:00:00,1.0
2001-01-04 00:00:00,1.0
2001-01-05 00:00:00,1.0
2001-01-08 00:00:00,1.0
2001-01-09 00:00:00,1.0
2001-01-10 00:00:00,1.0
2001-01-11 00:00:00,1.0
2001-01-12 00:00:00,1.0
2001-01-16 00:00:00,1.0
2001-01-17 00:00:00,1.0
2001-01-18 00:00:00,1.0
2001-01-19 00:00:00,1.0
2001-01-22 00:00:00,1.0
2001-01-23 00:00:00,1.0
2001-01-24 00:00:00,1.0
2001-01-25 00:00:00,1.0
2001-01-26 00:00:00,1.0
2001-01-29 00:00:00,1.0
2001-01-30 00:00:00,1.0
2001-01-31 00:00:00,1.0
2001-02-01 00:00:00,1.0
2001-02-02 00:00:00,1.0
2001-02-05 00:00:00,1.0
2001-02-06 00:00:00,1.0
2001-02-07 00:00:00,1.0
2001-02-08 00:00:00,1.0
2001-02-09 00:00:00,1.0
2001-02-12 00:00:00,1.0
2001-02-13 00:00:00,1.0
2001-02-14 00:00:00,1.0
2001-02-15 00:00:00,1.0
2001-02-16 00:00:00,1.0
2001-02-20 00:00:00,1.0
2001-02-21 00:00:00,1.0
2001-02-22 00:00:00,1.0
2001-02-23 00:00:00,1.0
2001-02-26 00:00:00,1.0
2001-02-27 00:00:00,1.0
2001-02-28 00:00:00,1.0
2001-03-01 00:00:00,1.0
2001-03-02 00:00:00,1.0
2001-03-05 00:00:00,1.0
2001-03-06 00:00:00,1.0
2001-03-07 00:00:00,1.0
2001-03-08 00:00:00,1.0
2001-03-09 00:00:00,1.0
2001-03-12 00:00:00,1.0
2001-03-13 00:00:00,1.0
2001-03-14 00:00:00,1.0
2001-03-15 00:00:00,1.0
2001-03-16 00:00:00,1.0
2001-03-19 00:00:00,1.0
2001-03-20 00:00:00,1.0
2001-03-21 00:00:00,1.0
2001-03-22 00:00:00,1.0
2001-03-23 00:00:00,1.0
2001-03-26 00:00:00,1.0
2001-03-27 00:00:00,1.0
2001-03-28 00:00:00,1.0
2001-03-29 00:00:00,1.0
2001-03-30 00:00:00,1.0
2001-04-02 00:00:00,1.0
2001-04-03 00:00:00,1.0
2001-04-04 00:00:00,1.0
2001-04-05 00:00:00,1.0
2001-04-06 00:00:00,1.0
2001-04-09 00:00:00,1.0
2001-04-10 00:00:00,1.0
2001-04-11 00:00:00,1.0
2001-04-12 00:00:00,1.0
2001-04-16 00:00:00,1.0
2001-04-17 00:00:00,1.0
2001-04-18 00:00:00,1.0
2001-04-19 00:00:00,1.0
2001-04-20 00:00:00,1.0
2001-04-23 00:00:00,1.0
2001-04-24 00:00:00,1.0
2001-04-25 00:00:00,1.0
2001-04-26 00:00:00,1.0
2001-04-27 00:00:00,1.0
2001-04-30 00:00:00,1.0
2001-05-01 00:00:00,1.0
2001-05-02 00:00:00,1.0
2001-05-03 00:00:00,1.0
2001-05-04 00:00:00,1.0
2001-05-07 00:00:00,1.0
2001-05-08 00:00:00,1.0
2001-05-09 00:00:00,1.0
2001-05-10 00:00:00,1.0
2001-05-11 00:00:00,1.0
2001-05-14 00:00:00,1.0
2001-05-15 00:00:00,1.0
2001-05-16 00:00:00,1.0
2001-05-17 00:00:00,1.0
2001-05-18 00:00:00,1.0
2001-05-21 00:00:00,1.0
2001-05-22 00:00:00,1.0
2001-05-23 00:00:00,1.0
2001-05-24 00:00:00,1.0
2001-05-25 00:00:00,1.0
2001-05-29 00:00:00,1.0
2001-05-30 00:00:00,1.0
2001-05-31 00:00:00,1.0
2001-06-01 00:00:00,1.0
2001-06-04 00:00:00,1.0
2001-06-05 00:00:00,1.0
2001-06-06 00:00:00,1.0
2001-06-07 00:00:00,1.0
2001-06-08 00:00:00,1.0
2001-06-11 00:00:00,1.0
2001-06-12 00:00:00,1.0
2001-06-13 00:00:00,1.0
2001-06-14 00:00:00,1.0
2001-06-15 00:00:00,1.0
2001-06-18 00:00:00,1.0
2001-06-19 00:00:00,1.0
2001-06-20 00:00:00,1.0
2001-06-21 00:00:00,1.0
2001-06-22 00:00:00,1.0
2001-06-25 00:00:00,1.0
2001-06-26 00:00:00,1.0
2001-06-27 00:00:00,1.0
2001-06-28 00:00:00,1.0
2001-06-29 00:00:00,1.0
2001-07-02 00:00:00,1.0
2001-07-03 00:00:00,1.0
2001-07-05 00:00:00,1.0
2001-07-06 00:00:00,1.0
2001-07-09 00:00:00,1.0
2001-07-10 00:00:00,1.0
2001-07-11 00:00:00,1.0
2001-07-12 00:00:00,1.0
2001-07-13 00:00:00,1.0
2001-07-16 00:00:00,1.0
2001-07-17 00:00:00,1.0
2001-07-18 00:00:00,1.0
2001-07-19 00:00:00,1.0
2001-07-20 00:00:00,1.0
2001-07-23 00:00:00,1.0
2001-07-24 00:00:00,1.0
2001-07-25 00:00:00,1.0
2001-07-26 00:00:00,1.0
2001-07-27 00:00:00,1.0
2001-07-30 00:00:00,1.0
2001-07-31 00:00:00,1.0
2001-08-01 00:00:00,1.0
2001-08-02 00:00:00,1.0
2001-08-03 00:00:00,1.0
2001-08-06 00:00:00,1.0
2001-08-07 00:00:00,1.0
2001-08-08 00:00:00,1.0
2001-08-09 00:00:00,1.0
2001-08-10 00:00:00,1.0
2001-08-13 00:00:00,1.0
2001-08-14 00:00:00,1.0
2001-08-15 00:00:00,1.0
2001-08-16 00:00:00,1.0
2001-08-17 00:00:00,1.0
2001-08-20 00:00:00,1.0
2001-08-21 00:00:00,1.0
2001-08-22 00:00:00,1.0
2001-08-23 00:00:00,1.0
2001-08-24 00:00:00,1.0
2001-08-27 00:00:00,1.0
2001-08-28 00:00:00,1.0
2001-08-29 00:00:00,1.0
2001-08-30 00:00:00,1.0
2001-08-31 00:00:00,1.0
2001-09-04 00:00:00,1.0
2001-09-05 00:00:00,1.0
2001-09-06 00:00:00,1.0
2001-09-07 00:00:00,1.0
2001-09-10 00:00:00,1.0
2001-09-17 00:00:00,1.0
2001-09-18 00:00:00,1.0
2001-09-19 00:00:00,1.0
2001-09-20 00:00:00,1.0
2001-09-21 00:00:00,1.0
2001-09-24 00:00:00,1.0
2001-09-25 00:00:00,1.0
2001-09-26 00:00:00,1.0
2001-09-27 00:00:00,1.0
2001-09-28 00:00:00,1.0
2001-10-01 00:00:00,1.0
2001-10-02 00:00:00,1.0
2001-10-03 00:00:00,1.0
2001-10-04 00:00:00,1.0
2001-10-05 00:00:00,1.0
2001-10-08 00:00:00,1.0
2001-10-09 00:00:00,1.0
2001-10-10 00:00:00,1.0
2001-10-11 00:00:00,1.0
2001-10-12 00:00:00,1.0
2001-10-15 00:00:00,1.0
2001-10-16 00:00:00,1.0
2001-10-17 00:00:00,1.0
2001-10-18 00:00:00,1.0
2001-10-19 00:00:00,1.0
2001-10-22 00:00:00,1.0
2001-10-23 00:00:00,1.0
2001-10-24 00:00:00,1.0
2001-10-25 00:00:00,1.0
2001-10-26 00:00:00,1.0
2001-10-29 00:00:00,1.0
2001-10-30 00:00:00,1.0
2001-10-31 00:00:00,1.0
2001-11-01 00:00:00,1.0
2001-11-02 00:00:00,1.0
2001-11-05 00:00:00,1.0
2001-11-06 00:00:00,1.0
2001-11-07 00:00:00,1.0
2001-11-08 00:00:00,1.0
2001-11-09 00:00:00,1.0
2001-11-12 00:00:00,1.0
2001-11-13 00:00:00,1.0
2001-11-14 00:00:00,1.0
2001-11-15 00:00:00,1.0
2001-11-16 00:00:00,1.0
2001-11-19 00:00:00,1.0
2001-11-20 00:00:00,1.0
2001-11-21 00:00:00,1.0
2001-11-23 00:00:00,1.0
2001-11-26 00:00:00,1.0
2001-11-27 00:00:00,1.0
2001-11-28 00:00:00,1.0
2001-11-29 00:00:00,1.0
2001-11-30 00:00:00,1.0
2001-12-03 00:00:00,1.0
2001-12-04 00:00:00,1.0
2001-12-05 00:00:00,1.0
2001-12-06 00:00:00,1.0
2001-12-07 00:00:00,1.0
2001-12-10 00:00:00,1.0
2001-12-11 00:00:00,1.0
2001-12-12 00:00:00,1.0
2001-12-13 00:00:00,1.0
2001-12-14 00:00:00,1.0
2001-12-17 00:00:00,1.0
2001-12-18 00:00:00,1.0
2001-12-19 00:00:00,1.0
2001-12-20 00:00:00,1.0
2001-12-21 00:00:00,1.0
2001-12-24 00:00:00,1.0
2001-12-26 00:00:00,1.0
2001-12-27 00:00:00,1.0
2001-12-28 00:00:00,1.0
2001-12-31 00:00:00,1.0
2002-01-02 00:00:00,1.0
2002-01-03 00:00:00,1.0
2002-01-04 00:00:00,1.0
2002-01-07 00:00:00,1.0
2002-01-08 00:00:00,1.0
2002-01-09 00:00:00,1.0
2002-01-10 00:00:00,1.0
2002-01-11 00:00:00,1.0
2002-01-14 00:00:00,1.0
2002-01-15 00:00:00,1.0
2002-01-16 00:00:00,1.0
2002-01-17 00:00:00,1.0
2002-01-18 00:00:00,1.0
2002-01-22 00:00:00,1.0
2002-01-23 00:00:00,1.0
2002-01-24 00:00:00,1.0
2002-01-25 00:00:00,1.0
2002-01-28 00:00:00,1.0
2002-01-29 00:00:00,1.0
2002-01-30 00:00:00,1.0
2002-01-31 00:00:00,1.0
2002-02-01 00:00:00,1.0
2002-02-04 00:00:00,1.0
2002-02-05 00:00:00,1.0
2002-02-06 00:00:00,1.0
2002-02-07 00:00:00,1.0
2002-02-08 00:00:00,1.0
2002-02-11 00:00:00,1.0
2002-02-12 00:00:00,1.0
2002-02-13 00:00:00,1.0
2002-02-14 00:00:00,1.0
2002-02-15 00:00:00,1.0
2002-02-19 00:00:00,1.0
2002-02-20 00:00:00,1.0
2002-02-21 00:00:00,1.0
2002-02-22 00:00:00,1.0
2002-02-25 00:00:00,1.0
2002-02-26 00:00:00,1.0
2002-02-27 00:00:00,1.0
2002-02-28 00:00:00,1.0
2002-03-01 00:00:00,1.0
2002-03-04 00:00:00,1.0
2002-03-05 00:00:00,1.0
2002-03-06 00:00:00,1.0
2002-03-07 00:00:00,1.0
2002-03-08 00:00:00,1.0
2002-03-11 00:00:00,1.0
2002-03-12 00:00:00,1.0
2002-03-13 00:00:00,1.0
2002-03-14 00:00:00,1.0
2002-03-15 00:00:00,1.0
2002-03-18 00:00:00,1.0
2002-03-19 00:00:00,1.0
2002-03-20 00:00:00,1.0
2002-03-21 00:00:00,1.0
2002-03-22 00:00:00,1.0
2002-03-25 00:00:00,1.0
2002-03-26 00:00:00,1.0
2002-03-27 00:00:00,1.0
2002-03-28 00:00:00,1.0
2002-04-01 00:00:00,1.0
2002-04-02 00:00:00,1.0
2002-04-03 00:00:00,1.0
2002-04-04 00:00:00,1.0
2002-04-05 00:00:00,1.0
2002-04-08 00:00:00,1.0
2002-04-09 00:00:00,1.0
2002-04-10 00:00:00,1.0
2002-04-11 00:00:00,1.0
2002-04-12 00:00:00,1.0
2002-04-15 00:00:00,1.0
2002-04-16 00:00:00,1.0
2002-04-17 00:00:00,1.0
2002-04-18 00:00:00,1.0
2002-04-19 00:00:00,1.0
2002-04-22 00:00:00,1.0
2002-04-23 00:00:00,1.0
2002-04-24 00:00:00,1.0
2002-04-25 00:00:00,1.0
2002-04-26 00:00:00,1.0
2002-04-29 00:00:00,1.0
2002-04-30 00:00:00,1.0
2002-05-01 00:00:00,1.0
2002-05-02 00:00:00,1.0
2002-05-03 00:00:00,1.0
2002-05-06 00:00:00,1.0
2002-05-07 00:00:00,1.0
2002-05-08 00:00:00,1.0
2002-05-09 00:00:00,1.0
2002-05-10 00:00:00,1.0
2002-05-13 00:00:00,1.0
2002-05-14 00:00:00,1.0
2002-05-15 00:00:00,1.0
2002-05-16 00:00:00,1.0
2002-05-17 00:00:00,1.0
2002-05-20 00:00:00,1.0
2002-05-21 00:00:00,1.0
2002-05-22 00:00:00,1.0
2002-05-23 00:00:00,1.0
2002-05-24 00:00:00,1.0
2002-05-28 00:00:00,1.0
2002-05-29 00:00:00,1.0
2002-05-30 00:00:00,1.0
2002-05-31 00:00:00,1.0
2002-06-03 00:00:00,1.0
2002-06-04 00:00:00,1.0
2002-06-05 00:00:00,1.0
2002-06-06 00:00:00,1.0176416933039727
2002-06-07 00:00:00,1.0093444206492455
2002-06-10 00:00:00,1.0103115009027495
2002-06-11 00:00:00,1.0250765535727688
2002-06-12 00:00:00,1.022101355992983
2002-06-13 00:00:00,1.0348952697463571
2002-06-14 00:00:00,1.0299489332499263
2002-06-17 00:00:00,1.0089378145828387
2002-06-18 00:00:00,1.0063568447863818
2002-06-19 00:00:00,1.024965618343859
2002-06-20 00:00:00,1.0269182680556856
2002-06-21 00:00:00,1.0288709177675122
2002-06-24 00:00:00,1.0317105799918291
2002-06-25 00:00:00,1.0444059367993712
2002-06-26 00:00:00,1.044880232323714
2002-06-27 00:00:00,1.0278113914899163
2002-06-28 00:00:00,1.0381413815974843
2002-07-01 00:00:00,1.0563559273716323
2002-07-02 00:00:00,1.082652142704025
2002-07-03 00:00:00,1.0927850189199284
2002-07-05 00:00:00,1.0649734709904153
2002-07-08 00:00:00,1.0828923459270665
2002-07-09 00:00:00,1.0861262359347126
2002-07-10 00:00:00,1.1093671859463052
2002-07-11 00:00:00,1.1157548982205832
2002-07-12 00:00:00,1.1227339521698547
2002-07-15 00:00:00,1.127741867202481
2002-07-16 00:00:00,1.1330454530726042
2002-07-17 00:00:00,1.1256351929303672
2002-07-18 00:00:00,1.1537054332877401
2002-07-19 00:00:00,1.1699488401452431
2002-07-22 00:00:00,1.1851081205985914
2002-07-23 00:00:00,1.2241181819433442
2002-07-24 00:00:00,1.1822129907598193
2002-07-25 00:00:00,1.1881079183049361
2002-07-26 00:00:00,1.1762625956002477
2002-07-29 00:00:00,1.1471698073749155
2002-07-30 00:00:00,1.144785951470123
2002-07-31 00:00:00,1.156988523548504
2002-08-01 00:00:00,1.1683040831143943
2002-08-02 00:00:00,1.1922349317468128
2002-08-05 00:00:00,1.2119278317084445
2002-08-06 00:00:00,1.1805682337289707
2002-08-07 00:00:00,1.1776915930950171
2002-08-08 00:00:00,1.165550599552832
2002-08-09 00:00:00,1.172036868772942
2002-08-12 00:00:00,1.170145797597311
2002-08-13 00:00:00,1.1918098364755878
2002-08-14 00:00:00,1.1653780857877263
2002-08-15 00:00:00,1.16457114101625
2002-08-16 00:00:00,1.152824375257394
2002-08-19 00:00:00,1.141964622011028
2002-08-20 00:00:00,1.1458884106394998
2002-08-21 00:00:00,1.1298051392640245
2002-08-22 00:00:00,1.1246616888759293
2002-08-23 00:00:00,1.1458329430250447
2002-08-26 00:00:00,1.13152369667455
2002-08-27 00:00:00,1.1467815340737306
2002-08-28 00:00:00,1.1620393714729111
2002-08-29 00:00:00,1.1563045794098223
2002-08-30 00:00:00,1.1615096083341132
2002-09-03 00:00:00,1.1841592166707124
2002-09-04 00:00:00,1.1683716161327342
2002-09-05 00:00:00,1.1836294535319145
2002-09-06 00:00:00,1.1589717278690337
2002-09-09 00:00:00,1.1613186053641893
2002-09-10 00:00:00,1.1564708258135907
2002-09-11 00:00:00,1.1589162602545786
2002-09-12 00:00:00,1.1717101740079527
2002-09-13 00:00:00,1.1647926985948769
2002-09-16 00:00:00,1.1736443345149612
2002-09-17 00:00:00,1.183974324622529
2002-09-18 00:00:00,1.1859269743343557
2002-09-19 00:00:00,1.2131102021792384
2002-09-20 00:00:00,1.2100364476536205
2002-09-23 00:00:00,1.2277582086986072
2002-09-24 00:00:00,1.2331603515145626
2002-09-25 00:00:00,1.2119521189558105
2002-09-26 00:00:00,1.202472162951096
2002-09-27 00:00:00,1.2202924809419151
2002-09-30 00:00:00,1.2252018390287094
2002-10-01 00:00:00,1.2025152522824734
2002-10-02 00:00:00,1.22023701332746
2002-10-03 00:00:00,1.2279059658975573
2002-10-04 00:00:00,1.2473031950216922
2002-10-07 00:00:00,1.2656162977416725
2002-10-08 00:00:00,1.2605714042994094
2002-10-09 00:00:00,1.2886416446567823
2002-10-10 00:00:00,1.2698973357438366
2002-10-11 00:00:00,1.2531241657475356
2002-10-14 00:00:00,1.2485720570344339
2002-10-15 00:00:00,1.2210561799424176
2002-10-16 00:00:00,1.2387779409874042
2002-10-17 00:00:00,1.2180624931578135
2002-10-18 00:00:00,1.2165656497655113
2002-10-21 00:00:00,1.2071842507066293
2002-10-22 00:00:00,1.2164301144100425
2002-10-23 00:00:00,1.2050775764345154
2002-10-24 00:00:00,1.2120566303837867
2002-10-25 00:00:00,1.1963675867916406
2002-10-28 00:00:00,1.2046278810367315
2002-10-29 00:00:00,1.2066790876943903
2002-10-30 00:00:00,1.1942424233147082
2002-10-31 00:00:00,1.1957022882973738
2002-11-01 00:00:00,1.1784363335719115
2002-11-04 00:00:00,1.1719130859421647
2002-11-05 00:00:00,1.170613356441527
2002-11-06 00:00:00,1.1576839073326841
2002-11-07 00:00:00,1.1759970100526644
2002-11-08 00:00:00,1.1862284432144
2002-11-11 00:00:00,1.2042458750968834
2002-11-12 00:00:00,1.1925976662838598
2002-11-13 00:00:00,1.1886368992457512
2002-11-14 00:00:00,1.1725536278702762
2002-11-15 00:00:00,1.1728308095029545
2002-11-18 00:00:00,1.178627180102239
2002-11-19 00:00:00,1.1812697284348914
2002-11-20 00:00:00,1.1614412931177907
2002-11-21 00:00:00,1.1464421481464704
2002-11-22 00:00:00,1.1410030269208784
2002-11-25 00:00:00,1.1357610195869507
2002-11-26 00:00:00,1.1446126555070348
2002-11-27 00:00:00,1.1232073090566181
2002-11-29 00:00:00,1.1331430713808572
2002-12-02 00:00:00,1.1270140515344391
2002-12-03 00:00:00,1.1410892055836328
2002-12-04 00:00:00,1.1488567150995623
2002-12-05 00:00:00,1.152484832890537
2002-12-06 00:00:00,1.149312521419087
2002-12-09 00:00:00,1.1699909908390411
2002-12-10 00:00:00,1.1551889597593852
2002-12-11 00:00:00,1.1542834580420764
2002-12-12 00:00:00,1.151111146570626
2002-12-13 00:00:00,1.1700155909656
2002-12-16 00:00:00,1.156396243235931
2002-12-17 00:00:00,1.1645579805351896
2002-12-18 00:00:00,1.1767605526135703
2002-12-19 00:00:00,1.1786146453795645
2002-12-20 00:00:00,1.1701202588331727
2002-12-23 00:00:00,1.1649768084450776
2002-12-24 00:00:00,1.1664366734277427
2002-12-26 00:00:00,1.1664181842229244
2002-12-27 00:00:00,1.1788178701929697
2002-12-30 00:00:00,1.1811647476881255
2002-12-31 00:00:00,1.1820332709957972
2003-01-02 00:00:00,1.1614163801120387
2003-01-03 00:00:00,1.1626791312030398
2003-01-06 00:00:00,1.1536919599274864
2003-01-07 00:00:00,1.1577143055017904
2003-01-08 00:00:00,1.1653832580718877
2003-01-09 00:00:00,1.154129277042193
2003-01-10 00:00:00,1.161622601134817
2003-01-13 00:00:00,1.161622601134817
2003-01-14 00:00:00,1.161622601134817
2003-01-15 00:00:00,1.161622601134817
2003-01-16 00:00:00,1.161622601134817
2003-01-17 00:00:00,1.161622601134817
2003-01-21 00:00:00,1.161622601134817
2003-01-22 00:00:00,1.161622601134817
2003-01-23 00:00:00,1.161622601134817
2003-01-24 00:00:00,1.161622601134817
2003-01-27 00:00:00,1.161622601134817
2003-01-28 00:00:00,1.161622601134817
2003-01-29 00:00:00,1.161622601134817
2003-01-30 00:00:00,1.161622601134817
2003-01-31 00:00:00,1.161622601134817
2003-02-03 00:00:00,1.1741131667384173
2003-02-04 00:00:00,1.1740901186709345
2003-02-05 00:00:00,1.1826543344559268
2003-02-06 00:00:00,1.1888765691902439
2003-02-07 00:00:00,1.2096190864387466
2003-02-10 00:00:00,1.1980422651879334
2003-02-11 00:00:00,1.2011418585213507
2003-02-12 00:00:00,1.2168881495284132
2003-02-13 00:00:00,1.2198316107917853
2003-02-14 00:00:00,1.2098161102414222
2003-02-18 00:00:00,1.187466176157504
2003-02-19 00:00:00,1.2011827502539816
2003-02-20 00:00:00,1.2035016832371737
2003-02-21 00:00:00,1.193798446826901
2003-02-24 00:00:00,1.2111060585344133
2003-02-25 00:00:00,1.2009344259140051
2003-02-26 00:00:00,1.2065321323681424
2003-02-27 00:00:00,1.2004199335689045
2003-02-28 00:00:00,1.1985233006608815
2003-03-03 00:00:00,1.2019351581343887
2003-03-04 00:00:00,1.2164323925810914
2003-03-05 00:00:00,1.2142234955329783
2003-03-06 00:00:00,1.2232561075281057
2003-03-07 00:00:00,1.2227646632504876
2003-03-10 00:00:00,1.2416335956584503
2003-03-11 00:00:00,1.2492610190231725
2003-03-12 00:00:00,1.2468959899050147
2003-03-13 00:00:00,1.2178323768091612
2003-03-14 00:00:00,1.2164041401112735
2003-03-17 00:00:00,1.1907754325564104
2003-03-18 00:00:00,1.1759198378346523
2003-03-19 00:00:00,1.1787071670279794
2003-03-20 00:00:00,1.1711897795983366
2003-03-21 00:00:00,1.1550851283162185
2003-03-24 00:00:00,1.180043211455936
2003-03-25 00:00:00,1.1678418619249429
2003-03-26 00:00:00,1.1820268322315552
2003-03-27 00:00:00,1.1741971806618223
2003-03-28 00:00:00,1.1747986608745196
2003-03-31 00:00:00,1.198195423313787
2003-04-01 00:00:00,1.178655866490679
2003-04-02 00:00:00,1.155837536196626
2003-04-03 00:00:00,1.1445767262555837
2003-04-04 00:00:00,1.1529613453211214
2003-04-07 00:00:00,1.1521763973685746
2003-04-08 00:00:00,1.1512390017966545
2003-04-09 00:00:00,1.1493559431522373
2003-04-10 00:00:00,1.1509018153017359
2003-04-11 00:00:00,1.1572170864332685
2003-04-14 00:00:00,1.1364795949485749
2003-04-15 00:00:00,1.136460809534752
2003-04-16 00:00:00,1.1501962791192497
2003-04-17 00:00:00,1.1471810700683664
2003-04-21 00:00:00,1.1471810700683664
2003-04-22 00:00:00,1.1471810700683664
2003-04-23 00:00:00,1.1471810700683664
2003-04-24 00:00:00,1.1471810700683664
2003-04-25 00:00:00,1.1471810700683664
2003-04-28 00:00:00,1.1471810700683664
2003-04-29 00:00:00,1.1471810700683664
2003-04-30 00:00:00,1.1471810700683664
2003-05-01 00:00:00,1.1471810700683664
2003-05-02 00:00:00,1.1471810700683664
2003-05-05 00:00:00,1.1471810700683664
2003-05-06 00:00:00,1.1471810700683664
2003-05-07 00:00:00,1.1471810700683664
2003-05-08 00:00:00,1.1471810700683664
2003-05-09 00:00:00,1.1471810700683664
2003-05-12 00:00:00,1.1471810700683664
2003-05-13 00:00:00,1.1471810700683664
2003-05-14 00:00:00,1.1471810700683664
2003-05-15 00:00:00,1.1471810700683664
2003-05-16 00:00:00,1.1471810700683664
2003-05-19 00:00:00,1.1471810700683664
2003-05-20 00:00:00,1.1471810700683664
2003-05-21 00:00:00,1.1471810700683664
2003-05-22 00:00:00,1.1471810700683664
2003-05-23 00:00:00,1.1471810700683664
2003-05-27 00:00:00,1.1471810700683664
2003-05-28 00:00:00,1.1471810700683664
2003-05-29 00:00:00,1.1471810700683664
2003-05-30 00:00:00,1.1471810700683664
2003-06-02 00:00:00,1.1471810700683664
2003-06-03 00:00:00,1.1471810700683664
2003-06-04 00:00:00,1.1471810700683664
2003-06-05 00:00:00,1.1471810700683664
2003-06-06 00:00:00,1.1471810700683664
2003-06-09 00:00:00,1.1471810700683664
2003-06-10 00:00:00,1.1471810700683664
2003-06-11 00:00:00,1.1471810700683664
2003-06-12 00:00:00,1.1471810700683664
2003-06-13 00:00:00,1.1471810700683664
2003-06-16 00:00:00,1.1471810700683664
2003-06-17 00:00:00,1.1471810700683664
2003-06-18 00:00:00,1.1471810700683664
2003-06-19 00:00:00,1.1471810700683664
2003-06-20 00:00:00,1.1471810700683664
2003-06-23 00:00:00,1.1471810700683664
2003-06-24 00:00:00,1.1471810700683664
2003-06-25 00:00:00,1.1471810700683664
2003-06-26 00:00:00,1.1471810700683664
2003-06-27 00:00:00,1.1471810700683664
2003-06-30 00:00:00,1.1471810700683664
2003-07-01 00:00:00,1.1471810700683664
2003-07-02 00:00:00,1.1471810700683664
2003-07-03 00:00:00,1.1471810700683664
2003-07-07 00:00:00,1.1471810700683664
2003-07-08 00:00:00,1.1471810700683664
2003-07-09 00:00:00,1.1471810700683664
2003-07-10 00:00:00,1.1471810700683664
2003-07-11 00:00:00,1.1471810700683664
2003-07-14 00:00:00,1.1471810700683664
2003-07-15 00:00:00,1.1471810700683664
2003-07-16 00:00:00,1.1471810700683664
2003-07-17 00:00:00,1.1471810700683664
2003-07-18 00:00:00,1.1471810700683664
2003-07-21 00:00:00,1.1471810700683664
2003-07-22 00:00:00,1.1471810700683664
2003-07-23 00:00:00,1.1471810700683664
2003-07-24 00:00:00,1.1471810700683664
2003-07-25 00:00:00,1.1471810700683664
2003-07-28 00:00:00,1.1471810700683664
2003-07-29 00:00:00,1.1471810700683664
2003-07-30 00:00:00,1.1471810700683664
2003-07-31 00:00:00,1.1471810700683664
2003-08-01 00:00:00,1.1471810700683664
2003-08-04 00:00:00,1.1471810700683664
2003-08-05 00:00:00,1.1471810700683664
2003-08-06 00:00:00,1.1471810700683664
2003-08-07 00:00:00,1.1471810700683664
2003-08-08 00:00:00,1.1471810700683664
2003-08-11 00:00:00,1.1471810700683664
2003-08-12 00:00:00,1.1471810700683664
2003-08-13 00:00:00,1.1471810700683664
2003-08-14 00:00:00,1.1471810700683664
2003-08-15 00:00:00,1.1471810700683664
2003-08-18 00:00:00,1.1471810700683664
2003-08-19 00:00:00,1.1471810700683664
2003-08-20 00:00:00,1.1471810700683664
2003-08-21 00:00:00,1.1471810700683664
2003-08-22 00:00:00,1.1471810700683664
2003-08-25 00:00:00,1.1471810700683664
2003-08-26 00:00:00,1.1471810700683664
2003-08-27 00:00:00,1.1471810700683664
2003-08-28 00:00:00,1.1471810700683664
2003-08-29 00:00:00,1.1471810700683664
2003-09-02 00:00:00,1.1471810700683664
2003-09-03 00:00:00,1.1471810700683664
2003-09-04 00:00:00,1.1471810700683664
2003-09-05 00:00:00,1.1471810700683664
2003-09-08 00:00:00,1.1471810700683664
2003-09-09 00:00:00,1.1471810700683664
2003-09-10 00:00:00,1.1471810700683664
2003-09-11 00:00:00,1.1471810700683664
2003-09-12 00:00:00,1.1471810700683664
2003-09-15 00:00:00,1.1471810700683664
2003-09-16 00:00:00,1.1471810700683664
2003-09-17 00:00:00,1.1471810700683664
2003-09-18 00:00:00,1.1471810700683664
2003-09-19 00:00:00,1.1471810700683664
2003-09-22 00:00:00,1.1471810700683664
2003-09-23 00:00:00,1.1471810700683664
2003-09-24 00:00:00,1.1471810700683664
2003-09-25 00:00:00,1.1471810700683664
2003-09-26 00:00:00,1.1471810700683664
2003-09-29 00:00:00,1.1471810700683664
2003-09-30 00:00:00,1.1471810700683664
2003-10-01 00:00:00,1.1471810700683664
2003-10-02 00:00:00,1.1471810700683664
2003-10-03 00:00:00,1.1471810700683664
2003-10-06 00:00:00,1.1471810700683664
2003-10-07 00:00:00,1.1471810700683664
2003-10-08 00:00:00,1.1471810700683664
2003-10-09 00:00:00,1.1471810700683664
2003-10-10 00:00:00,1.1471810700683664
2003-10-13 00:00:00,1.1471810700683664
2003-10-14 00:00:00,1.1471810700683664
2003-10-15 00:00:00,1.1471810700683664
2003-10-16 00:00:00,1.1471810700683664
2003-10-17 00:00:00,1.1471810700683664
2003-10-20 00:00:00,1.1471810700683664
2003-10-21 00:00:00,1.1471810700683664
2003-10-22 00:00:00,1.1471810700683664
2003-10-23 00:00:00,1.1471810700683664
2003-10-24 00:00:00,1.1471810700683664
2003-10-27 00:00:00,1.1471810700683664
2003-10-28 00:00:00,1.1471810700683664
2003-10-29 00:00:00,1.1471810700683664
2003-10-30 00:00:00,1.1471810700683664
2003-10-31 00:00:00,1.1471810700683664
2003-11-03 00:00:00,1.1471810700683664
2003-11-04 00:00:00,1.1471810700683664
2003-11-05 00:00:00,1.1471810700683664
2003-11-06 00:00:00,1.1471810700683664
2003-11-07 00:00:00,1.1471810700683664
2003-11-10 00:00:00,1.1471810700683664
2003-11-11 00:00:00,1.1471810700683664
2003-11-12 00:00:00,1.1471810700683664
2003-11-13 00:00:00,1.1471810700683664
2003-11-14 00:00:00,1.1471810700683664
2003-11-17 00:00:00,1.1471810700683664
2003-11-18 00:00:00,1.1471810700683664
2003-11-19 00:00:00,1.1471810700683664
2003-11-20 00:00:00,1.1471810700683664
2003-11-21 00:00:00,1.1471810700683664
2003-11-24 00:00:00,1.1471810700683664
2003-11-25 00:00:00,1.1471810700683664
2003-11-26 00:00:00,1.1471810700683664
2003-11-28 00:00:00,1.1471810700683664
2003-12-01 00:00:00,1.1471810700683664
2003-12-02 00:00:00,1.1471810700683664
2003-12-03 00:00:00,1.1471810700683664
2003-12-04 00:00:00,1.1471810700683664
2003-12-05 00:00:00,1.1471810700683664
2003-12-08 00:00:00,1.1471810700683664
2003-12-09 00:00:00,1.1471810700683664
2003-12-10 00:00:00,1.1471810700683664
2003-12-11 00:00:00,1.1471810700683664
2003-12-12 00:00:00,1.1471810700683664
2003-12-15 00:00:00,1.1471810700683664
2003-12-16 00:00:00,1.1471810700683664
2003-12-17 00:00:00,1.1471810700683664
2003-12-18 00:00:00,1.1471810700683664
2003-12-19 00:00:00,1.1471810700683664
2003-12-22 00:00:00,1.1471810700683664
2003-12-23 00:00:00,1.1471810700683664
2003-12-24 00:00:00,1.1471810700683664
2003-12-26 00:00:00,1.1471810700683664
2003-12-29 00:00:00,1.1471810700683664
2003-12-30 00:00:00,1.1471810700683664
2003-12-31 00:00:00,1.1471810700683664
2004-01-02 00:00:00,1.1471810700683664
2004-01-05 00:00:00,1.1471810700683664
2004-01-06 00:00:00,1.1471810700683664
2004-01-07 00:00:00,1.1471810700683664
2004-01-08 00:00:00,1.1471810700683664
2004-01-09 00:00:00,1.1471810700683664
2004-01-12 00:00:00,1.1471810700683664
2004-01-13 00:00:00,1.1471810700683664
2004-01-14 00:00:00,1.1471810700683664
2004-01-15 00:00:00,1.1471810700683664
2004-01-16 00:00:00,1.1471810700683664
2004-01-20 00:00:00,1.1471810700683664
2004-01-21 00:00:00,1.1471810700683664
2004-01-22 00:00:00,1.1471810700683664
2004-01-23 00:00:00,1.1471810700683664
2004-01-26 00:00:00,1.1471810700683664
2004-01-27 00:00:00,1.1471810700683664
2004-01-28 00:00:00,1.1471810700683664
2004-01-29 00:00:00,1.1471810700683664
2004-01-30 00:00:00,1.1471810700683664
2004-02-02 00:00:00,1.1471810700683664
2004-02-03 00:00:00,1.1471810700683664
2004-02-04 00:00:00,1.1471810700683664
2004-02-05 00:00:00,1.1471810700683664
2004-02-06 00:00:00,1.1471810700683664
2004-02-09 00:00:00,1.1471810700683664
2004-02-10 00:00:00,1.1471810700683664
2004-02-11 00:00:00,1.1471810700683664
2004-02-12 00:00:00,1.1471810700683664
2004-02-13 00:00:00,1.1471810700683664
2004-02-17 00:00:00,1.1471810700683664
2004-02-18 00:00:00,1.1471810700683664
2004-02-19 00:00:00,1.1471810700683664
2004-02-20 00:00:00,1.1471810700683664
2004-02-23 00:00:00,1.1471810700683664
2004-02-24 00:00:00,1.1471810700683664
2004-02-25 00:00:00,1.1471810700683664
2004-02-26 00:00:00,1.1471810700683664
2004-02-27 00:00:00,1.1471810700683664
2004-03-01 00:00:00,1.1471810700683664
2004-03-02 00:00:00,1.1471810700683664
2004-03-03 00:00:00,1.1471810700683664
2004-03-04 00:00:00,1.1471810700683664
2004-03-05 00:00:00,1.1471810700683664
2004-03-08 00:00:00,1.1471810700683664
2004-03-09 00:00:00,1.1471810700683664
2004-03-10 00:00:00,1.1471810700683664
2004-03-11 00:00:00,1.1471810700683664
2004-03-12 00:00:00,1.1471810700683664
2004-03-15 00:00:00,1.1471810700683664
2004-03-16 00:00:00,1.1471810700683664
2004-03-17 00:00:00,1.1471810700683664
2004-03-18 00:00:00,1.1471810700683664
2004-03-19 00:00:00,1.1471810700683664
2004-03-22 00:00:00,1.1471810700683664
2004-03-23 00:00:00,1.1471810700683664
2004-03-24 00:00:00,1.1471810700683664
2004-03-25 00:00:00,1.1471810700683664
2004-03-26 00:00:00,1.1471810700683664
2004-03-29 00:00:00,1.1471810700683664
2004-03-30 00:00:00,1.1471810700683664
2004-03-31 00:00:00,1.1471810700683664
2004-04-01 00:00:00,1.1471810700683664
2004-04-02 00:00:00,1.1471810700683664
2004-04-05 00:00:00,1.1471810700683664
2004-04-06 00:00:00,1.1471810700683664
2004-04-07 00:00:00,1.1471810700683664
2004-04-08 00:00:00,1.1471810700683664
2004-04-12 00:00:00,1.1471810700683664
2004-04-13 00:00:00,1.1471810700683664
2004-04-14 00:00:00,1.1471810700683664
2004-04-15 00:00:00,1.1471810700683664
2004-04-16 00:00:00,1.1471810700683664
2004-04-19 00:00:00,1.1471810700683664
2004-04-20 00:00:00,1.1471810700683664
2004-04-21 00:00:00,1.1471810700683664
2004-04-22 00:00:00,1.1471810700683664
2004-04-23 00:00:00,1.1471810700683664
2004-04-26 00:00:00,1.1471810700683664
2004-04-27 00:00:00,1.1471810700683664
2004-04-28 00:00:00,1.1471810700683664
2004-04-29 00:00:00,1.1471810700683664
2004-04-30 00:00:00,1.1471810700683664
2004-05-03 00:00:00,1.1471810700683664
2004-05-04 00:00:00,1.1471810700683664
2004-05-05 00:00:00,1.1471810700683664
2004-05-06 00:00:00,1.1471810700683664
2004-05-07 00:00:00,1.1471810700683664
2004-05-10 00:00:00,1.1471810700683664
2004-05-11 00:00:00,1.1471810700683664
2004-05-12 00:00:00,1.1471810700683664
2004-05-13 00:00:00,1.1471810700683664
2004-05-14 00:00:00,1.1471810700683664
2004-05-17 00:00:00,1.1471810700683664
2004-05-18 00:00:00,1.1471810700683664
2004-05-19 00:00:00,1.1471810700683664
2004-05-20 00:00:00,1.1471810700683664
2004-05-21 00:00:00,1.1471810700683664
2004-05-24 00:00:00,1.1471810700683664
2004-05-25 00:00:00,1.1471810700683664
2004-05-26 00:00:00,1.1471810700683664
2004-05-27 00:00:00,1.1471810700683664
2004-05-28 00:00:00,1.1471810700683664
2004-06-01 00:00:00,1.1471810700683664
2004-06-02 00:00:00,1.1471810700683664
2004-06-03 00:00:00,1.1471810700683664
2004-06-04 00:00:00,1.1471810700683664
2004-06-07 00:00:00,1.1471810700683664
2004-06-08 00:00:00,1.1471810700683664
2004-06-09 00:00:00,1.1471810700683664
2004-06-10 00:00:00,1.1471810700683664
2004-06-14 00:00:00,1.1471810700683664
2004-06-15 00:00:00,1.1471810700683664
2004-06-16 00:00:00,1.1471810700683664
2004-06-17 00:00:00,1.1471810700683664
2004-06-18 00:00:00,1.1471810700683664
2004-06-21 00:00:00,1.1471810700683664
2004-06-22 00:00:00,1.1471810700683664
2004-06-23 00:00:00,1.1471810700683664
2004-06-24 00:00:00,1.1471810700683664
2004-06-25 00:00:00,1.1471810700683664
2004-06-28 00:00:00,1.1471810700683664
2004-06-29 00:00:00,1.1471810700683664
2004-06-30 00:00:00,1.1471810700683664
2004-07-01 00:00:00,1.1471810700683664
2004-07-02 00:00:00,1.1471810700683664
2004-07-06 00:00:00,1.1471810700683664
2004-07-07 00:00:00,1.1471810700683664
2004-07-08 00:00:00,1.1471810700683664
2004-07-09 00:00:00,1.1471810700683664
2004-07-12 00:00:00,1.1471810700683664
2004-07-13 00:00:00,1.1471810700683664
2004-07-14 00:00:00,1.1471810700683664
2004-07-15 00:00:00,1.1471810700683664
2004-07-16 00:00:00,1.1471810700683664
2004-07-19 00:00:00,1.1471810700683664
2004-07-20 00:00:00,1.1471810700683664
2004-07-21 00:00:00,1.1471810700683664
2004-07-22 00:00:00,1.1457084371157755
2004-07-23 00:00:00,1.1620950142011925
2004-07-26 00:00:00,1.1769037702659764
2004-07-27 00:00:00,1.1560537712644505
2004-07-28 00:00:00,1.1569777023476622
2004-07-29 00:00:00,1.1434908681090912
2004-07-30 00:00:00,1.1371568224973903
2004-08-02 00:00:00,1.141341583689911
2004-08-03 00:00:00,1.15783334884337
2004-08-04 00:00:00,1.1587572799265822
2004-08-05 00:00:00,1.1796669439378142
2004-08-06 00:00:00,1.2029959335140172
2004-08-09 00:00:00,1.2064443782302423
2004-08-10 00:00:00,1.189381149678236
2004-08-11 00:00:00,1.1908310211016588
2004-08-12 00:00:00,1.206691657846865
2004-08-13 00:00:00,1.2068792724537813
2004-08-16 00:00:00,1.1882382228811417
2004-08-17 00:00:00,1.1812730488611876
2004-08-18 00:00:00,1.1574777839544796
2004-08-19 00:00:00,1.1671323246851952
2004-08-20 00:00:00,1.147123830228007
2004-08-23 00:00:00,1.1513085914205272
2004-08-24 00:00:00,1.148130187850093
2004-08-25 00:00:00,1.1435843393951097
2004-08-26 00:00:00,1.1482950409278412
2004-08-27 00:00:00,1.139226105547043
2004-08-30 00:00:00,1.1523518525231515
2004-08-31 00:00:00,1.1541172881507011
2004-09-01 00:00:00,1.1340036056254705
2004-09-02 00:00:00,1.1135743588961133
2004-09-03 00:00:00,1.1265949178041794
2004-09-07 00:00:00,1.1118458267491018
2004-09-08 00:00:00,1.1181343493024667
2004-09-09 00:00:00,1.1083290974453728
2004-09-10 00:00:00,1.0973667768398148
2004-09-13 00:00:00,1.0874200953333881
2004-09-14 00:00:00,1.0874200953333881
2004-09-15 00:00:00,1.0874200953333881
2004-09-16 00:00:00,1.0874200953333881
2004-09-17 00:00:00,1.0874200953333881
2004-09-20 00:00:00,1.0874200953333881
2004-09-21 00:00:00,1.0874200953333881
2004-09-22 00:00:00,1.0874200953333881
2004-09-23 00:00:00,1.0874200953333881
2004-09-24 00:00:00,1.0874200953333881
2004-09-27 00:00:00,1.0874200953333881
2004-09-28 00:00:00,1.0874200953333881
2004-09-29 00:00:00,1.0874200953333881
2004-09-30 00:00:00,1.0874200953333881
2004-10-01 00:00:00,1.0874200953333881
2004-10-04 00:00:00,1.0874200953333881
2004-10-05 00:00:00,1.0874200953333881
2004-10-06 00:00:00,1.0874200953333881
2004-10-07 00:00:00,1.0874200953333881
2004-10-08 00:00:00,1.0874200953333881
2004-10-11 00:00:00,1.0874200953333881
2004-10-12 00:00:00,1.0874200953333881
2004-10-13 00:00:00,1.0874200953333881
2004-10-14 00:00:00,1.0874200953333881
2004-10-15 00:00:00,1.0874200953333881
2004-10-18 00:00:00,1.0874200953333881
2004-10-19 00:00:00,1.0874200953333881
2004-10-20 00:00:00,1.0874200953333881
2004-10-21 00:00:00,1.0874200953333881
2004-10-22 00:00:00,1.0874200953333881
2004-10-25 00:00:00,1.0874200953333881
2004-10-26 00:00:00,1.0874200953333881
2004-10-27 00:00:00,1.0874200953333881
2004-10-28 00:00:00,1.0874200953333881
2004-10-29 00:00:00,1.0874200953333881
2004-11-01 00:00:00,1.0874200953333881
2004-11-02 00:00:00,1.0874200953333881
2004-11-03 00:00:00,1.0874200953333881
2004-11-04 00:00:00,1.0874200953333881
2004-11-05 00:00:00,1.0874200953333881
2004-11-08 00:00:00,1.0874200953333881
2004-11-09 00:00:00,1.0874200953333881
2004-11-10 00:00:00,1.0874200953333881
2004-11-11 00:00:00,1.0874200953333881
2004-11-12 00:00:00,1.0874200953333881
2004-11-15 00:00:00,1.0874200953333881
2004-11-16 00:00:00,1.0874200953333881
2004-11-17 00:00:00,1.0874200953333881
2004-11-18 00:00:00,1.0874200953333881
2004-11-19 00:00:00,1.0874200953333881
2004-11-22 00:00:00,1.0874200953333881
2004-11-23 00:00:00,1.0874200953333881
2004-11-24 00:00:00,1.0874200953333881
2004-11-26 00:00:00,1.0874200953333881
2004-11-29 00:00:00,1.0874200953333881
2004-11-30 00:00:00,1.0874200953333881
2004-12-01 00:00:00,1.0874200953333881
2004-12-02 00:00:00,1.0874200953333881
2004-12-03 00:00:00,1.0874200953333881
2004-12-06 00:00:00,1.0874200953333881
2004-12-07 00:00:00,1.0874200953333881
2004-12-08 00:00:00,1.0874200953333881
2004-12-09 00:00:00,1.0874200953333881
2004-12-10 00:00:00,1.0874200953333881
2004-12-13 00:00:00,1.0874200953333881
2004-12-14 00:00:00,1.0874200953333881
2004-12-15 00:00:00,1.0874200953333881
2004-12-16 00:00:00,1.0874200953333881
2004-12-17 00:00:00,1.0874200953333881
2004-12-20 00:00:00,1.0874200953333881
2004-12-21 00:00:00,1.0874200953333881
2004-12-22 00:00:00,1.0874200953333881
2004-12-23 00:00:00,1.0874200953333881
2004-12-27 00:00:00,1.0874200953333881
2004-12-28 00:00:00,1.0874200953333881
2004-12-29 00:00:00,1.0874200953333881
2004-12-30 00:00:00,1.0874200953333881
2004-12-31 00:00:00,1.0874200953333881
2005-01-03 00:00:00,1.0874200953333881
2005-01-04 00:00:00,1.0874200953333881
2005-01-05 00:00:00,1.0874200953333881
2005-01-06 00:00:00,1.0874200953333881
2005-01-07 00:00:00,1.0874200953333881
2005-01-10 00:00:00,1.0874200953333881
2005-01-11 00:00:00,1.0874200953333881
2005-01-12 00:00:00,1.0874200953333881
2005-01-13 00:00:00,1.0874200953333881
2005-01-14 00:00:00,1.0874200953333881
2005-01-18 00:00:00,1.0874200953333881
2005-01-19 00:00:00,1.0874200953333881
2005-01-20 00:00:00,1.0874200953333881
2005-01-21 00:00:00,1.0874200953333881
2005-01-24 00:00:00,1.0874200953333881
2005-01-25 00:00:00,1.0874200953333881
2005-01-26 00:00:00,1.0874200953333881
2005-01-27 00:00:00,1.0874200953333881
2005-01-28 00:00:00,1.0874200953333881
2005-01-31 00:00:00,1.0874200953333881
2005-02-01 00:00:00,1.0874200953333881
2005-02-02 00:00:00,1.0874200953333881
2005-02-03 00:00:00,1.0874200953333881
2005-02-04 00:00:00,1.0874200953333881
2005-02-07 00:00:00,1.0874200953333881
2005-02-08 00:00:00,1.0874200953333881
2005-02-09 00:00:00,1.0874200953333881
2005-02-10 00:00:00,1.0874200953333881
2005-02-11 00:00:00,1.0874200953333881
2005-02-14 00:00:00,1.0874200953333881
2005-02-15 00:00:00,1.0874200953333881
2005-02-16 00:00:00,1.0874200953333881
2005-02-17 00:00:00,1.0874200953333881
2005-02-18 00:00:00,1.0874200953333881
2005-02-22 00:00:00,1.0874200953333881
2005-02-23 00:00:00,1.0874200953333881
2005-02-24 00:00:00,1.0874200953333881
2005-02-25 00:00:00,1.0874200953333881
2005-02-28 00:00:00,1.0874200953333881
2005-03-01 00:00:00,1.0874200953333881
2005-03-02 00:00:00,1.0874200953333881
2005-03-03 00:00:00,1.0874200953333881
2005-03-04 00:00:00,1.0874200953333881
2005-03-07 00:00:00,1.0874200953333881
2005-03-08 00:00:00,1.0874200953333881
2005-03-09 00:00:00,1.0874200953333881
2005-03-10 00:00:00,1.0874200953333881
2005-03-11 00:00:00,1.0874200953333881
2005-03-14 00:00:00,1.0874200953333881
2005-03-15 00:00:00,1.0874200953333881
2005-03-16 00:00:00,1.0874200953333881
2005-03-17 00:00:00,1.0874200953333881
2005-03-18 00:00:00,1.0874200953333881
2005-03-21 00:00:00,1.0874200953333881
2005-03-22 00:00:00,1.0874200953333881
2005-03-23 00:00:00,1.0874200953333881
2005-03-24 00:00:00,1.0874200953333881
2005-03-28 00:00:00,1.0874200953333881
2005-03-29 00:00:00,1.0874200953333881
2005-03-30 00:00:00,1.0874200953333881
2005-03-31 00:00:00,1.0874200953333881
2005-04-01 00:00:00,1.0874200953333881
2005-04-04 00:00:00,1.0874200953333881
2005-04-05 00:00:00,1.0874200953333881
2005-04-06 00:00:00,1.0874200953333881
2005-04-07 00:00:00,1.0874200953333881
2005-04-08 00:00:00,1.0874200953333881
2005-04-11 00:00:00,1.0874200953333881
2005-04-12 00:00:00,1.0874200953333881
2005-04-13 00:00:00,1.0874200953333881
2005-04-14 00:00:00,1.0874200953333881
2005-04-15 00:00:00,1.1029003745867063
2005-04-18 00:00:00,1.096019273852568
2005-04-19 00:00:00,1.0782000117298574
2005-04-20 00:00:00,1.0953272482808052
2005-04-21 00:00:00,1.0699995872388204
2005-04-22 00:00:00,1.0867560386579525
2005-04-25 00:00:00,1.076723264303378
2005-04-26 00:00:00,1.092181967761154
2005-04-27 00:00:00,1.0926238733803815
2005-04-28 00:00:00,1.1202257899051316
2005-04-29 00:00:00,1.1063924679494432
2005-05-02 00:00:00,1.0954327307653287
2005-05-03 00:00:00,1.0900347705584543
2005-05-04 00:00:00,1.0779626779788918
2005-05-05 00:00:00,1.0781264947492575
2005-05-06 00:00:00,1.0742116750696469
2005-05-09 00:00:00,1.0636227230173485
2005-05-10 00:00:00,1.0768567156842286
2005-05-11 00:00:00,1.076278962190962
2005-05-12 00:00:00,1.093591591307818
2005-05-13 00:00:00,1.0974632593963436
2005-05-16 00:00:00,1.0808490489520353
2005-05-17 00:00:00,1.0743387333497127
2005-05-18 00:00:00,1.052255442211118
2005-05-19 00:00:00,1.0494529779269557
2005-05-20 00:00:00,1.0508218463757235
2005-05-23 00:00:00,1.043384567943861
2005-05-24 00:00:00,1.047997806296019
2005-05-25 00:00:00,1.0564115922492905
2005-05-26 00:00:00,1.040817040917476
2005-05-27 00:00:00,1.034775342481732
2005-05-31 00:00:00,1.034775342481732
2005-06-01 00:00:00,1.034775342481732
2005-06-02 00:00:00,1.034775342481732
2005-06-03 00:00:00,1.034775342481732
2005-06-06 00:00:00,1.034775342481732
2005-06-07 00:00:00,1.034775342481732
2005-06-08 00:00:00,1.034775342481732
2005-06-09 00:00:00,1.034775342481732
2005-06-10 00:00:00,1.034775342481732
2005-06-13 00:00:00,1.034775342481732
2005-06-14 00:00:00,1.034775342481732
2005-06-15 00:00:00,1.034775342481732
2005-06-16 00:00:00,1.034775342481732
2005-06-17 00:00:00,1.034775342481732
2005-06-20 00:00:00,1.034775342481732
2005-06-21 00:00:00,1.034775342481732
2005-06-22 00:00:00,1.034775342481732
2005-06-23 00:00:00,1.034775342481732
2005-06-24 00:00:00,1.034775342481732
2005-06-27 00:00:00,1.034775342481732
2005-06-28 00:00:00,1.034775342481732
2005-06-29 00:00:00,1.034775342481732
2005-06-30 00:00:00,1.034775342481732
2005-07-01 00:00:00,1.034775342481732
2005-07-05 00:00:00,1.034775342481732
2005-07-06 00:00:00,1.034775342481732
2005-07-07 00:00:00,1.034775342481732
2005-07-08 00:00:00,1.034775342481732
2005-07-11 00:00:00,1.034775342481732
2005-07-12 00:00:00,1.034775342481732
2005-07-13 00:00:00,1.034775342481732
2005-07-14 00:00:00,1.034775342481732
2005-07-15 00:00:00,1.034775342481732
2005-07-18 00:00:00,1.034775342481732
2005-07-19 00:00:00,1.034775342481732
2005-07-20 00:00:00,1.034775342481732
2005-07-21 00:00:00,1.034775342481732
2005-07-22 00:00:00,1.034775342481732
2005-07-25 00:00:00,1.034775342481732
2005-07-26 00:00:00,1.034775342481732
2005-07-27 00:00:00,1.034775342481732
2005-07-28 00:00:00,1.034775342481732
2005-07-29 00:00:00,1.034775342481732
2005-08-01 00:00:00,1.034775342481732
2005-08-02 00:00:00,1.034775342481732
2005-08-03 00:00:00,1.034775342481732
2005-08-04 00:00:00,1.034775342481732
2005-08-05 00:00:00,1.034775342481732
2005-08-08 00:00:00,1.034775342481732
2005-08-09 00:00:00,1.034775342481732
2005-08-10 00:00:00,1.034775342481732
2005-08-11 00:00:00,1.034775342481732
2005-08-12 00:00:00,1.034775342481732
2005-08-15 00:00:00,1.034775342481732
2005-08-16 00:00:00,1.034775342481732
2005-08-17 00:00:00,1.034775342481732
2005-08-18 00:00:00,1.034775342481732
2005-08-19 00:00:00,1.034775342481732
2005-08-22 00:00:00,1.034775342481732
2005-08-23 00:00:00,1.034775342481732
2005-08-24 00:00:00,1.034775342481732
2005-08-25 00:00:00,1.034775342481732
2005-08-26 00:00:00,1.034775342481732
2005-08-29 00:00:00,1.034775342481732
2005-08-30 00:00:00,1.034775342481732
2005-08-31 00:00:00,1.034775342481732
2005-09-01 00:00:00,1.034775342481732
2005-09-02 00:00:00,1.034775342481732
2005-09-06 00:00:00,1.034775342481732
2005-09-07 00:00:00,1.034775342481732
2005-09-08 00:00:00,1.034775342481732
2005-09-09 00:00:00,1.034775342481732
2005-09-12 00:00:00,1.034775342481732
2005-09-13 00:00:00,1.034775342481732
2005-09-14 00:00:00,1.034775342481732
2005-09-15 00:00:00,1.034775342481732
2005-09-16 00:00:00,1.034775342481732
2005-09-19 00:00:00,1.034775342481732
2005-09-20 00:00:00,1.034775342481732
2005-09-21 00:00:00,1.034775342481732
2005-09-22 00:00:00,1.034775342481732
2005-09-23 00:00:00,1.034775342481732
2005-09-26 00:00:00,1.034775342481732
2005-09-27 00:00:00,1.034775342481732
2005-09-28 00:00:00,1.034775342481732
2005-09-29 00:00:00,1.034775342481732
2005-09-30 00:00:00,1.034775342481732
2005-10-03 00:00:00,1.034775342481732
2005-10-04 00:00:00,1.034775342481732
2005-10-05 00:00:00,1.034775342481732
2005-10-06 00:00:00,1.034775342481732
2005-10-07 00:00:00,1.034775342481732
2005-10-10 00:00:00,1.034775342481732
2005-10-11 00:00:00,1.034775342481732
2005-10-12 00:00:00,1.0483646407013834
2005-10-13 00:00:00,1.0442010307190845
2005-10-14 00:00:00,1.0269452919641953
2005-10-17 00:00:00,1.0251018060681782
2005-10-18 00:00:00,1.0391677424780945
2005-10-19 00:00:00,1.016940309252601
2005-10-20 00:00:00,1.0183288224980347
2005-10-21 00:00:00,1.0119876403046093
2005-10-24 00:00:00,0.9895294060678419
2005-10-25 00:00:00,0.9921911634909932
2005-10-26 00:00:00,0.9921911634909932
2005-10-27 00:00:00,0.9921911634909932
2005-10-28 00:00:00,0.9824659211664528
2005-10-31 00:00:00,0.9712431659608192
2005-11-01 00:00:00,0.9666339801059539
2005-11-02 00:00:00,0.9666339801059539
2005-11-03 00:00:00,0.9666339801059539
2005-11-04 00:00:00,0.9666339801059539
2005-11-07 00:00:00,0.9666339801059539
2005-11-08 00:00:00,0.9666339801059539
2005-11-09 00:00:00,0.9666339801059539
2005-11-10 00:00:00,0.9666339801059539
2005-11-11 00:00:00,0.9666339801059539
2005-11-14 00:00:00,0.9666339801059539
2005-11-15 00:00:00,0.9666339801059539
2005-11-16 00:00:00,0.9666339801059539
2005-11-17 00:00:00,0.9666339801059539
2005-11-18 00:00:00,0.9666339801059539
2005-11-21 00:00:00,0.9666339801059539
2005-11-22 00:00:00,0.9666339801059539
2005-11-23 00:00:00,0.9666339801059539
2005-11-25 00:00:00,0.9666339801059539
2005-11-28 00:00:00,0.9666339801059539
2005-11-29 00:00:00,0.9666339801059539
2005-11-30 00:00:00,0.9666339801059539
2005-12-01 00:00:00,0.9666339801059539
2005-12-02 00:00:00,0.9666339801059539
2005-12-05 00:00:00,0.9666339801059539
2005-12-06 00:00:00,0.9666339801059539
2005-12-07 00:00:00,0.9666339801059539
2005-12-08 00:00:00,0.9666339801059539
2005-12-09 00:00:00,0.9666339801059539
2005-12-12 00:00:00,0.9666339801059539
2005-12-13 00:00:00,0.9666339801059539
2005-12-14 00:00:00,0.9666339801059539
2005-12-15 00:00:00,0.9666339801059539
2005-12-16 00:00:00,0.9666339801059539
2005-12-19 00:00:00,0.9666339801059539
2005-12-20 00:00:00,0.9666339801059539
2005-12-21 00:00:00,0.9666339801059539
2005-12-22 00:00:00,0.9666339801059539
2005-12-23 00:00:00,0.9666339801059539
2005-12-27 00:00:00,0.9666339801059539
2005-12-28 00:00:00,0.9666339801059539
2005-12-29 00:00:00,0.9666339801059539
2005-12-30 00:00:00,0.9666339801059539
2006-01-03 00:00:00,0.9666339801059539
2006-01-04 00:00:00,0.9666339801059539
2006-01-05 00:00:00,0.9666339801059539
2006-01-06 00:00:00,0.9666339801059539
2006-01-09 00:00:00,0.9666339801059539
2006-01-10 00:00:00,0.9666339801059539
2006-01-11 00:00:00,0.9666339801059539
2006-01-12 00:00:00,0.9666339801059539
2006-01-13 00:00:00,0.9666339801059539
2006-01-17 00:00:00,0.9666339801059539
2006-01-18 00:00:00,0.9666339801059539
2006-01-19 00:00:00,0.9666339801059539
2006-01-20 00:00:00,0.9666339801059539
2006-01-23 00:00:00,0.9666339801059539
2006-01-24 00:00:00,0.9666339801059539
2006-01-25 00:00:00,0.9666339801059539
2006-01-26 00:00:00,0.9666339801059539
2006-01-27 00:00:00,0.9666339801059539
2006-01-30 00:00:00,0.9666339801059539
2006-01-31 00:00:00,0.9666339801059539
2006-02-01 00:00:00,0.9666339801059539
2006-02-02 00:00:00,0.9666339801059539
2006-02-03 00:00:00,0.9666339801059539
2006-02-06 00:00:00,0.9666339801059539
2006-02-07 00:00:00,0.9666339801059539
2006-02-08 00:00:00,0.9666339801059539
2006-02-09 00:00:00,0.9666339801059539
2006-02-10 00:00:00,0.9666339801059539
2006-02-13 00:00:00,0.9666339801059539
2006-02-14 00:00:00,0.9666339801059539
2006-02-15 00:00:00,0.9666339801059539
2006-02-16 00:00:00,0.9666339801059539
2006-02-17 00:00:00,0.9666339801059539
2006-02-21 00:00:00,0.9666339801059539
2006-02-22 00:00:00,0.9666339801059539
2006-02-23 00:00:00,0.9666339801059539
2006-02-24 00:00:00,0.9666339801059539
2006-02-27 00:00:00,0.9666339801059539
2006-02-28 00:00:00,0.9666339801059539
2006-03-01 00:00:00,0.9666339801059539
2006-03-02 00:00:00,0.9666339801059539
2006-03-03 00:00:00,0.9666339801059539
2006-03-06 00:00:00,0.9666339801059539
2006-03-07 00:00:00,0.9666339801059539
2006-03-08 00:00:00,0.9666339801059539
2006-03-09 00:00:00,0.9666339801059539
2006-03-10 00:00:00,0.9666339801059539
2006-03-13 00:00:00,0.9666339801059539
2006-03-14 00:00:00,0.9666339801059539
2006-03-15 00:00:00,0.9666339801059539
2006-03-16 00:00:00,0.9666339801059539
2006-03-17 00:00:00,0.9666339801059539
2006-03-20 00:00:00,0.9666339801059539
2006-03-21 00:00:00,0.9666339801059539
2006-03-22 00:00:00,0.9666339801059539
2006-03-23 00:00:00,0.9666339801059539
2006-03-24 00:00:00,0.9666339801059539
2006-03-27 00:00:00,0.9666339801059539
2006-03-28 00:00:00,0.9666339801059539
2006-03-29 00:00:00,0.9666339801059539
2006-03-30 00:00:00,0.9666339801059539
2006-03-31 00:00:00,0.9666339801059539
2006-04-03 00:00:00,0.9666339801059539
2006-04-04 00:00:00,0.9666339801059539
2006-04-05 00:00:00,0.9666339801059539
2006-04-06 00:00:00,0.9666339801059539
2006-04-07 00:00:00,0.9666339801059539
2006-04-10 00:00:00,0.9666339801059539
2006-04-11 00:00:00,0.9666339801059539
2006-04-12 00:00:00,0.9666339801059539
2006-04-13 00:00:00,0.9666339801059539
2006-04-17 00:00:00,0.9666339801059539
2006-04-18 00:00:00,0.9666339801059539
2006-04-19 00:00:00,0.9666339801059539
2006-04-20 00:00:00,0.9666339801059539
2006-04-21 00:00:00,0.9666339801059539
2006-04-24 00:00:00,0.9666339801059539
2006-04-25 00:00:00,0.9666339801059539
2006-04-26 00:00:00,0.9666339801059539
2006-04-27 00:00:00,0.9666339801059539
2006-04-28 00:00:00,0.9666339801059539
2006-05-01 00:00:00,0.9666339801059539
2006-05-02 00:00:00,0.9666339801059539
2006-05-03 00:00:00,0.9666339801059539
2006-05-04 00:00:00,0.9666339801059539
2006-05-05 00:00:00,0.9666339801059539
2006-05-08 00:00:00,0.9666339801059539
2006-05-09 00:00:00,0.9666339801059539
2006-05-10 00:00:00,0.9666339801059539
2006-05-11 00:00:00,0.9666339801059539
2006-05-12 00:00:00,0.9666339801059539
2006-05-15 00:00:00,0.9666339801059539
2006-05-16 00:00:00,0.9666339801059539
2006-05-17 00:00:00,0.9666339801059539
2006-05-18 00:00:00,0.9666339801059539
2006-05-19 00:00:00,0.9666339801059539
2006-05-22 00:00:00,0.9666339801059539
2006-05-23 00:00:00,0.9666339801059539
2006-05-24 00:00:00,0.9666339801059539
2006-05-25 00:00:00,0.9666339801059539
2006-05-26 00:00:00,0.9666339801059539
2006-05-30 00:00:00,0.9666339801059539
2006-05-31 00:00:00,0.9666339801059539
2006-06-01 00:00:00,0.9666339801059539
2006-06-02 00:00:00,0.9666339801059539
2006-06-05 00:00:00,0.9666339801059539
2006-06-06 00:00:00,0.9666339801059539
2006-06-07 00:00:00,0.9666339801059539
2006-06-08 00:00:00,0.9666339801059539
2006-06-09 00:00:00,0.9666339801059539
2006-06-12 00:00:00,0.9666339801059539
2006-06-13 00:00:00,0.9790009872614913
2006-06-14 00:00:00,0.96899068116731
2006-06-15 00:00:00,0.9401175661793292
2006-06-16 00:00:00,0.9514684542628945
2006-06-19 00:00:00,0.968315789971143
2006-06-20 00:00:00,0.9692983791263282
2006-06-21 00:00:00,0.9559152528988187
2006-06-22 00:00:00,0.9590214695453589
2006-06-23 00:00:00,0.953883014754874
2006-06-26 00:00:00,0.943248112339706
2006-06-27 00:00:00,0.9582216590849942
2006-06-28 00:00:00,0.9544573162006804
2006-06-29 00:00:00,0.9213369462299897
2006-06-30 00:00:00,0.9153240565901236
2006-07-03 00:00:00,0.904057208465182
2006-07-05 00:00:00,0.904057208465182
2006-07-06 00:00:00,0.904057208465182
2006-07-07 00:00:00,0.904057208465182
2006-07-10 00:00:00,0.904057208465182
2006-07-11 00:00:00,0.904057208465182
2006-07-12 00:00:00,0.904057208465182
2006-07-13 00:00:00,0.904057208465182
2006-07-14 00:00:00,0.9094784850541414
2006-07-17 00:00:00,0.9103522884487065
2006-07-18 00:00:00,0.9058048152543121
2006-07-19 00:00:00,0.8900205142209837
2006-07-20 00:00:00,0.9075524220434422
2006-07-21 00:00:00,0.9171002679803425
2006-07-24 00:00:00,0.8960918276885621
2006-07-25 00:00:00,0.8944028457865282
2006-07-26 00:00:00,0.8958680611726161
2006-07-27 00:00:00,0.9023602784866483
2006-07-28 00:00:00,0.8882516447626344
2006-07-31 00:00:00,0.8881397615046613
2006-08-01 00:00:00,0.8988704314246072
2006-08-02 00:00:00,0.8898873682937917
2006-08-03 00:00:00,0.8815942858197524
2006-08-04 00:00:00,0.8886779151253075
2006-08-07 00:00:00,0.8913259544944412
2006-08-08 00:00:00,0.9007752317660875
2006-08-09 00:00:00,0.907563155075881
2006-08-10 00:00:00,0.9016357205679333
2006-08-11 00:00:00,0.9085222125429807
2006-08-14 00:00:00,0.9045661513401091
2006-08-15 00:00:00,0.8905560862813492
2006-08-16 00:00:00,0.8806859051632492
2006-08-17 00:00:00,0.879588335252738
2006-08-18 00:00:00,0.8755337053846128
2006-08-21 00:00:00,0.883011609351183
2006-08-22 00:00:00,0.8807312154576262
2006-08-23 00:00:00,0.8887019627504655
2006-08-24 00:00:00,0.8898714721407919
2006-08-25 00:00:00,0.8886753335650271
2006-08-28 00:00:00,0.881367937743526
2006-08-29 00:00:00,0.8723848746127103
2006-08-30 00:00:00,0.8669502834310318
2006-08-31 00:00:00,0.867232674834074
2006-09-01 00:00:00,0.8667265169150857
2006-09-05 00:00:00,0.8603062390808689
2006-09-06 00:00:00,0.8661357595446666
2006-09-07 00:00:00,0.8661357595446666
2006-09-08 00:00:00,0.8661357595446666
2006-09-11 00:00:00,0.8661357595446666
2006-09-12 00:00:00,0.8661357595446666
2006-09-13 00:00:00,0.8661357595446666
2006-09-14 00:00:00,0.8661357595446666
2006-09-15 00:00:00,0.8661357595446666
2006-09-18 00:00:00,0.8661357595446666
2006-09-19 00:00:00,0.8661357595446666
2006-09-20 00:00:00,0.8661357595446666
2006-09-21 00:00:00,0.8661357595446666
2006-09-22 00:00:00,0.8661357595446666
2006-09-25 00:00:00,0.8661357595446666
2006-09-26 00:00:00,0.8661357595446666
2006-09-27 00:00:00,0.8661357595446666
2006-09-28 00:00:00,0.8661357595446666
2006-09-29 00:00:00,0.8661357595446666
2006-10-02 00:00:00,0.8661357595446666
2006-10-03 00:00:00,0.8661357595446666
2006-10-04 00:00:00,0.8661357595446666
2006-10-05 00:00:00,0.8661357595446666
2006-10-06 00:00:00,0.8661357595446666
2006-10-09 00:00:00,0.8661357595446666
2006-10-10 00:00:00,0.8661357595446666
2006-10-11 00:00:00,0.8661357595446666
2006-10-12 00:00:00,0.8661357595446666
2006-10-13 00:00:00,0.8661357595446666
2006-10-16 00:00:00,0.8661357595446666
2006-10-17 00:00:00,0.8661357595446666
2006-10-18 00:00:00,0.8661357595446666
2006-10-19 00:00:00,0.8661357595446666
2006-10-20 00:00:00,0.8661357595446666
2006-10-23 00:00:00,0.8661357595446666
2006-10-24 00:00:00,0.8661357595446666
2006-10-25 00:00:00,0.8661357595446666
2006-10-26 00:00:00,0.8661357595446666
2006-10-27 00:00:00,0.8661357595446666
2006-10-30 00:00:00,0.8661357595446666
2006-10-31 00:00:00,0.8661357595446666
2006-11-01 00:00:00,0.8661357595446666
2006-11-02 00:00:00,0.8661357595446666
2006-11-03 00:00:00,0.8661357595446666
2006-11-06 00:00:00,0.8661357595446666
2006-11-07 00:00:00,0.8661357595446666
2006-11-08 00:00:00,0.8661357595446666
2006-11-09 00:00:00,0.8661357595446666
2006-11-10 00:00:00,0.8661357595446666
2006-11-13 00:00:00,0.8661357595446666
2006-11-14 00:00:00,0.8661357595446666
2006-11-15 00:00:00,0.8661357595446666
2006-11-16 00:00:00,0.8661357595446666
2006-11-17 00:00:00,0.8661357595446666
2006-11-20 00:00:00,0.8661357595446666
2006-11-21 00:00:00,0.8661357595446666
2006-11-22 00:00:00,0.8661357595446666
2006-11-24 00:00:00,0.8661357595446666
2006-11-27 00:00:00,0.8661357595446666
2006-11-28 00:00:00,0.8661357595446666
2006-11-29 00:00:00,0.8661357595446666
2006-11-30 00:00:00,0.8661357595446666
2006-12-01 00:00:00,0.8661357595446666
2006-12-04 00:00:00,0.8661357595446666
2006-12-05 00:00:00,0.8661357595446666
2006-12-06 00:00:00,0.8661357595446666
2006-12-07 00:00:00,0.8661357595446666
2006-12-08 00:00:00,0.8661357595446666
2006-12-11 00:00:00,0.8661357595446666
2006-12-12 00:00:00,0.8661357595446666
2006-12-13 00:00:00,0.8661357595446666
2006-12-14 00:00:00,0.8661357595446666
2006-12-15 00:00:00,0.8661357595446666
2006-12-18 00:00:00,0.8661357595446666
2006-12-19 00:00:00,0.8661357595446666
2006-12-20 00:00:00,0.8661357595446666
2006-12-21 00:00:00,0.8661357595446666
2006-12-22 00:00:00,0.8661357595446666
2006-12-26 00:00:00,0.8661357595446666
2006-12-27 00:00:00,0.8661357595446666
2006-12-28 00:00:00,0.8661357595446666
2006-12-29 00:00:00,0.8661357595446666
2007-01-03 00:00:00,0.8661357595446666
2007-01-04 00:00:00,0.8661357595446666
2007-01-05 00:00:00,0.8661357595446666
2007-01-08 00:00:00,0.8661357595446666
2007-01-09 00:00:00,0.8661357595446666
2007-01-10 00:00:00,0.8661357595446666
2007-01-11 00:00:00,0.8661357595446666
2007-01-12 00:00:00,0.8661357595446666
2007-01-16 00:00:00,0.8661357595446666
2007-01-17 00:00:00,0.8661357595446666
2007-01-18 00:00:00,0.8661357595446666
2007-01-19 00:00:00,0.8661357595446666
2007-01-22 00:00:00,0.8661357595446666
2007-01-23 00:00:00,0.8661357595446666
2007-01-24 00:00:00,0.8661357595446666
2007-01-25 00:00:00,0.8661357595446666
2007-01-26 00:00:00,0.8661357595446666
2007-01-29 00:00:00,0.8661357595446666
2007-01-30 00:00:00,0.8661357595446666
2007-01-31 00:00:00,0.8661357595446666
2007-02-01 00:00:00,0.8661357595446666
2007-02-02 00:00:00,0.8661357595446666
2007-02-05 00:00:00,0.8661357595446666
2007-02-06 00:00:00,0.8661357595446666
2007-02-07 00:00:00,0.8661357595446666
2007-02-08 00:00:00,0.8661357595446666
2007-02-09 00:00:00,0.8661357595446666
2007-02-12 00:00:00,0.8661357595446666
2007-02-13 00:00:00,0.8661357595446666
2007-02-14 00:00:00,0.8661357595446666
2007-02-15 00:00:00,0.8661357595446666
2007-02-16 00:00:00,0.8661357595446666
2007-02-20 00:00:00,0.8661357595446666
2007-02-21 00:00:00,0.8661357595446666
2007-02-22 00:00:00,0.8661357595446666
2007-02-23 00:00:00,0.8661357595446666
2007-02-26 00:00:00,0.8661357595446666
2007-02-27 00:00:00,0.8661357595446666
2007-02-28 00:00:00,0.8661357595446666
2007-03-01 00:00:00,0.8661357595446666
2007-03-02 00:00:00,0.8661357595446666
2007-03-05 00:00:00,0.8661357595446666
2007-03-06 00:00:00,0.8661357595446666
2007-03-07 00:00:00,0.8661357595446666
2007-03-08 00:00:00,0.8661357595446666
2007-03-09 00:00:00,0.8661357595446666
2007-03-12 00:00:00,0.8661357595446666
2007-03-13 00:00:00,0.8661357595446666
2007-03-14 00:00:00,0.8661357595446666
2007-03-15 00:00:00,0.8661357595446666
2007-03-16 00:00:00,0.8661357595446666
2007-03-19 00:00:00,0.8661357595446666
2007-03-20 00:00:00,0.8661357595446666
2007-03-21 00:00:00,0.8661357595446666
2007-03-22 00:00:00,0.8661357595446666
2007-03-23 00:00:00,0.8661357595446666
2007-03-26 00:00:00,0.8661357595446666
2007-03-27 00:00:00,0.8661357595446666
2007-03-28 00:00:00,0.8661357595446666
2007-03-29 00:00:00,0.8661357595446666
2007-03-30 00:00:00,0.8661357595446666
2007-04-02 00:00:00,0.8661357595446666
2007-04-03 00:00:00,0.8661357595446666
2007-04-04 00:00:00,0.8661357595446666
2007-04-05 00:00:00,0.8661357595446666
2007-04-09 00:00:00,0.8661357595446666
2007-04-10 00:00:00,0.8661357595446666
2007-04-11 00:00:00,0.8661357595446666
2007-04-12 00:00:00,0.8661357595446666
2007-04-13 00:00:00,0.8661357595446666
2007-04-16 00:00:00,0.8661357595446666
2007-04-17 00:00:00,0.8661357595446666
2007-04-18 00:00:00,0.8661357595446666
2007-04-19 00:00:00,0.8661357595446666
2007-04-20 00:00:00,0.8661357595446666
2007-04-23 00:00:00,0.8661357595446666
2007-04-24 00:00:00,0.8661357595446666
2007-04-25 00:00:00,0.8661357595446666
2007-04-26 00:00:00,0.8661357595446666
2007-04-27 00:00:00,0.8661357595446666
2007-04-30 00:00:00,0.8661357595446666
2007-05-01 00:00:00,0.8661357595446666
2007-05-02 00:00:00,0.8661357595446666
2007-05-03 00:00:00,0.8661357595446666
2007-05-04 00:00:00,0.8661357595446666
2007-05-07 00:00:00,0.8661357595446666
2007-05-08 00:00:00,0.8661357595446666
2007-05-09 00:00:00,0.8661357595446666
2007-05-10 00:00:00,0.8661357595446666
2007-05-11 00:00:00,0.8661357595446666
2007-05-14 00:00:00,0.8661357595446666
2007-05-15 00:00:00,0.8661357595446666
2007-05-16 00:00:00,0.8661357595446666
2007-05-17 00:00:00,0.8661357595446666
2007-05-18 00:00:00,0.8661357595446666
2007-05-21 00:00:00,0.8661357595446666
2007-05-22 00:00:00,0.8661357595446666
2007-05-23 00:00:00,0.8661357595446666
2007-05-24 00:00:00,0.8661357595446666
2007-05-25 00:00:00,0.8661357595446666
2007-05-29 00:00:00,0.8661357595446666
2007-05-30 00:00:00,0.8661357595446666
2007-05-31 00:00:00,0.8661357595446666
2007-06-01 00:00:00,0.8661357595446666
2007-06-04 00:00:00,0.8661357595446666
2007-06-05 00:00:00,0.8661357595446666
2007-06-06 00:00:00,0.8661357595446666
2007-06-07 00:00:00,0.8661357595446666
2007-06-08 00:00:00,0.8661357595446666
2007-06-11 00:00:00,0.8661357595446666
2007-06-12 00:00:00,0.8661357595446666
2007-06-13 00:00:00,0.8661357595446666
2007-06-14 00:00:00,0.8661357595446666
2007-06-15 00:00:00,0.8661357595446666
2007-06-18 00:00:00,0.8661357595446666
2007-06-19 00:00:00,0.8661357595446666
2007-06-20 00:00:00,0.8661357595446666
2007-06-21 00:00:00,0.8661357595446666
2007-06-22 00:00:00,0.8661357595446666
2007-06-25 00:00:00,0.8661357595446666
2007-06-26 00:00:00,0.8661357595446666
2007-06-27 00:00:00,0.8661357595446666
2007-06-28 00:00:00,0.8661357595446666
2007-06-29 00:00:00,0.8661357595446666
2007-07-02 00:00:00,0.8661357595446666
2007-07-03 00:00:00,0.8661357595446666
2007-07-05 00:00:00,0.8661357595446666
2007-07-06 00:00:00,0.8661357595446666
2007-07-09 00:00:00,0.8661357595446666
2007-07-10 00:00:00,0.8661357595446666
2007-07-11 00:00:00,0.8661357595446666
2007-07-12 00:00:00,0.8661357595446666
2007-07-13 00:00:00,0.8661357595446666
2007-07-16 00:00:00,0.8661357595446666
2007-07-17 00:00:00,0.8661357595446666
2007-07-18 00:00:00,0.8661357595446666
2007-07-19 00:00:00,0.8661357595446666
2007-07-20 00:00:00,0.8661357595446666
2007-07-23 00:00:00,0.8661357595446666
2007-07-24 00:00:00,0.8661357595446666
2007-07-25 00:00:00,0.8661357595446666
2007-07-26 00:00:00,0.8661357595446666
2007-07-27 00:00:00,0.8661357595446666
2007-07-30 00:00:00,0.8661357595446666
2007-07-31 00:00:00,0.8862172043687735
2007-08-01 00:00:00,0.8815911629463099
2007-08-02 00:00:00,0.8748801627716167
2007-08-03 00:00:00,0.9050400121100374
2007-08-06 00:00:00,0.8978900732506642
2007-08-07 00:00:00,0.885033931490452
2007-08-08 00:00:00,0.859229098532182
2007-08-09 00:00:00,0.8796225621364744
2007-08-10 00:00:00,0.8755451940698606
2007-08-13 00:00:00,0.8798076610121657
2007-08-14 00:00:00,0.8947143910579589
2007-08-15 00:00:00,0.9068777543245026
2007-08-16 00:00:00,0.8898516950598312
2007-08-17 00:00:00,0.8719477584257999
2007-08-20 00:00:00,0.8709429611519457
2007-08-21 00:00:00,0.8685116131528817
2007-08-22 00:00:00,0.8581793688295792
2007-08-23 00:00:00,0.869355120055593
2007-08-24 00:00:00,0.8581449983629306
2007-08-27 00:00:00,0.8693207495889443
2007-08-28 00:00:00,0.8919089066166365
2007-08-29 00:00:00,0.8698350524781456
2007-08-30 00:00:00,0.8756338048168305
2007-08-31 00:00:00,0.8678254579304375
2007-09-04 00:00:00,0.8567250709089451
2007-09-05 00:00:00,0.8648282513421993
2007-09-06 00:00:00,0.8645915967665351
2007-09-07 00:00:00,0.8796080614834983
2007-09-10 00:00:00,0.8893572619843024
2007-09-11 00:00:00,0.8759524468682404
2007-09-12 00:00:00,0.8806538524952252
2007-09-13 00:00:00,0.8791003818655211
2007-09-14 00:00:00,0.8748035444565675
2007-09-17 00:00:00,0.8838943369303517
2007-09-18 00:00:00,0.8481036488956134
2007-09-19 00:00:00,0.836125384504761
2007-09-20 00:00:00,0.8370785610216588
2007-09-21 00:00:00,0.8370785610216588
2007-09-24 00:00:00,0.8370785610216588
2007-09-25 00:00:00,0.8370785610216588
2007-09-26 00:00:00,0.8370785610216588
2007-09-27 00:00:00,0.8370785610216588
2007-09-28 00:00:00,0.8370785610216588
2007-10-01 00:00:00,0.8370785610216588
2007-10-02 00:00:00,0.8370785610216588
2007-10-03 00:00:00,0.8370785610216588
2007-10-04 00:00:00,0.8370785610216588
2007-10-05 00:00:00,0.8370785610216588
2007-10-08 00:00:00,0.8370785610216588
2007-10-09 00:00:00,0.8370785610216588
2007-10-10 00:00:00,0.8370785610216588
2007-10-11 00:00:00,0.8370785610216588
2007-10-12 00:00:00,0.8370785610216588
2007-10-15 00:00:00,0.8370785610216588
2007-10-16 00:00:00,0.8370785610216588
2007-10-17 00:00:00,0.8370785610216588
2007-10-18 00:00:00,0.8370785610216588
2007-10-19 00:00:00,0.8370785610216588
2007-10-22 00:00:00,0.8370785610216588
2007-10-23 00:00:00,0.8370785610216588
2007-10-24 00:00:00,0.8370785610216588
2007-10-25 00:00:00,0.8370785610216588
2007-10-26 00:00:00,0.8370785610216588
2007-10-29 00:00:00,0.8370785610216588
2007-10-30 00:00:00,0.8370785610216588
2007-10-31 00:00:00,0.8370785610216588
2007-11-01 00:00:00,0.8370785610216588
2007-11-02 00:00:00,0.8370785610216588
2007-11-05 00:00:00,0.8370785610216588
2007-11-06 00:00:00,0.8370785610216588
2007-11-07 00:00:00,0.8370785610216588
2007-11-08 00:00:00,0.8370785610216588
2007-11-09 00:00:00,0.8370785610216588
2007-11-12 00:00:00,0.8438415394312825
2007-11-13 00:00:00,0.8234093192744609
2007-11-14 00:00:00,0.8260405895914842
2007-11-15 00:00:00,0.8372122877719425
2007-11-16 00:00:00,0.8432683997194803
2007-11-19 00:00:00,0.8563476046308581
2007-11-20 00:00:00,0.8532997071808256
2007-11-21 00:00:00,0.8663789120922034
2007-11-23 00:00:00,0.8528397276221137
2007-11-26 00:00:00,0.8705142896579794
2007-11-27 00:00:00,0.8624375108264318
2007-11-28 00:00:00,0.8381469247820685
2007-11-29 00:00:00,0.8428157591071196
2007-11-30 00:00:00,0.8395944519542762
2007-12-03 00:00:00,0.8467777269700846
2007-12-04 00:00:00,0.8532673631746496
2007-12-05 00:00:00,0.840768636921425
2007-12-06 00:00:00,0.8250618311661995
2007-12-07 00:00:00,0.8240948501498974
2007-12-10 00:00:00,0.8175787586436476
2007-12-11 00:00:00,0.8416694796835152
2007-12-12 00:00:00,0.8366273706511578
2007-12-13 00:00:00,0.8402557467593436
2007-12-14 00:00:00,0.8531615419679105
2007-12-17 00:00:00,0.8631193722286927
2007-12-18 00:00:00,0.8516611041923333
2007-12-19 00:00:00,0.8476594533768411
2007-12-20 00:00:00,0.8371549387059415
2007-12-21 00:00:00,0.8218816572077432
2007-12-24 00:00:00,0.816926253026791
2007-12-26 00:00:00,0.8137049458739477
2007-12-27 00:00:00,0.8323332612752732
2007-12-28 00:00:00,0.8395165362910816
2007-12-31 00:00:00,0.8450524191301868
2008-01-02 00:00:00,0.8516287601861573
2008-01-03 00:00:00,0.8588120352019657
2008-01-04 00:00:00,0.87822069426594
2008-01-07 00:00:00,0.8768201889926107
2008-01-08 00:00:00,0.8961421432051796
2008-01-09 00:00:00,0.8899728711045515
2008-01-10 00:00:00,0.8818093874215985
2008-01-11 00:00:00,0.8943683632245438
2008-01-14 00:00:00,0.8893262541921864
2008-01-15 00:00:00,0.9002378378184284
2008-01-16 00:00:00,0.8999644956133698
2008-01-17 00:00:00,0.9146043878500453
2008-01-18 00:00:00,0.9203136803919614
2008-01-22 00:00:00,0.9244622856085798
2008-01-23 00:00:00,0.904680351837299
2008-01-24 00:00:00,0.9051006484434836
2008-01-25 00:00:00,0.9094226633629129
2008-01-28 00:00:00,0.8968372322582828
2008-01-29 00:00:00,0.8952633172821427
2008-01-30 00:00:00,0.9028801165549784
2008-01-31 00:00:00,0.8879536544624017
2008-02-01 00:00:00,0.8732873069240414
2008-02-04 00:00:00,0.8805572867912551
2008-02-05 00:00:00,0.8964977517990123
2008-02-06 00:00:00,0.9050683044373077
2008-02-07 00:00:00,0.8950840188748406
2008-02-08 00:00:00,0.8988858046858371
2008-02-11 00:00:00,0.8996529206976437
2008-02-12 00:00:00,0.8924431903801505
2008-02-13 00:00:00,0.879944464126926
2008-02-14 00:00:00,0.8944109466607906
2008-02-15 00:00:00,0.8970855694035166
2008-02-19 00:00:00,0.889615724531807
2008-02-20 00:00:00,0.8892556774753431
2008-02-21 00:00:00,0.9012077193184501
2008-02-22 00:00:00,0.9013679013704187
2008-02-25 00:00:00,0.8892159945228159
2008-02-26 00:00:00,0.8834802466792149
2008-02-27 00:00:00,0.8837271335825888
2008-02-28 00:00:00,0.8930780298835331
2008-02-29 00:00:00,0.9057237105378837
2008-03-03 00:00:00,0.9114330030797998
2008-03-04 00:00:00,0.9148879694851747
2008-03-05 00:00:00,0.9092389264929792
2008-03-06 00:00:00,0.9289944049625753
2008-03-07 00:00:00,0.930801979191247
2008-03-10 00:00:00,0.9434476598455976
2008-03-11 00:00:00,0.9191570738012343
2008-03-12 00:00:00,0.9259068245600156
2008-03-13 00:00:00,0.9141017371180346
2008-03-14 00:00:00,0.9291751536117372
2008-03-17 00:00:00,0.9385260499126814
2008-03-18 00:00:00,0.912588071691615
2008-03-19 00:00:00,0.9277481930367232
2008-03-20 00:00:00,0.9175037929200398
2008-03-24 00:00:00,0.8957276475664342
2008-03-25 00:00:00,0.8937202083332668
2008-03-26 00:00:00,0.8987358620639394
2008-03-27 00:00:00,0.9034914012403958
2008-03-28 00:00:00,0.9112816102160423
2008-03-31 00:00:00,0.9104013340511455
2008-04-01 00:00:00,0.8887118935489452
2008-04-02 00:00:00,0.8872246834242106
2008-04-03 00:00:00,0.8855640635966648
2008-04-04 00:00:00,0.8854641310944171
2008-04-07 00:00:00,0.8871850004716835
2008-04-08 00:00:00,0.8866515437124084
2008-04-09 00:00:00,0.8971296030816232
2008-04-10 00:00:00,0.8913938552380223
2008-04-11 00:00:00,0.9063805668803198
2008-04-14 00:00:00,0.9081881411089913
2008-04-15 00:00:00,0.9040130805906881
2008-04-16 00:00:00,0.8850114904820562
2008-04-17 00:00:00,0.8874259986705659
2008-04-18 00:00:00,0.8809099071643162
2008-04-21 00:00:00,0.8808099746620683
2008-04-22 00:00:00,0.8910279194770669
2008-04-23 00:00:00,0.8905811675691975
2008-04-24 00:00:00,0.8846720100227856
2008-04-25 00:00:00,0.8788495573277793
2008-04-28 00:00:00,0.8746744968094763
2008-04-29 00:00:00,0.8802103796485815
2008-04-30 00:00:00,0.8831451169455237
2008-05-01 00:00:00,0.8714267343549481
2008-05-02 00:00:00,0.8734077182864306
2008-05-05 00:00:00,0.8755621119207241
2008-05-06 00:00:00,0.8704332980369612
2008-05-07 00:00:00,0.8816917010688249
2008-05-08 00:00:00,0.8803779006469011
2008-05-09 00:00:00,0.8821854748755728
2008-05-12 00:00:00,0.8685595855540776
2008-05-13 00:00:00,0.8649047541442071
2008-05-14 00:00:00,0.8631508745784898
2008-05-15 00:00:00,0.8631508745784898
2008-05-16 00:00:00,0.8631508745784898
2008-05-19 00:00:00,0.8631508745784898
2008-05-20 00:00:00,0.8631508745784898
2008-05-21 00:00:00,0.8631508745784898
2008-05-22 00:00:00,0.8631508745784898
2008-05-23 00:00:00,0.8631508745784898
2008-05-27 00:00:00,0.8631508745784898
2008-05-28 00:00:00,0.8631508745784898
2008-05-29 00:00:00,0.8631508745784898
2008-05-30 00:00:00,0.8631508745784898
2008-06-02 00:00:00,0.8631508745784898
2008-06-03 00:00:00,0.8631508745784898
2008-06-04 00:00:00,0.8631508745784898
2008-06-05 00:00:00,0.8631508745784898
2008-06-06 00:00:00,0.8631508745784898
2008-06-09 00:00:00,0.8631508745784898
2008-06-10 00:00:00,0.8631508745784898
2008-06-11 00:00:00,0.8631508745784898
2008-06-12 00:00:00,0.8631508745784898
2008-06-13 00:00:00,0.8631508745784898
2008-06-16 00:00:00,0.8631508745784898
2008-06-17 00:00:00,0.8631508745784898
2008-06-18 00:00:00,0.8631508745784898
2008-06-19 00:00:00,0.8631508745784898
2008-06-20 00:00:00,0.8631508745784898
2008-06-23 00:00:00,0.8631508745784898
2008-06-24 00:00:00,0.8631508745784898
2008-06-25 00:00:00,0.8631508745784898
2008-06-26 00:00:00,0.8631508745784898
2008-06-27 00:00:00,0.8631508745784898
2008-06-30 00:00:00,0.8631508745784898
2008-07-01 00:00:00,0.8631508745784898
2008-07-02 00:00:00,0.8631508745784898
2008-07-03 00:00:00,0.8631508745784898
2008-07-07 00:00:00,0.8755663889364372
2008-07-08 00:00:00,0.8474088985794312
2008-07-09 00:00:00,0.8689134656542148
2008-07-10 00:00:00,0.8612120132393508
2008-07-11 00:00:00,0.8568213646532726
2008-07-14 00:00:00,0.8699306791622062
2008-07-15 00:00:00,0.873225825178667
2008-07-16 00:00:00,0.84459536284612
2008-07-17 00:00:00,0.8433972750949426
2008-07-18 00:00:00,0.8377059535761273
2008-07-21 00:00:00,0.8277578842774441
2008-07-22 00:00:00,0.8106377899125784
2008-07-23 00:00:00,0.8059256636090808
2008-07-24 00:00:00,0.8061829605283908
2008-07-25 00:00:00,0.8062672059747805
2008-07-28 00:00:00,0.8163648434490851
2008-07-29 00:00:00,0.8020313014703491
2008-07-30 00:00:00,0.7983272096516849
2008-07-31 00:00:00,0.7983272096516849
2008-08-01 00:00:00,0.7983272096516849
2008-08-04 00:00:00,0.7983272096516849
2008-08-05 00:00:00,0.7983272096516849
2008-08-06 00:00:00,0.7983272096516849
2008-08-07 00:00:00,0.7983272096516849
2008-08-08 00:00:00,0.7983272096516849
2008-08-11 00:00:00,0.7983272096516849
2008-08-12 00:00:00,0.7983272096516849
2008-08-13 00:00:00,0.7983272096516849
2008-08-14 00:00:00,0.7983272096516849
2008-08-15 00:00:00,0.7983272096516849
2008-08-18 00:00:00,0.7983272096516849
2008-08-19 00:00:00,0.7983272096516849
2008-08-20 00:00:00,0.7983272096516849
2008-08-21 00:00:00,0.7983272096516849
2008-08-22 00:00:00,0.7983272096516849
2008-08-25 00:00:00,0.7983272096516849
2008-08-26 00:00:00,0.7983272096516849
2008-08-27 00:00:00,0.7983272096516849
2008-08-28 00:00:00,0.7983272096516849
2008-08-29 00:00:00,0.7983272096516849
2008-09-02 00:00:00,0.7983272096516849
2008-09-03 00:00:00,0.7983272096516849
2008-09-04 00:00:00,0.7983272096516849
2008-09-05 00:00:00,0.7983272096516849
2008-09-08 00:00:00,0.7983272096516849
2008-09-09 00:00:00,0.7983272096516849
2008-09-10 00:00:00,0.7983272096516849
2008-09-11 00:00:00,0.7983272096516849
2008-09-12 00:00:00,0.7983272096516849
2008-09-15 00:00:00,0.7983272096516849
2008-09-16 00:00:00,0.7983272096516849
2008-09-17 00:00:00,0.7983272096516849
2008-09-18 00:00:00,0.7983272096516849
2008-09-19 00:00:00,0.7983272096516849
2008-09-22 00:00:00,0.7983272096516849
2008-09-23 00:00:00,0.7983272096516849
2008-09-24 00:00:00,0.7983272096516849
2008-09-25 00:00:00,0.7983272096516849
2008-09-26 00:00:00,0.7983272096516849
2008-09-29 00:00:00,0.7983272096516849
2008-09-30 00:00:00,0.7866475869632072
2008-10-01 00:00:00,0.7920141435907764
2008-10-02 00:00:00,0.8108698419148972
2008-10-03 00:00:00,0.8156880594491105
2008-10-06 00:00:00,0.8320213979437949
2008-10-07 00:00:00,0.8535091239160234
2008-10-08 00:00:00,0.8608497012796732
2008-10-09 00:00:00,0.8853532922653584
2008-10-10 00:00:00,0.8718569840814894
2008-10-13 00:00:00,0.847010056665156
2008-10-14 00:00:00,0.8557763156715309
2008-10-15 00:00:00,0.8830216021239949
2008-10-16 00:00:00,0.8649192455559375
2008-10-17 00:00:00,0.8726984941942719
2008-10-20 00:00:00,0.8595311894664164
2008-10-21 00:00:00,0.867803943288771
2008-10-22 00:00:00,0.8825470984127236
2008-10-23 00:00:00,0.8907650183257426
2008-10-24 00:00:00,0.9007376233375002
2008-10-27 00:00:00,0.913397089906701
2008-10-28 00:00:00,0.8937045499679117
2008-10-29 00:00:00,0.8923265357472051
2008-10-30 00:00:00,0.8773497120112754
2008-10-31 00:00:00,0.8646210785581045
2008-11-03 00:00:00,0.8642300747054381
2008-11-04 00:00:00,0.8608232058393152
2008-11-05 00:00:00,0.8764437035126369
2008-11-06 00:00:00,0.8874033188924348
2008-11-07 00:00:00,0.8817482597435532
2008-11-10 00:00:00,0.8881566606484982
2008-11-11 00:00:00,0.8940167224600876
2008-11-12 00:00:00,0.9094727184054027
2008-11-13 00:00:00,0.8889028359172443
2008-11-14 00:00:00,0.9090197141560834
2008-11-17 00:00:00,0.9111510701328536
2008-11-18 00:00:00,0.9123502496509188
2008-11-19 00:00:00,0.9324671278897579
2008-11-20 00:00:00,0.9479779577444086
2008-11-21 00:00:00,0.9364008363872848
2008-11-24 00:00:00,0.9207111718299927
2008-11-25 00:00:00,0.9167559638705138
2008-11-26 00:00:00,0.9022178114092689
2008-11-28 00:00:00,0.8996334511831795
2008-12-01 00:00:00,0.9287979244623886
2008-12-02 00:00:00,0.9166724640119089
2008-12-03 00:00:00,0.9093175536736244
2008-12-04 00:00:00,0.9175903074959791
2008-12-05 00:00:00,0.9063970235042043
2008-12-08 00:00:00,0.8952037395124295
2008-12-09 00:00:00,0.9033723089070465
2008-12-10 00:00:00,0.8973279290018823
2008-12-11 00:00:00,0.9105905685737743
2008-12-12 00:00:00,0.9020293122301071
2008-12-15 00:00:00,0.9103020660524618
2008-12-16 00:00:00,0.8941188963111495
2008-12-17 00:00:00,0.8916990378130668
2008-12-18 00:00:00,0.8933917225151523
2008-12-19 00:00:00,0.8920685422037812
2008-12-22 00:00:00,0.8972157631940081
2008-12-23 00:00:00,0.9029661571869262
2008-12-24 00:00:00,0.902026814240904
2008-12-26 00:00:00,0.8983457758281032
2008-12-29 00:00:00,0.9023414847222828
2008-12-30 00:00:00,0.8952059100213406
2008-12-31 00:00:00,0.8890573456884387
2009-01-02 00:00:00,0.883676456086235
2009-01-05 00:00:00,0.8826822792308773
2009-01-06 00:00:00,0.878014230450036
2009-01-07 00:00:00,0.8862869842723906
2009-01-08 00:00:00,0.8849638039610195
2009-01-09 00:00:00,0.8951009107007837
2009-01-12 00:00:00,0.9029349932484537
2009-01-13 00:00:00,0.8995281243823308
2009-01-14 00:00:00,0.9109264110368133
2009-01-15 00:00:00,0.9069163691679989
2009-01-16 00:00:00,0.9041126733045671
2009-01-20 00:00:00,0.9213781882579563
2009-01-21 00:00:00,0.9095268973541545
2009-01-22 00:00:00,0.9167578068991332
2009-01-23 00:00:00,0.9155442944064331
2009-01-26 00:00:00,0.9127954324523371
2009-01-27 00:00:00,0.9101014044075765
2009-01-28 00:00:00,0.8998402968745064
2009-01-29 00:00:00,0.9099774036142707
2009-01-30 00:00:00,0.9150149567858263
2009-02-02 00:00:00,0.9130337695624283
2009-02-03 00:00:00,0.9112719179763725
2009-02-04 00:00:00,0.9130742704971292
2009-02-05 00:00:00,0.910215740724362
2009-02-06 00:00:00,0.9013803148340169
2009-02-09 00:00:00,0.9025246604427466
2009-02-10 00:00:00,0.9143616183719137
2009-02-11 00:00:00,0.9134222754258916
2009-02-12 00:00:00,0.9113314203838223
2009-02-13 00:00:00,0.9139014476352771
2009-02-17 00:00:00,0.9235998831003567
2009-02-18 00:00:00,0.9269375850825096
2009-02-19 00:00:00,0.9301656192459912
2009-02-20 00:00:00,0.9332291516814661
2009-02-23 00:00:00,0.9418857428691698
2009-02-24 00:00:00,0.9338728256188583
2009-02-25 00:00:00,0.938526541425065
2009-02-26 00:00:00,0.9426319181379159
2009-02-27 00:00:00,0.9441052672026591
2009-03-02 00:00:00,0.9562163946785041
2009-03-03 00:00:00,0.9600476018446771
2009-03-04 00:00:00,0.9559278921571915
2009-03-05 00:00:00,0.9667230058089826
2009-03-06 00:00:00,0.965728828953625
2009-03-09 00:00:00,0.9701632091224893
2009-03-10 00:00:00,0.957873246944003
2009-03-11 00:00:00,0.9575919109100077
2009-03-12 00:00:00,0.9450826130941791
2009-03-13 00:00:00,0.9428272563241031
2009-03-16 00:00:00,0.9467132973996117
2009-03-17 00:00:00,0.9368908611412263
2009-03-18 00:00:00,0.9292069473469282
2009-03-19 00:00:00,0.9316124728703763
2009-03-20 00:00:00,0.9394465554180463
2009-03-23 00:00:00,0.9207958597566331
2009-03-24 00:00:00,0.9299459561283571
2009-03-25 00:00:00,0.924345730888811
2009-03-26 00:00:00,0.9152909693611235
2009-03-27 00:00:00,0.9234540553648071
2009-03-30 00:00:00,0.9301914597257657
2009-03-31 00:00:00,0.9280457707743608
2009-04-01 00:00:00,0.9240357289055464
2009-04-02 00:00:00,0.9122941058204158
2009-04-03 00:00:00,0.9083937317702726
2009-04-06 00:00:00,0.9126636102111302
2009-04-07 00:00:00,0.9213750353081694
2009-04-08 00:00:00,0.916981156074006
2009-04-09 00:00:00,0.9028268409781101
2009-04-13 00:00:00,0.9027100066721216
2009-04-14 00:00:00,0.910105417945107
2009-04-15 00:00:00,0.906314711713635
2009-04-16 00:00:00,0.8990146352846861
2009-04-17 00:00:00,0.8967044446052745
2009-04-20 00:00:00,0.9101315859051733
2009-04-21 00:00:00,0.9015154956521705
2009-04-22 00:00:00,0.9015631630741887
2009-04-23 00:00:00,0.9021591695895628
2009-04-24 00:00:00,0.8973814529900503
2009-04-27 00:00:00,0.8972298101184156
2009-04-28 00:00:00,0.8972298101184156
2009-04-29 00:00:00,0.8972298101184156
2009-04-30 00:00:00,0.8972298101184156
2009-05-01 00:00:00,0.8972298101184156
2009-05-04 00:00:00,0.8972298101184156
2009-05-05 00:00:00,0.8972298101184156
2009-05-06 00:00:00,0.8972298101184156
2009-05-07 00:00:00,0.8972298101184156
2009-05-08 00:00:00,0.8972298101184156
2009-05-11 00:00:00,0.8972298101184156
2009-05-12 00:00:00,0.8972298101184156
2009-05-13 00:00:00,0.8972298101184156
2009-05-14 00:00:00,0.8972298101184156
2009-05-15 00:00:00,0.8972298101184156
2009-05-18 00:00:00,0.8972298101184156
2009-05-19 00:00:00,0.8972298101184156
2009-05-20 00:00:00,0.8972298101184156
2009-05-21 00:00:00,0.8972298101184156
2009-05-22 00:00:00,0.8972298101184156
2009-05-26 00:00:00,0.8972298101184156
2009-05-27 00:00:00,0.8972298101184156
2009-05-28 00:00:00,0.8972298101184156
2009-05-29 00:00:00,0.8972298101184156
2009-06-01 00:00:00,0.8972298101184156
2009-06-02 00:00:00,0.8972298101184156
2009-06-03 00:00:00,0.8972298101184156
2009-06-04 00:00:00,0.8972298101184156
2009-06-05 00:00:00,0.8972298101184156
2009-06-08 00:00:00,0.8972298101184156
2009-06-09 00:00:00,0.8972298101184156
2009-06-10 00:00:00,0.8972298101184156
2009-06-11 00:00:00,0.8972298101184156
2009-06-12 00:00:00,0.8972298101184156
2009-06-15 00:00:00,0.8972298101184156
2009-06-16 00:00:00,0.8972298101184156
2009-06-17 00:00:00,0.8972298101184156
2009-06-18 00:00:00,0.8972298101184156
2009-06-19 00:00:00,0.8972298101184156
2009-06-22 00:00:00,0.8972298101184156
2009-06-23 00:00:00,0.8972298101184156
2009-06-24 00:00:00,0.8972298101184156
2009-06-25 00:00:00,0.8972298101184156
2009-06-26 00:00:00,0.8972298101184156
2009-06-29 00:00:00,0.8972298101184156
2009-06-30 00:00:00,0.8972298101184156
2009-07-01 00:00:00,0.8972298101184156
2009-07-02 00:00:00,0.8972298101184156
2009-07-06 00:00:00,0.8972298101184156
2009-07-07 00:00:00,0.8972298101184156
2009-07-08 00:00:00,0.8972298101184156
2009-07-09 00:00:00,0.8972298101184156
2009-07-10 00:00:00,0.8972298101184156
2009-07-13 00:00:00,0.8972298101184156
2009-07-14 00:00:00,0.8972298101184156
2009-07-15 00:00:00,0.8972298101184156
2009-07-16 00:00:00,0.8972298101184156
2009-07-17 00:00:00,0.8972298101184156
2009-07-20 00:00:00,0.8972298101184156
2009-07-21 00:00:00,0.8972298101184156
2009-07-22 00:00:00,0.8972298101184156
2009-07-23 00:00:00,0.8972298101184156
2009-07-24 00:00:00,0.8972298101184156
2009-07-27 00:00:00,0.8972298101184156
2009-07-28 00:00:00,0.8972298101184156
2009-07-29 00:00:00,0.8972298101184156
2009-07-30 00:00:00,0.8972298101184156
2009-07-31 00:00:00,0.8972298101184156
2009-08-03 00:00:00,0.8972298101184156
2009-08-04 00:00:00,0.8972298101184156
2009-08-05 00:00:00,0.8972298101184156
2009-08-06 00:00:00,0.8972298101184156
2009-08-07 00:00:00,0.8972298101184156
2009-08-10 00:00:00,0.8972298101184156
2009-08-11 00:00:00,0.8972298101184156
2009-08-12 00:00:00,0.8972298101184156
2009-08-13 00:00:00,0.8972298101184156
2009-08-14 00:00:00,0.8972298101184156
2009-08-17 00:00:00,0.8972298101184156
2009-08-18 00:00:00,0.8972298101184156
2009-08-19 00:00:00,0.8972298101184156
2009-08-20 00:00:00,0.8972298101184156
2009-08-21 00:00:00,0.8972298101184156
2009-08-24 00:00:00,0.8972298101184156
2009-08-25 00:00:00,0.8972298101184156
2009-08-26 00:00:00,0.8972298101184156
2009-08-27 00:00:00,0.8972298101184156
2009-08-28 00:00:00,0.8972298101184156
2009-08-31 00:00:00,0.8972298101184156
2009-09-01 00:00:00,0.8972298101184156
2009-09-02 00:00:00,0.8972298101184156
2009-09-03 00:00:00,0.8972298101184156
2009-09-04 00:00:00,0.8972298101184156
2009-09-08 00:00:00,0.8972298101184156
2009-09-09 00:00:00,0.8972298101184156
2009-09-10 00:00:00,0.8972298101184156
2009-09-11 00:00:00,0.8972298101184156
2009-09-14 00:00:00,0.8972298101184156
2009-09-15 00:00:00,0.8972298101184156
2009-09-16 00:00:00,0.8972298101184156
2009-09-17 00:00:00,0.8972298101184156
2009-09-18 00:00:00,0.8972298101184156
2009-09-21 00:00:00,0.8972298101184156
2009-09-22 00:00:00,0.8972298101184156
2009-09-23 00:00:00,0.8972298101184156
2009-09-24 00:00:00,0.8972298101184156
2009-09-25 00:00:00,0.8972298101184156
2009-09-28 00:00:00,0.8972298101184156
2009-09-29 00:00:00,0.8972298101184156
2009-09-30 00:00:00,0.8972298101184156
2009-10-01 00:00:00,0.8972298101184156
2009-10-02 00:00:00,0.8972298101184156
2009-10-05 00:00:00,0.8972298101184156
2009-10-06 00:00:00,0.8972298101184156
2009-10-07 00:00:00,0.8972298101184156
2009-10-08 00:00:00,0.8972298101184156
2009-10-09 00:00:00,0.8972298101184156
2009-10-12 00:00:00,0.8972298101184156
2009-10-13 00:00:00,0.8972298101184156
2009-10-14 00:00:00,0.8972298101184156
2009-10-15 00:00:00,0.8972298101184156
2009-10-16 00:00:00,0.8972298101184156
2009-10-19 00:00:00,0.8972298101184156
2009-10-20 00:00:00,0.8972298101184156
2009-10-21 00:00:00,0.8972298101184156
2009-10-22 00:00:00,0.8972298101184156
2009-10-23 00:00:00,0.8972298101184156
2009-10-26 00:00:00,0.8972298101184156
2009-10-27 00:00:00,0.8972298101184156
2009-10-28 00:00:00,0.8972298101184156
2009-10-29 00:00:00,0.8972298101184156
2009-10-30 00:00:00,0.8972298101184156
2009-11-02 00:00:00,0.8972298101184156
2009-11-03 00:00:00,0.8972298101184156
2009-11-04 00:00:00,0.8972298101184156
2009-11-05 00:00:00,0.8972298101184156
2009-11-06 00:00:00,0.8972298101184156
2009-11-09 00:00:00,0.8972298101184156
2009-11-10 00:00:00,0.8972298101184156
2009-11-11 00:00:00,0.8972298101184156
2009-11-12 00:00:00,0.8972298101184156
2009-11-13 00:00:00,0.8972298101184156
2009-11-16 00:00:00,0.8972298101184156
2009-11-17 00:00:00,0.8972298101184156
2009-11-18 00:00:00,0.8972298101184156
2009-11-19 00:00:00,0.8972298101184156
2009-11-20 00:00:00,0.8972298101184156
2009-11-23 00:00:00,0.8972298101184156
2009-11-24 00:00:00,0.8972298101184156
2009-11-25 00:00:00,0.8972298101184156
2009-11-27 00:00:00,0.8972298101184156
2009-11-30 00:00:00,0.8972298101184156
2009-12-01 00:00:00,0.8972298101184156
2009-12-02 00:00:00,0.8972298101184156
2009-12-03 00:00:00,0.8972298101184156
2009-12-04 00:00:00,0.8972298101184156
2009-12-07 00:00:00,0.8972298101184156
2009-12-08 00:00:00,0.8972298101184156
2009-12-09 00:00:00,0.8972298101184156
2009-12-10 00:00:00,0.8972298101184156
2009-12-11 00:00:00,0.8972298101184156
2009-12-14 00:00:00,0.8972298101184156
2009-12-15 00:00:00,0.8972298101184156
2009-12-16 00:00:00,0.8972298101184156
2009-12-17 00:00:00,0.8972298101184156
2009-12-18 00:00:00,0.8972298101184156
2009-12-21 00:00:00,0.8972298101184156
2009-12-22 00:00:00,0.8972298101184156
2009-12-23 00:00:00,0.8972298101184156
2009-12-24 00:00:00,0.8972298101184156
2009-12-28 00:00:00,0.8972298101184156
2009-12-29 00:00:00,0.8972298101184156
2009-12-30 00:00:00,0.8972298101184156
2009-12-31 00:00:00,0.8972298101184156
2010-01-04 00:00:00,0.8972298101184156
2010-01-05 00:00:00,0.8972298101184156
2010-01-06 00:00:00,0.8972298101184156
2010-01-07 00:00:00,0.8972298101184156
2010-01-08 00:00:00,0.8972298101184156
2010-01-11 00:00:00,0.8972298101184156
2010-01-12 00:00:00,0.8972298101184156
2010-01-13 00:00:00,0.8972298101184156
2010-01-14 00:00:00,0.8972298101184156
2010-01-15 00:00:00,0.8972298101184156
2010-01-19 00:00:00,0.8972298101184156
2010-01-20 00:00:00,0.8972298101184156
2010-01-21 00:00:00,0.8972298101184156
2010-01-22 00:00:00,0.8972298101184156
2010-01-25 00:00:00,0.8972298101184156
2010-01-26 00:00:00,0.8972298101184156
2010-01-27 00:00:00,0.8972298101184156
2010-01-28 00:00:00,0.8972298101184156
2010-01-29 00:00:00,0.8972298101184156
2010-02-01 00:00:00,0.8972298101184156
2010-02-02 00:00:00,0.8972298101184156
2010-02-03 00:00:00,0.8972298101184156
2010-02-04 00:00:00,0.8972298101184156
2010-02-05 00:00:00,0.8972298101184156
2010-02-08 00:00:00,0.8972298101184156
2010-02-09 00:00:00,0.8972298101184156
2010-02-10 00:00:00,0.8972298101184156
2010-02-11 00:00:00,0.8972298101184156
2010-02-12 00:00:00,0.8972298101184156
2010-02-16 00:00:00,0.8972298101184156
2010-02-17 00:00:00,0.8972298101184156
2010-02-18 00:00:00,0.8972298101184156
2010-02-19 00:00:00,0.8972298101184156
2010-02-22 00:00:00,0.8972298101184156
2010-02-23 00:00:00,0.8972298101184156
2010-02-24 00:00:00,0.8972298101184156
2010-02-25 00:00:00,0.8972298101184156
2010-02-26 00:00:00,0.8972298101184156
2010-03-01 00:00:00,0.8972298101184156
2010-03-02 00:00:00,0.8972298101184156
2010-03-03 00:00:00,0.8972298101184156
2010-03-04 00:00:00,0.8972298101184156
2010-03-05 00:00:00,0.8972298101184156
2010-03-08 00:00:00,0.8972298101184156
2010-03-09 00:00:00,0.8972298101184156
2010-03-10 00:00:00,0.8972298101184156
2010-03-11 00:00:00,0.8972298101184156
2010-03-12 00:00:00,0.8972298101184156
2010-03-15 00:00:00,0.8972298101184156
2010-03-16 00:00:00,0.8972298101184156
2010-03-17 00:00:00,0.8972298101184156
2010-03-18 00:00:00,0.8972298101184156
2010-03-19 00:00:00,0.8972298101184156
2010-03-22 00:00:00,0.8972298101184156
2010-03-23 00:00:00,0.8972298101184156
2010-03-24 00:00:00,0.8972298101184156
2010-03-25 00:00:00,0.8972298101184156
2010-03-26 00:00:00,0.8972298101184156
2010-03-29 00:00:00,0.8972298101184156
2010-03-30 00:00:00,0.8972298101184156
2010-03-31 00:00:00,0.8972298101184156
2010-04-01 00:00:00,0.8972298101184156
2010-04-05 00:00:00,0.8972298101184156
2010-04-06 00:00:00,0.8972298101184156
2010-04-07 00:00:00,0.8972298101184156
2010-04-08 00:00:00,0.8972298101184156
2010-04-09 00:00:00,0.8972298101184156
2010-04-12 00:00:00,0.8972298101184156
2010-04-13 00:00:00,0.8972298101184156
2010-04-14 00:00:00,0.8972298101184156
2010-04-15 00:00:00,0.8972298101184156
2010-04-16 00:00:00,0.8972298101184156
2010-04-19 00:00:00,0.8972298101184156
2010-04-20 00:00:00,0.8972298101184156
2010-04-21 00:00:00,0.8972298101184156
2010-04-22 00:00:00,0.8972298101184156
2010-04-23 00:00:00,0.8972298101184156
2010-04-26 00:00:00,0.8972298101184156
2010-04-27 00:00:00,0.8972298101184156
2010-04-28 00:00:00,0.8972298101184156
2010-04-29 00:00:00,0.8972298101184156
2010-04-30 00:00:00,0.8972298101184156
2010-05-03 00:00:00,0.8972298101184156
2010-05-04 00:00:00,0.8972298101184156
2010-05-05 00:00:00,0.8972298101184156
2010-05-06 00:00:00,0.8972298101184156
2010-05-07 00:00:00,0.8972298101184156
2010-05-10 00:00:00,0.8972298101184156
2010-05-11 00:00:00,0.8972298101184156
2010-05-12 00:00:00,0.8972298101184156
2010-05-13 00:00:00,0.8972298101184156
2010-05-14 00:00:00,0.8972298101184156
2010-05-17 00:00:00,0.8972298101184156
2010-05-18 00:00:00,0.8972298101184156
2010-05-19 00:00:00,0.8972298101184156
2010-05-20 00:00:00,0.8972298101184156
2010-05-21 00:00:00,0.8972298101184156
2010-05-24 00:00:00,0.8972298101184156
2010-05-25 00:00:00,0.8972298101184156
2010-05-26 00:00:00,0.8972298101184156
2010-05-27 00:00:00,0.8972298101184156
2010-05-28 00:00:00,0.8972298101184156
2010-06-01 00:00:00,0.8972298101184156
2010-06-02 00:00:00,0.8972298101184156
2010-06-03 00:00:00,0.8972298101184156
2010-06-04 00:00:00,0.8972298101184156
2010-06-07 00:00:00,0.8972298101184156
2010-06-08 00:00:00,0.8972298101184156
2010-06-09 00:00:00,0.8972298101184156
2010-06-10 00:00:00,0.8972298101184156
2010-06-11 00:00:00,0.8972298101184156
2010-06-14 00:00:00,0.8972298101184156
2010-06-15 00:00:00,0.8972298101184156
2010-06-16 00:00:00,0.8972298101184156
2010-06-17 00:00:00,0.8972298101184156
2010-06-18 00:00:00,0.8972298101184156
2010-06-21 00:00:00,0.8972298101184156
2010-06-22 00:00:00,0.8972298101184156
2010-06-23 00:00:00,0.8972298101184156
2010-06-24 00:00:00,0.8972298101184156
2010-06-25 00:00:00,0.8972298101184156
2010-06-28 00:00:00,0.8972298101184156
2010-06-29 00:00:00,0.8972298101184156
2010-06-30 00:00:00,0.9013898407585464
2010-07-01 00:00:00,0.9048937754582643
2010-07-02 00:00:00,0.9118307451522649
2010-07-06 00:00:00,0.9181214964944004
2010-07-07 00:00:00,0.9014714963453292
2010-07-08 00:00:00,0.8943532168862665
2010-07-09 00:00:00,0.8865887190753388
2010-07-12 00:00:00,0.8923140293595925
2010-07-13 00:00:00,0.8763910248563693
2010-07-14 00:00:00,0.8782390250294332
2010-07-15 00:00:00,0.8829950077858895
2010-07-16 00:00:00,0.9016446851074428
2010-07-19 00:00:00,0.8995345978753336
2010-07-20 00:00:00,0.8912086978712231
2010-07-21 00:00:00,0.9002418383440858
2010-07-22 00:00:00,0.882622510667217
2010-07-23 00:00:00,0.8700113752173019
2010-07-26 00:00:00,0.858046458119252
2010-07-27 00:00:00,0.8529908107065892
2010-07-28 00:00:00,0.8529908107065892
2010-07-29 00:00:00,0.8529908107065892
2010-07-30 00:00:00,0.8529908107065892
2010-08-02 00:00:00,0.8529908107065892
2010-08-03 00:00:00,0.8529908107065892
2010-08-04 00:00:00,0.8529908107065892
2010-08-05 00:00:00,0.8529908107065892
2010-08-06 00:00:00,0.8529908107065892
2010-08-09 00:00:00,0.8529908107065892
2010-08-10 00:00:00,0.8529908107065892
2010-08-11 00:00:00,0.8529908107065892
2010-08-12 00:00:00,0.8445413802362832
2010-08-13 00:00:00,0.850959206304871
2010-08-16 00:00:00,0.846447877743389
2010-08-17 00:00:00,0.8367015759557394
2010-08-18 00:00:00,0.8349454964606614
2010-08-19 00:00:00,0.8507311693550232
2010-08-20 00:00:00,0.8501690311220539
2010-08-23 00:00:00,0.85778079845275
2010-08-24 00:00:00,0.864106782885791
2010-08-25 00:00:00,0.8558308656832456
2010-08-26 00:00:00,0.8599517324468078
2010-08-27 00:00:00,0.8455215072462711
2010-08-30 00:00:00,0.857909039625401
2010-08-31 00:00:00,0.859000050832274
2010-09-01 00:00:00,0.8375898613301802
2010-09-02 00:00:00,0.8312417000577622
2010-09-03 00:00:00,0.8208525068212849
2010-09-07 00:00:00,0.8320460979383064
2010-09-08 00:00:00,0.8286368690033861
2010-09-09 00:00:00,0.8282584140415103
2010-09-10 00:00:00,0.8264104929108858
2010-09-13 00:00:00,0.8121639509814426
2010-09-14 00:00:00,0.8147244283570646
2010-09-15 00:00:00,0.811338159831031
2010-09-16 00:00:00,0.8151614596954215
2010-09-17 00:00:00,0.8126706471159694
2010-09-20 00:00:00,0.8053965727035943
2010-09-21 00:00:00,0.8053965727035943
2010-09-22 00:00:00,0.8053965727035943
2010-09-23 00:00:00,0.8053965727035943
2010-09-24 00:00:00,0.8053965727035943
2010-09-27 00:00:00,0.8053965727035943
2010-09-28 00:00:00,0.8053965727035943
2010-09-29 00:00:00,0.8053965727035943
2010-09-30 00:00:00,0.8053965727035943
2010-10-01 00:00:00,0.8053965727035943
2010-10-04 00:00:00,0.8053965727035943
2010-10-05 00:00:00,0.8053965727035943
2010-10-06 00:00:00,0.8053965727035943
2010-10-07 00:00:00,0.8053965727035943
2010-10-08 00:00:00,0.8053965727035943
2010-10-11 00:00:00,0.8053965727035943
2010-10-12 00:00:00,0.8053965727035943
2010-10-13 00:00:00,0.8053965727035943
2010-10-14 00:00:00,0.8053965727035943
2010-10-15 00:00:00,0.8053965727035943
2010-10-18 00:00:00,0.8053965727035943
2010-10-19 00:00:00,0.8053965727035943
2010-10-20 00:00:00,0.8053965727035943
2010-10-21 00:00:00,0.8053965727035943
2010-10-22 00:00:00,0.8053965727035943
2010-10-25 00:00:00,0.8053965727035943
2010-10-26 00:00:00,0.8053965727035943
2010-10-27 00:00:00,0.8053965727035943
2010-10-28 00:00:00,0.8053965727035943
2010-10-29 00:00:00,0.8053965727035943
2010-11-01 00:00:00,0.8053965727035943
2010-11-02 00:00:00,0.8053965727035943
2010-11-03 00:00:00,0.8053965727035943
2010-11-04 00:00:00,0.8053965727035943
2010-11-05 00:00:00,0.8053965727035943
2010-11-08 00:00:00,0.8053965727035943
2010-11-09 00:00:00,0.8053965727035943
2010-11-10 00:00:00,0.8053965727035943
2010-11-11 00:00:00,0.8053965727035943
2010-11-12 00:00:00,0.8053965727035943
2010-11-15 00:00:00,0.8053965727035943
2010-11-16 00:00:00,0.8053965727035943
2010-11-17 00:00:00,0.8053965727035943
2010-11-18 00:00:00,0.8053965727035943
2010-11-19 00:00:00,0.8053965727035943
2010-11-22 00:00:00,0.8053965727035943
2010-11-23 00:00:00,0.8053965727035943
2010-11-24 00:00:00,0.8053965727035943
2010-11-26 00:00:00,0.8053965727035943
2010-11-29 00:00:00,0.8053965727035943
2010-11-30 00:00:00,0.8053965727035943
2010-12-01 00:00:00,0.8053965727035943
2010-12-02 00:00:00,0.8053965727035943
2010-12-03 00:00:00,0.8053965727035943
2010-12-06 00:00:00,0.8053965727035943
2010-12-07 00:00:00,0.8053965727035943
2010-12-08 00:00:00,0.8053965727035943
2010-12-09 00:00:00,0.8053965727035943
2010-12-10 00:00:00,0.8053965727035943
2010-12-13 00:00:00,0.8053965727035943
2010-12-14 00:00:00,0.8053965727035943
2010-12-15 00:00:00,0.8053965727035943
2010-12-16 00:00:00,0.8053965727035943
2010-12-17 00:00:00,0.8053965727035943
2010-12-20 00:00:00,0.8053965727035943
2010-12-21 00:00:00,0.8053965727035943
2010-12-22 00:00:00,0.8053965727035943
2010-12-23 00:00:00,0.8053965727035943
2010-12-27 00:00:00,0.8053965727035943
2010-12-28 00:00:00,0.8053965727035943
2010-12-29 00:00:00,0.8053965727035943
2010-12-30 00:00:00,0.8053965727035943
2010-12-31 00:00:00,0.8053965727035943
2011-01-03 00:00:00,0.8053965727035943
2011-01-04 00:00:00,0.8053965727035943
2011-01-05 00:00:00,0.8053965727035943
2011-01-06 00:00:00,0.8053965727035943
2011-01-07 00:00:00,0.8053965727035943
2011-01-10 00:00:00,0.8053965727035943
2011-01-11 00:00:00,0.8053965727035943
2011-01-12 00:00:00,0.8053965727035943
2011-01-13 00:00:00,0.8053965727035943
2011-01-14 00:00:00,0.8053965727035943
2011-01-18 00:00:00,0.8053965727035943
2011-01-19 00:00:00,0.8053965727035943
2011-01-20 00:00:00,0.8053965727035943
2011-01-21 00:00:00,0.8053965727035943
2011-01-24 00:00:00,0.8053965727035943
2011-01-25 00:00:00,0.8053965727035943
2011-01-26 00:00:00,0.8053965727035943
2011-01-27 00:00:00,0.8053965727035943
2011-01-28 00:00:00,0.8053965727035943
2011-01-31 00:00:00,0.8053965727035943
2011-02-01 00:00:00,0.8053965727035943
2011-02-02 00:00:00,0.8053965727035943
2011-02-03 00:00:00,0.8053965727035943
2011-02-04 00:00:00,0.8053965727035943
2011-02-07 00:00:00,0.8053965727035943
2011-02-08 00:00:00,0.8053965727035943
2011-02-09 00:00:00,0.8053965727035943
2011-02-10 00:00:00,0.8053965727035943
2011-02-11 00:00:00,0.8053965727035943
2011-02-14 00:00:00,0.8053965727035943
2011-02-15 00:00:00,0.8053965727035943
2011-02-16 00:00:00,0.8053965727035943
2011-02-17 00:00:00,0.8053965727035943
2011-02-18 00:00:00,0.8053965727035943
2011-02-22 00:00:00,0.8053965727035943
2011-02-23 00:00:00,0.8053965727035943
2011-02-24 00:00:00,0.8053965727035943
2011-02-25 00:00:00,0.8053965727035943
2011-02-28 00:00:00,0.8053965727035943
2011-03-01 00:00:00,0.8053965727035943
2011-03-02 00:00:00,0.8053965727035943
2011-03-03 00:00:00,0.8053965727035943
2011-03-04 00:00:00,0.8053965727035943
2011-03-07 00:00:00,0.8053965727035943
2011-03-08 00:00:00,0.8053965727035943
2011-03-09 00:00:00,0.8053965727035943
2011-03-10 00:00:00,0.8053965727035943
2011-03-11 00:00:00,0.8053965727035943
2011-03-14 00:00:00,0.8053965727035943
2011-03-15 00:00:00,0.8053965727035943
2011-03-16 00:00:00,0.8053965727035943
2011-03-17 00:00:00,0.8053965727035943
2011-03-18 00:00:00,0.8053965727035943
2011-03-21 00:00:00,0.8053965727035943
2011-03-22 00:00:00,0.8053965727035943
2011-03-23 00:00:00,0.8053965727035943
2011-03-24 00:00:00,0.8053965727035943
2011-03-25 00:00:00,0.8053965727035943
2011-03-28 00:00:00,0.8053965727035943
2011-03-29 00:00:00,0.8053965727035943
2011-03-30 00:00:00,0.8053965727035943
2011-03-31 00:00:00,0.8053965727035943
2011-04-01 00:00:00,0.8053965727035943
2011-04-04 00:00:00,0.8053965727035943
2011-04-05 00:00:00,0.8053965727035943
2011-04-06 00:00:00,0.8053965727035943
2011-04-07 00:00:00,0.8053965727035943
2011-04-08 00:00:00,0.8053965727035943
2011-04-11 00:00:00,0.8053965727035943
2011-04-12 00:00:00,0.8053965727035943
2011-04-13 00:00:00,0.8053965727035943
2011-04-14 00:00:00,0.8053965727035943
2011-04-15 00:00:00,0.8053965727035943
2011-04-18 00:00:00,0.8053965727035943
2011-04-19 00:00:00,0.8053965727035943
2011-04-20 00:00:00,0.8053965727035943
2011-04-21 00:00:00,0.8053965727035943
2011-04-25 00:00:00,0.8053965727035943
2011-04-26 00:00:00,0.8053965727035943
2011-04-27 00:00:00,0.8053965727035943
2011-04-28 00:00:00,0.8053965727035943
2011-04-29 00:00:00,0.8053965727035943
2011-05-02 00:00:00,0.8053965727035943
2011-05-03 00:00:00,0.8053965727035943
2011-05-04 00:00:00,0.8053965727035943
2011-05-05 00:00:00,0.8053965727035943
2011-05-06 00:00:00,0.8053965727035943
2011-05-09 00:00:00,0.8053965727035943
2011-05-10 00:00:00,0.8053965727035943
2011-05-11 00:00:00,0.8053965727035943
2011-05-12 00:00:00,0.8053965727035943
2011-05-13 00:00:00,0.8053965727035943
2011-05-16 00:00:00,0.8053965727035943
2011-05-17 00:00:00,0.8053965727035943
2011-05-18 00:00:00,0.8053965727035943
2011-05-19 00:00:00,0.8053965727035943
2011-05-20 00:00:00,0.8053965727035943
2011-05-23 00:00:00,0.8053965727035943
2011-05-24 00:00:00,0.8053965727035943
2011-05-25 00:00:00,0.8053965727035943
2011-05-26 00:00:00,0.8053965727035943
2011-05-27 00:00:00,0.8053965727035943
2011-05-31 00:00:00,0.8053965727035943
2011-06-01 00:00:00,0.8053965727035943
2011-06-02 00:00:00,0.8053965727035943
2011-06-03 00:00:00,0.8053965727035943
2011-06-06 00:00:00,0.8053965727035943
2011-06-07 00:00:00,0.8053965727035943
2011-06-08 00:00:00,0.8053965727035943
2011-06-09 00:00:00,0.8053965727035943
2011-06-10 00:00:00,0.8053965727035943
2011-06-13 00:00:00,0.8053965727035943
2011-06-14 00:00:00,0.8053965727035943
2011-06-15 00:00:00,0.8053965727035943
2011-06-16 00:00:00,0.8053965727035943
2011-06-17 00:00:00,0.8053965727035943
2011-06-20 00:00:00,0.8053965727035943
2011-06-21 00:00:00,0.8053965727035943
2011-06-22 00:00:00,0.8053965727035943
2011-06-23 00:00:00,0.8053965727035943
2011-06-24 00:00:00,0.8053965727035943
2011-06-27 00:00:00,0.8053965727035943
2011-06-28 00:00:00,0.8053965727035943
2011-06-29 00:00:00,0.8053965727035943
2011-06-30 00:00:00,0.8053965727035943
2011-07-01 00:00:00,0.8053965727035943
2011-07-05 00:00:00,0.8053965727035943
2011-07-06 00:00:00,0.8053965727035943
2011-07-07 00:00:00,0.8053965727035943
2011-07-08 00:00:00,0.8053965727035943
2011-07-11 00:00:00,0.8053965727035943
2011-07-12 00:00:00,0.8053965727035943
2011-07-13 00:00:00,0.8053965727035943
2011-07-14 00:00:00,0.8053965727035943
2011-07-15 00:00:00,0.8053965727035943
2011-07-18 00:00:00,0.8053965727035943
2011-07-19 00:00:00,0.8053965727035943
2011-07-20 00:00:00,0.8053965727035943
2011-07-21 00:00:00,0.8053965727035943
2011-07-22 00:00:00,0.8053965727035943
2011-07-25 00:00:00,0.8053965727035943
2011-07-26 00:00:00,0.8053965727035943
2011-07-27 00:00:00,0.8053965727035943
2011-07-28 00:00:00,0.8053965727035943
2011-07-29 00:00:00,0.8053965727035943
2011-08-01 00:00:00,0.8053965727035943
2011-08-02 00:00:00,0.8053965727035943
2011-08-03 00:00:00,0.8053965727035943
2011-08-04 00:00:00,0.8053965727035943
2011-08-05 00:00:00,0.8231399808458504
2011-08-08 00:00:00,0.8734416619960029
2011-08-09 00:00:00,0.8382671075750135
2011-08-10 00:00:00,0.8658021326156959
2011-08-11 00:00:00,0.8390536715590655
2011-08-12 00:00:00,0.8355579873829259
2011-08-15 00:00:00,0.8195852034172546
2011-08-16 00:00:00,0.8302680417292191
2011-08-17 00:00:00,0.830094182821721
2011-08-18 00:00:00,0.862571435701114
2011-08-19 00:00:00,0.8720389720855268
2011-08-22 00:00:00,0.873890616390615
2011-08-23 00:00:00,0.8484384773900397
2011-08-24 00:00:00,0.8402436257606998
2011-08-25 00:00:00,0.8540052289557956
2011-08-26 00:00:00,0.8409491696162484
2011-08-29 00:00:00,0.8144437689451284
2011-08-30 00:00:00,0.8110291048974921
2011-08-31 00:00:00,0.8122325881745527
2011-09-01 00:00:00,0.8248599095706001
2011-09-02 00:00:00,0.8461563847165169
2011-09-06 00:00:00,0.8476839485075912
2011-09-07 00:00:00,0.8267689367032093
2011-09-08 00:00:00,0.8372897347581668
2011-09-09 00:00:00,0.8538870424508833
2011-09-12 00:00:00,0.8491760563471918
2011-09-13 00:00:00,0.8402520235613209
2011-09-14 00:00:00,0.8301937089764015
2011-09-15 00:00:00,0.8221608976040686
2011-09-16 00:00:00,0.8212578575400394
2011-09-19 00:00:00,0.8316166153379901
2011-09-20 00:00:00,0.8404359906943751
2011-09-21 00:00:00,0.8611653249407677
2011-09-22 00:00:00,0.8762232501919186
2011-09-23 00:00:00,0.8728896062727859
2011-09-26 00:00:00,0.86291231181637
2011-09-27 00:00:00,0.8513146147898851
2011-09-28 00:00:00,0.8723680295502915
2011-09-29 00:00:00,0.8632009363789102
2011-09-30 00:00:00,0.8796362038146198
2011-10-03 00:00:00,0.9064420476987712
2011-10-04 00:00:00,0.8756425802169682
2011-10-05 00:00:00,0.8684199701296696
2011-10-06 00:00:00,0.8565792127176745
2011-10-07 00:00:00,0.8698546951417494
2011-10-10 00:00:00,0.8465900996107674
2011-10-11 00:00:00,0.8427703349206139
2011-10-12 00:00:00,0.8348185436767844
2011-10-13 00:00:00,0.8352928457973139
2011-10-14 00:00:00,0.8241002494133463
2011-10-17 00:00:00,0.8415887785196007
2011-10-18 00:00:00,0.8267502763529777
2011-10-19 00:00:00,0.8379192354359629
2011-10-20 00:00:00,0.836368034343906
2011-10-21 00:00:00,0.8241221762893937
2011-10-24 00:00:00,0.8055567482116118
2011-10-25 00:00:00,0.8222350760328319
2011-10-26 00:00:00,0.8122577815764159
2011-10-27 00:00:00,0.7815393342231164
2011-10-28 00:00:00,0.784363220070246
2011-10-31 00:00:00,0.8007174673774521
2011-11-01 00:00:00,0.8219329223948653
2011-11-02 00:00:00,0.8076615611277664
2011-11-03 00:00:00,0.792904079089647
2011-11-04 00:00:00,0.7958900051937836
2011-11-07 00:00:00,0.797093488470844
2011-11-08 00:00:00,0.7882504758134765
2011-11-09 00:00:00,0.8174059034242281
2011-11-10 00:00:00,0.813100017963054
2011-11-11 00:00:00,0.7976133547684034
2011-11-14 00:00:00,0.8062706898677815
2011-11-15 00:00:00,0.7987239992664693
2011-11-16 00:00:00,0.808450800062093
2011-11-17 00:00:00,0.8168488707502601
2011-11-18 00:00:00,0.8169990923567758
2011-11-21 00:00:00,0.8309227358088783
2011-11-22 00:00:00,0.8356911047400908
2011-11-23 00:00:00,0.8534226942318557
2011-11-25 00:00:00,0.8603786066326613
2011-11-28 00:00:00,0.8346834072465757
2011-11-29 00:00:00,0.8357248502666295
2011-11-30 00:00:00,0.8027378393152331
2011-12-01 00:00:00,0.8070200874754249
2011-12-02 00:00:00,0.8045776649698302
2011-12-05 00:00:00,0.7943573101279039
2011-12-06 00:00:00,0.7937783505778886
2011-12-07 00:00:00,0.794981833854949
2011-12-08 00:00:00,0.8137666850172588
2011-12-09 00:00:00,0.796092478353015
2011-12-12 00:00:00,0.8047498134523932
2011-12-13 00:00:00,0.8171340744629302
2011-12-14 00:00:00,0.8244140673777496
2011-12-15 00:00:00,0.8190549202460305
2011-12-16 00:00:00,0.8145059743993459
2011-12-19 00:00:00,0.8246216718117862
2011-12-20 00:00:00,0.8015191165378112
2011-12-21 00:00:00,0.7990685920193661
2011-12-22 00:00:00,0.7981736539681873
2011-12-23 00:00:00,0.7956550077256964
2011-12-27 00:00:00,0.7956550077256964
2011-12-28 00:00:00,0.7956550077256964
2011-12-29 00:00:00,0.7956550077256964
2011-12-30 00:00:00,0.7956550077256964
2012-01-03 00:00:00,0.7956550077256964
2012-01-04 00:00:00,0.7956550077256964
2012-01-05 00:00:00,0.7956550077256964
2012-01-06 00:00:00,0.7956550077256964
2012-01-09 00:00:00,0.7956550077256964
2012-01-10 00:00:00,0.7956550077256964
2012-01-11 00:00:00,0.7956550077256964
2012-01-12 00:00:00,0.7956550077256964
2012-01-13 00:00:00,0.7956550077256964
2012-01-17 00:00:00,0.7956550077256964
2012-01-18 00:00:00,0.7956550077256964
2012-01-19 00:00:00,0.7956550077256964
2012-01-20 00:00:00,0.7956550077256964
2012-01-23 00:00:00,0.7956550077256964
2012-01-24 00:00:00,0.7956550077256964
2012-01-25 00:00:00,0.7956550077256964
2012-01-26 00:00:00,0.7956550077256964
2012-01-27 00:00:00,0.7956550077256964
2012-01-30 00:00:00,0.7956550077256964
2012-01-31 00:00:00,0.7956550077256964
2012-02-01 00:00:00,0.7956550077256964
2012-02-02 00:00:00,0.7956550077256964
2012-02-03 00:00:00,0.7956550077256964
2012-02-06 00:00:00,0.7956550077256964
2012-02-07 00:00:00,0.7956550077256964
2012-02-08 00:00:00,0.7956550077256964
2012-02-09 00:00:00,0.7956550077256964
2012-02-10 00:00:00,0.7956550077256964
2012-02-13 00:00:00,0.7956550077256964
2012-02-14 00:00:00,0.7956550077256964
2012-02-15 00:00:00,0.7956550077256964
2012-02-16 00:00:00,0.7956550077256964
2012-02-17 00:00:00,0.7956550077256964
2012-02-21 00:00:00,0.7956550077256964
2012-02-22 00:00:00,0.7956550077256964
2012-02-23 00:00:00,0.7956550077256964
2012-02-24 00:00:00,0.7956550077256964
2012-02-27 00:00:00,0.7956550077256964
2012-02-28 00:00:00,0.7956550077256964
2012-02-29 00:00:00,0.7956550077256964
2012-03-01 00:00:00,0.7956550077256964
2012-03-02 00:00:00,0.7956550077256964
2012-03-05 00:00:00,0.7956550077256964
2012-03-06 00:00:00,0.7956550077256964
2012-03-07 00:00:00,0.7956550077256964
2012-03-08 00:00:00,0.7956550077256964
2012-03-09 00:00:00,0.7956550077256964
2012-03-12 00:00:00,0.7956550077256964
2012-03-13 00:00:00,0.7956550077256964
2012-03-14 00:00:00,0.7956550077256964
2012-03-15 00:00:00,0.7956550077256964
2012-03-16 00:00:00,0.7956550077256964
2012-03-19 00:00:00,0.7956550077256964
2012-03-20 00:00:00,0.7956550077256964
2012-03-21 00:00:00,0.7956550077256964
2012-03-22 00:00:00,0.7956550077256964
2012-03-23 00:00:00,0.7956550077256964
2012-03-26 00:00:00,0.7956550077256964
2012-03-27 00:00:00,0.7956550077256964
2012-03-28 00:00:00,0.7956550077256964
2012-03-29 00:00:00,0.7956550077256964
2012-03-30 00:00:00,0.7956550077256964
2012-04-02 00:00:00,0.7956550077256964
2012-04-03 00:00:00,0.7956550077256964
2012-04-04 00:00:00,0.7956550077256964
2012-04-05 00:00:00,0.7956550077256964
2012-04-09 00:00:00,0.7956550077256964
2012-04-10 00:00:00,0.7956550077256964
2012-04-11 00:00:00,0.7956550077256964
2012-04-12 00:00:00,0.7956550077256964
2012-04-13 00:00:00,0.7956550077256964
2012-04-16 00:00:00,0.7956550077256964
2012-04-17 00:00:00,0.7956550077256964
2012-04-18 00:00:00,0.7956550077256964
2012-04-19 00:00:00,0.7956550077256964
2012-04-20 00:00:00,0.7956550077256964
2012-04-23 00:00:00,0.7956550077256964
2012-04-24 00:00:00,0.7956550077256964
2012-04-25 00:00:00,0.7956550077256964
2012-04-26 00:00:00,0.7956550077256964
2012-04-27 00:00:00,0.7956550077256964
2012-04-30 00:00:00,0.7956550077256964
2012-05-01 00:00:00,0.7956550077256964
2012-05-02 00:00:00,0.7956550077256964
2012-05-03 00:00:00,0.7956550077256964
2012-05-04 00:00:00,0.7956550077256964
2012-05-07 00:00:00,0.7956550077256964
2012-05-08 00:00:00,0.7956550077256964
2012-05-09 00:00:00,0.7956550077256964
2012-05-10 00:00:00,0.7956550077256964
2012-05-11 00:00:00,0.7956550077256964
2012-05-14 00:00:00,0.7956550077256964
2012-05-15 00:00:00,0.7956550077256964
2012-05-16 00:00:00,0.7956550077256964
2012-05-17 00:00:00,0.7956550077256964
2012-05-18 00:00:00,0.8030068220032097
2012-05-21 00:00:00,0.7844521363173979
2012-05-22 00:00:00,0.789291122075077
2012-05-23 00:00:00,0.7841039471040201
2012-05-24 00:00:00,0.7823995437545241
2012-05-25 00:00:00,0.7829114496187487
2012-05-29 00:00:00,0.7711808855405168
2012-05-30 00:00:00,0.7868903402988255
2012-05-31 00:00:00,0.7879299388329837
2012-06-01 00:00:00,0.8120824763102281
2012-06-04 00:00:00,0.8138608445822929
2012-06-05 00:00:00,0.8038188970478481
2012-06-06 00:00:00,0.7843840199885873
2012-06-07 00:00:00,0.7896451598822133
2012-06-08 00:00:00,0.7787589040758747
2012-06-11 00:00:00,0.7966846680479042
2012-06-12 00:00:00,0.7866427205134592
2012-06-13 00:00:00,0.7959143246985795
2012-06-14 00:00:00,0.7868222239700148
2012-06-15 00:00:00,0.7760415066976631
2012-06-18 00:00:00,0.7750758730860741
2012-06-19 00:00:00,0.7609179227261479
2012-06-20 00:00:00,0.7603727968493755
2012-06-21 00:00:00,0.7603727968493755
2012-06-22 00:00:00,0.7603727968493755
2012-06-25 00:00:00,0.7603727968493755
2012-06-26 00:00:00,0.7603727968493755
2012-06-27 00:00:00,0.7603727968493755
2012-06-28 00:00:00,0.7603727968493755
2012-06-29 00:00:00,0.7603727968493755
2012-07-02 00:00:00,0.7603727968493755
2012-07-03 00:00:00,0.7603727968493755
2012-07-05 00:00:00,0.7603727968493755
2012-07-06 00:00:00,0.7603727968493755
2012-07-09 00:00:00,0.7603727968493755
2012-07-10 00:00:00,0.7603727968493755
2012-07-11 00:00:00,0.7603727968493755
2012-07-12 00:00:00,0.7603727968493755
2012-07-13 00:00:00,0.7603727968493755
2012-07-16 00:00:00,0.7603727968493755
2012-07-17 00:00:00,0.7603727968493755
2012-07-18 00:00:00,0.7603727968493755
2012-07-19 00:00:00,0.7603727968493755
2012-07-20 00:00:00,0.7603727968493755
2012-07-23 00:00:00,0.7603727968493755
2012-07-24 00:00:00,0.7603727968493755
2012-07-25 00:00:00,0.7603727968493755
2012-07-26 00:00:00,0.7603727968493755
2012-07-27 00:00:00,0.7603727968493755
2012-07-30 00:00:00,0.7603727968493755
2012-07-31 00:00:00,0.7603727968493755
2012-08-01 00:00:00,0.7603727968493755
2012-08-02 00:00:00,0.7603727968493755
2012-08-03 00:00:00,0.7603727968493755
2012-08-06 00:00:00,0.7603727968493755
2012-08-07 00:00:00,0.7603727968493755
2012-08-08 00:00:00,0.7603727968493755
2012-08-09 00:00:00,0.7603727968493755
2012-08-10 00:00:00,0.7603727968493755
2012-08-13 00:00:00,0.7603727968493755
2012-08-14 00:00:00,0.7603727968493755
2012-08-15 00:00:00,0.7603727968493755
2012-08-16 00:00:00,0.7603727968493755
2012-08-17 00:00:00,0.7603727968493755
2012-08-20 00:00:00,0.7603727968493755
2012-08-21 00:00:00,0.7603727968493755
2012-08-22 00:00:00,0.7603727968493755
2012-08-23 00:00:00,0.7603727968493755
2012-08-24 00:00:00,0.7603727968493755
2012-08-27 00:00:00,0.7603727968493755
2012-08-28 00:00:00,0.7603727968493755
2012-08-29 00:00:00,0.7603727968493755
2012-08-30 00:00:00,0.7603727968493755
2012-08-31 00:00:00,0.7603727968493755
2012-09-04 00:00:00,0.7603727968493755
2012-09-05 00:00:00,0.7603727968493755
2012-09-06 00:00:00,0.7603727968493755
2012-09-07 00:00:00,0.7603727968493755
2012-09-10 00:00:00,0.7603727968493755
2012-09-11 00:00:00,0.7603727968493755
2012-09-12 00:00:00,0.7603727968493755
2012-09-13 00:00:00,0.7603727968493755
2012-09-14 00:00:00,0.7603727968493755
2012-09-17 00:00:00,0.7603727968493755
2012-09-18 00:00:00,0.7603727968493755
2012-09-19 00:00:00,0.7603727968493755
2012-09-20 00:00:00,0.7603727968493755
2012-09-21 00:00:00,0.7603727968493755
2012-09-24 00:00:00,0.7603727968493755
2012-09-25 00:00:00,0.7603727968493755
2012-09-26 00:00:00,0.7603727968493755
2012-09-27 00:00:00,0.7603727968493755
2012-09-28 00:00:00,0.7603727968493755
2012-10-01 00:00:00,0.7603727968493755
2012-10-02 00:00:00,0.7603727968493755
2012-10-03 00:00:00,0.7603727968493755
2012-10-04 00:00:00,0.7603727968493755
2012-10-05 00:00:00,0.7603727968493755
2012-10-08 00:00:00,0.7603727968493755
2012-10-09 00:00:00,0.7603727968493755
2012-10-10 00:00:00,0.7603727968493755
2012-10-11 00:00:00,0.7603727968493755
2012-10-12 00:00:00,0.7603727968493755
2012-10-15 00:00:00,0.7603727968493755
2012-10-16 00:00:00,0.7603727968493755
2012-10-17 00:00:00,0.7603727968493755
2012-10-18 00:00:00,0.7603727968493755
2012-10-19 00:00:00,0.7603727968493755
2012-10-22 00:00:00,0.7603727968493755
2012-10-23 00:00:00,0.7603727968493755
2012-10-24 00:00:00,0.7603727968493755
2012-10-25 00:00:00,0.7603727968493755
2012-10-26 00:00:00,0.7603727968493755
2012-10-31 00:00:00,0.7603727968493755
2012-11-01 00:00:00,0.7603727968493755
2012-11-02 00:00:00,0.7603727968493755
2012-11-05 00:00:00,0.7603727968493755
2012-11-06 00:00:00,0.7603727968493755
2012-11-07 00:00:00,0.7603727968493755
2012-11-08 00:00:00,0.7603727968493755
2012-11-09 00:00:00,0.7554559700915059
2012-11-12 00:00:00,0.757658275789095
2012-11-13 00:00:00,0.7619815655783143
2012-11-14 00:00:00,0.7760421005154716
2012-11-15 00:00:00,0.7798823843820059
2012-11-16 00:00:00,0.7736981261645541
2012-11-19 00:00:00,0.757877851585356
2012-11-20 00:00:00,0.7564966582517684
2012-11-21 00:00:00,0.7524430249627267
2012-11-23 00:00:00,0.7448116771445767
2012-11-26 00:00:00,0.7456493416776111
2012-11-27 00:00:00,0.7456493416776111
2012-11-28 00:00:00,0.7456493416776111
2012-11-29 00:00:00,0.7456493416776111
2012-11-30 00:00:00,0.7456493416776111
2012-12-03 00:00:00,0.7456493416776111
2012-12-04 00:00:00,0.7456493416776111
2012-12-05 00:00:00,0.7456493416776111
2012-12-06 00:00:00,0.7456493416776111
2012-12-07 00:00:00,0.7456493416776111
2012-12-10 00:00:00,0.7456493416776111
2012-12-11 00:00:00,0.7456493416776111
2012-12-12 00:00:00,0.7456493416776111
2012-12-13 00:00:00,0.7456493416776111
2012-12-14 00:00:00,0.7456493416776111
2012-12-17 00:00:00,0.7456493416776111
2012-12-18 00:00:00,0.7456493416776111
2012-12-19 00:00:00,0.7456493416776111
2012-12-20 00:00:00,0.7456493416776111
2012-12-21 00:00:00,0.7456493416776111
2012-12-24 00:00:00,0.7456493416776111
2012-12-26 00:00:00,0.7456493416776111
2012-12-27 00:00:00,0.7456493416776111
2012-12-28 00:00:00,0.7456493416776111
2012-12-31 00:00:00,0.7456493416776111
2013-01-02 00:00:00,0.7456493416776111
2013-01-03 00:00:00,0.7456493416776111
2013-01-04 00:00:00,0.7456493416776111
2013-01-07 00:00:00,0.7456493416776111
2013-01-08 00:00:00,0.7456493416776111
2013-01-09 00:00:00,0.7456493416776111
2013-01-10 00:00:00,0.7456493416776111
2013-01-11 00:00:00,0.7456493416776111
2013-01-14 00:00:00,0.7456493416776111
2013-01-15 00:00:00,0.7456493416776111
2013-01-16 00:00:00,0.7456493416776111
2013-01-17 00:00:00,0.7456493416776111
2013-01-18 00:00:00,0.7456493416776111
2013-01-22 00:00:00,0.7456493416776111
2013-01-23 00:00:00,0.7456493416776111
2013-01-24 00:00:00,0.7456493416776111
2013-01-25 00:00:00,0.7456493416776111
2013-01-28 00:00:00,0.7456493416776111
2013-01-29 00:00:00,0.7456493416776111
2013-01-30 00:00:00,0.7456493416776111
2013-01-31 00:00:00,0.7456493416776111
2013-02-01 00:00:00,0.7456493416776111
2013-02-04 00:00:00,0.7456493416776111
2013-02-05 00:00:00,0.7456493416776111
2013-02-06 00:00:00,0.7456493416776111
2013-02-07 00:00:00,0.7456493416776111
2013-02-08 00:00:00,0.7456493416776111
2013-02-11 00:00:00,0.7456493416776111
2013-02-12 00:00:00,0.7456493416776111
2013-02-13 00:00:00,0.7456493416776111
2013-02-14 00:00:00,0.7456493416776111
2013-02-15 00:00:00,0.7456493416776111
2013-02-19 00:00:00,0.7456493416776111
2013-02-20 00:00:00,0.7456493416776111
2013-02-21 00:00:00,0.7456493416776111
2013-02-22 00:00:00,0.7456493416776111
2013-02-25 00:00:00,0.7456493416776111
2013-02-26 00:00:00,0.7456493416776111
2013-02-27 00:00:00,0.7456493416776111
2013-02-28 00:00:00,0.7456493416776111
2013-03-01 00:00:00,0.7456493416776111
2013-03-04 00:00:00,0.7456493416776111
2013-03-05 00:00:00,0.7456493416776111
2013-03-06 00:00:00,0.7456493416776111
2013-03-07 00:00:00,0.7456493416776111
2013-03-08 00:00:00,0.7456493416776111
2013-03-11 00:00:00,0.7456493416776111
2013-03-12 00:00:00,0.7456493416776111
2013-03-13 00:00:00,0.7456493416776111
2013-03-14 00:00:00,0.7456493416776111
2013-03-15 00:00:00,0.7456493416776111
2013-03-18 00:00:00,0.7456493416776111
2013-03-19 00:00:00,0.7456493416776111
2013-03-20 00:00:00,0.7456493416776111
2013-03-21 00:00:00,0.7456493416776111
2013-03-22 00:00:00,0.7456493416776111
2013-03-25 00:00:00,0.7456493416776111
2013-03-26 00:00:00,0.7456493416776111
2013-03-27 00:00:00,0.7456493416776111
2013-03-28 00:00:00,0.7456493416776111
2013-04-01 00:00:00,0.7456493416776111
2013-04-02 00:00:00,0.7456493416776111
2013-04-03 00:00:00,0.7456493416776111
2013-04-04 00:00:00,0.7456493416776111
2013-04-05 00:00:00,0.7456493416776111
2013-04-08 00:00:00,0.7456493416776111
2013-04-09 00:00:00,0.7456493416776111
2013-04-10 00:00:00,0.7456493416776111
2013-04-11 00:00:00,0.7456493416776111
2013-04-12 00:00:00,0.7456493416776111
2013-04-15 00:00:00,0.7456493416776111
2013-04-16 00:00:00,0.7456493416776111
2013-04-17 00:00:00,0.7456493416776111
2013-04-18 00:00:00,0.7456493416776111
2013-04-19 00:00:00,0.7456493416776111
2013-04-22 00:00:00,0.7456493416776111
2013-04-23 00:00:00,0.7456493416776111
2013-04-24 00:00:00,0.7456493416776111
2013-04-25 00:00:00,0.7456493416776111
2013-04-26 00:00:00,0.7456493416776111
2013-04-29 00:00:00,0.7456493416776111
2013-04-30 00:00:00,0.7456493416776111
2013-05-01 00:00:00,0.7456493416776111
2013-05-02 00:00:00,0.7456493416776111
2013-05-03 00:00:00,0.7456493416776111
2013-05-06 00:00:00,0.7456493416776111
2013-05-07 00:00:00,0.7456493416776111
2013-05-08 00:00:00,0.7456493416776111
2013-05-09 00:00:00,0.7456493416776111
2013-05-10 00:00:00,0.7456493416776111
2013-05-13 00:00:00,0.7456493416776111
2013-05-14 00:00:00,0.7456493416776111
2013-05-15 00:00:00,0.7456493416776111
2013-05-16 00:00:00,0.7456493416776111
2013-05-17 00:00:00,0.7456493416776111
2013-05-20 00:00:00,0.7456493416776111
2013-05-21 00:00:00,0.7456493416776111
2013-05-22 00:00:00,0.7456493416776111
2013-05-23 00:00:00,0.7456493416776111
2013-05-24 00:00:00,0.7456493416776111
2013-05-28 00:00:00,0.7456493416776111
2013-05-29 00:00:00,0.7456493416776111
2013-05-30 00:00:00,0.7456493416776111
2013-05-31 00:00:00,0.7456493416776111
2013-06-03 00:00:00,0.7456493416776111
2013-06-04 00:00:00,0.7456493416776111
2013-06-05 00:00:00,0.7456493416776111
2013-06-06 00:00:00,0.7456493416776111
2013-06-07 00:00:00,0.7456493416776111
2013-06-10 00:00:00,0.7456493416776111
2013-06-11 00:00:00,0.7456493416776111
2013-06-12 00:00:00,0.7456493416776111
2013-06-13 00:00:00,0.7456493416776111
2013-06-14 00:00:00,0.7456493416776111
2013-06-17 00:00:00,0.7456493416776111
2013-06-18 00:00:00,0.7456493416776111
2013-06-19 00:00:00,0.7456493416776111
2013-06-20 00:00:00,0.7456493416776111
2013-06-21 00:00:00,0.7456493416776111
2013-06-24 00:00:00,0.7456493416776111
2013-06-25 00:00:00,0.7456493416776111
2013-06-26 00:00:00,0.7456493416776111
2013-06-27 00:00:00,0.7456493416776111
2013-06-28 00:00:00,0.7456493416776111
2013-07-01 00:00:00,0.7456493416776111
2013-07-02 00:00:00,0.7456493416776111
2013-07-03 00:00:00,0.7456493416776111
2013-07-05 00:00:00,0.7456493416776111
2013-07-08 00:00:00,0.7456493416776111
2013-07-09 00:00:00,0.7456493416776111
2013-07-10 00:00:00,0.7456493416776111
2013-07-11 00:00:00,0.7456493416776111
2013-07-12 00:00:00,0.7456493416776111
2013-07-15 00:00:00,0.7456493416776111
2013-07-16 00:00:00,0.7456493416776111
2013-07-17 00:00:00,0.7456493416776111
2013-07-18 00:00:00,0.7456493416776111
2013-07-19 00:00:00,0.7456493416776111
2013-07-22 00:00:00,0.7456493416776111
2013-07-23 00:00:00,0.7456493416776111
2013-07-24 00:00:00,0.7456493416776111
2013-07-25 00:00:00,0.7456493416776111
2013-07-26 00:00:00,0.7456493416776111
2013-07-29 00:00:00,0.7456493416776111
2013-07-30 00:00:00,0.7456493416776111
2013-07-31 00:00:00,0.7456493416776111
2013-08-01 00:00:00,0.7456493416776111
2013-08-02 00:00:00,0.7456493416776111
2013-08-05 00:00:00,0.7456493416776111
2013-08-06 00:00:00,0.7456493416776111
2013-08-07 00:00:00,0.7456493416776111
2013-08-08 00:00:00,0.7456493416776111
2013-08-09 00:00:00,0.7456493416776111
2013-08-12 00:00:00,0.7456493416776111
2013-08-13 00:00:00,0.7456493416776111
2013-08-14 00:00:00,0.7456493416776111
2013-08-15 00:00:00,0.7456493416776111
2013-08-16 00:00:00,0.7456493416776111
2013-08-19 00:00:00,0.7456493416776111
2013-08-20 00:00:00,0.7456493416776111
2013-08-21 00:00:00,0.7456493416776111
2013-08-22 00:00:00,0.7456493416776111
2013-08-23 00:00:00,0.7456493416776111
2013-08-26 00:00:00,0.7456493416776111
2013-08-27 00:00:00,0.7456493416776111
2013-08-28 00:00:00,0.7456493416776111
2013-08-29 00:00:00,0.7456493416776111
2013-08-30 00:00:00,0.7456493416776111
2013-09-03 00:00:00,0.7456493416776111
2013-09-04 00:00:00,0.7456493416776111
2013-09-05 00:00:00,0.7456493416776111
2013-09-06 00:00:00,0.7456493416776111
2013-09-09 00:00:00,0.7456493416776111
2013-09-10 00:00:00,0.7456493416776111
2013-09-11 00:00:00,0.7456493416776111
2013-09-12 00:00:00,0.7456493416776111
2013-09-13 00:00:00,0.7456493416776111
2013-09-16 00:00:00,0.7456493416776111
2013-09-17 00:00:00,0.7456493416776111
2013-09-18 00:00:00,0.7456493416776111
2013-09-19 00:00:00,0.7456493416776111
2013-09-20 00:00:00,0.7456493416776111
2013-09-23 00:00:00,0.7456493416776111
2013-09-24 00:00:00,0.7456493416776111
2013-09-25 00:00:00,0.7456493416776111
2013-09-26 00:00:00,0.7456493416776111
2013-09-27 00:00:00,0.7456493416776111
2013-09-30 00:00:00,0.7456493416776111
2013-10-01 00:00:00,0.7456493416776111
2013-10-02 00:00:00,0.7456493416776111
2013-10-03 00:00:00,0.7456493416776111
2013-10-04 00:00:00,0.7456493416776111
2013-10-07 00:00:00,0.7456493416776111
2013-10-08 00:00:00,0.7456493416776111
2013-10-09 00:00:00,0.7456493416776111
2013-10-10 00:00:00,0.7456493416776111
2013-10-11 00:00:00,0.7456493416776111
2013-10-14 00:00:00,0.7456493416776111
2013-10-15 00:00:00,0.7456493416776111
2013-10-16 00:00:00,0.7456493416776111
2013-10-17 00:00:00,0.7456493416776111
2013-10-18 00:00:00,0.7456493416776111
2013-10-21 00:00:00,0.7456493416776111
2013-10-22 00:00:00,0.7456493416776111
2013-10-23 00:00:00,0.7456493416776111
2013-10-24 00:00:00,0.7456493416776111
2013-10-25 00:00:00,0.7456493416776111
2013-10-28 00:00:00,0.7456493416776111
2013-10-29 00:00:00,0.7456493416776111
2013-10-30 00:00:00,0.7456493416776111
2013-10-31 00:00:00,0.7456493416776111
2013-11-01 00:00:00,0.7456493416776111
2013-11-04 00:00:00,0.7456493416776111
2013-11-05 00:00:00,0.7456493416776111
2013-11-06 00:00:00,0.7456493416776111
2013-11-07 00:00:00,0.7456493416776111
2013-11-08 00:00:00,0.7456493416776111
2013-11-11 00:00:00,0.7456493416776111
2013-11-12 00:00:00,0.7456493416776111
2013-11-13 00:00:00,0.7456493416776111
2013-11-14 00:00:00,0.7456493416776111
2013-11-15 00:00:00,0.7456493416776111
2013-11-18 00:00:00,0.7456493416776111
2013-11-19 00:00:00,0.7456493416776111
2013-11-20 00:00:00,0.7456493416776111
2013-11-21 00:00:00,0.7456493416776111
2013-11-22 00:00:00,0.7456493416776111
2013-11-25 00:00:00,0.7456493416776111
2013-11-26 00:00:00,0.7456493416776111
2013-11-27 00:00:00,0.7456493416776111
2013-11-29 00:00:00,0.7456493416776111
2013-12-02 00:00:00,0.7456493416776111
2013-12-03 00:00:00,0.7456493416776111
2013-12-04 00:00:00,0.7456493416776111
2013-12-05 00:00:00,0.7456493416776111
2013-12-06 00:00:00,0.7456493416776111
2013-12-09 00:00:00,0.7456493416776111
2013-12-10 00:00:00,0.7456493416776111
2013-12-11 00:00:00,0.7456493416776111
2013-12-12 00:00:00,0.7456493416776111
2013-12-13 00:00:00,0.7456493416776111
2013-12-16 00:00:00,0.7456493416776111
2013-12-17 00:00:00,0.7456493416776111
2013-12-18 00:00:00,0.7456493416776111
2013-12-19 00:00:00,0.7456493416776111
2013-12-20 00:00:00,0.7456493416776111
2013-12-23 00:00:00,0.7456493416776111
2013-12-24 00:00:00,0.7456493416776111
2013-12-26 00:00:00,0.7456493416776111
2013-12-27 00:00:00,0.7456493416776111
2013-12-30 00:00:00,0.7456493416776111
2013-12-31 00:00:00,0.7456493416776111
2014-01-02 00:00:00,0.7456493416776111
2014-01-03 00:00:00,0.7456493416776111
2014-01-06 00:00:00,0.7456493416776111
2014-01-07 00:00:00,0.7456493416776111
2014-01-08 00:00:00,0.7456493416776111
2014-01-09 00:00:00,0.7456493416776111
2014-01-10 00:00:00,0.7456493416776111
2014-01-13 00:00:00,0.7456493416776111
2014-01-14 00:00:00,0.7456493416776111
2014-01-15 00:00:00,0.7456493416776111
2014-01-16 00:00:00,0.7456493416776111
2014-01-17 00:00:00,0.7456493416776111
2014-01-21 00:00:00,0.7456493416776111
2014-01-22 00:00:00,0.7456493416776111
2014-01-23 00:00:00,0.7456493416776111
2014-01-24 00:00:00,0.7456493416776111
2014-01-27 00:00:00,0.7456493416776111
2014-01-28 00:00:00,0.7456493416776111
2014-01-29 00:00:00,0.7456493416776111
2014-01-30 00:00:00,0.7456493416776111
2014-01-31 00:00:00,0.7456493416776111
2014-02-03 00:00:00,0.7456493416776111
2014-02-04 00:00:00,0.7456493416776111
2014-02-05 00:00:00,0.7456493416776111
2014-02-06 00:00:00,0.7456493416776111
2014-02-07 00:00:00,0.7456493416776111
2014-02-10 00:00:00,0.7456493416776111
2014-02-11 00:00:00,0.7456493416776111
2014-02-12 00:00:00,0.7456493416776111
2014-02-13 00:00:00,0.7456493416776111
2014-02-14 00:00:00,0.7456493416776111
2014-02-18 00:00:00,0.7456493416776111
2014-02-19 00:00:00,0.7456493416776111
2014-02-20 00:00:00,0.7456493416776111
2014-02-21 00:00:00,0.7456493416776111
2014-02-24 00:00:00,0.7456493416776111
2014-02-25 00:00:00,0.7456493416776111
2014-02-26 00:00:00,0.7456493416776111
2014-02-27 00:00:00,0.7456493416776111
2014-02-28 00:00:00,0.7456493416776111
2014-03-03 00:00:00,0.7456493416776111
2014-03-04 00:00:00,0.7456493416776111
2014-03-05 00:00:00,0.7456493416776111
2014-03-06 00:00:00,0.7456493416776111
2014-03-07 00:00:00,0.7456493416776111
2014-03-10 00:00:00,0.7456493416776111
2014-03-11 00:00:00,0.7456493416776111
2014-03-12 00:00:00,0.7456493416776111
2014-03-13 00:00:00,0.7456493416776111
2014-03-14 00:00:00,0.7456493416776111
2014-03-17 00:00:00,0.7456493416776111
2014-03-18 00:00:00,0.7456493416776111
2014-03-19 00:00:00,0.7456493416776111
2014-03-20 00:00:00,0.7456493416776111
2014-03-21 00:00:00,0.7456493416776111
2014-03-24 00:00:00,0.7456493416776111
2014-03-25 00:00:00,0.7456493416776111
2014-03-26 00:00:00,0.7456493416776111
2014-03-27 00:00:00,0.7456493416776111
2014-03-28 00:00:00,0.7456493416776111
2014-03-31 00:00:00,0.7456493416776111
2014-04-01 00:00:00,0.7456493416776111
2014-04-02 00:00:00,0.7456493416776111
2014-04-03 00:00:00,0.7456493416776111
2014-04-04 00:00:00,0.7456493416776111
2014-04-07 00:00:00,0.7456493416776111
2014-04-08 00:00:00,0.7456493416776111
2014-04-09 00:00:00,0.7456493416776111
2014-04-10 00:00:00,0.7456493416776111
2014-04-11 00:00:00,0.7456493416776111
2014-04-14 00:00:00,0.7456493416776111
2014-04-15 00:00:00,0.7456493416776111
2014-04-16 00:00:00,0.7456493416776111
2014-04-17 00:00:00,0.7456493416776111
2014-04-21 00:00:00,0.7456493416776111
2014-04-22 00:00:00,0.7456493416776111
2014-04-23 00:00:00,0.7456493416776111
2014-04-24 00:00:00,0.7456493416776111
2014-04-25 00:00:00,0.7456493416776111
2014-04-28 00:00:00,0.7456493416776111
2014-04-29 00:00:00,0.7456493416776111
2014-04-30 00:00:00,0.7456493416776111
2014-05-01 00:00:00,0.7456493416776111
2014-05-02 00:00:00,0.7456493416776111
2014-05-05 00:00:00,0.7456493416776111
2014-05-06 00:00:00,0.7456493416776111
2014-05-07 00:00:00,0.7456493416776111
2014-05-08 00:00:00,0.7456493416776111
2014-05-09 00:00:00,0.7456493416776111
2014-05-12 00:00:00,0.7456493416776111
2014-05-13 00:00:00,0.7456493416776111
2014-05-14 00:00:00,0.7456493416776111
2014-05-15 00:00:00,0.7456493416776111
2014-05-16 00:00:00,0.7456493416776111
2014-05-19 00:00:00,0.7456493416776111
2014-05-20 00:00:00,0.7456493416776111
2014-05-21 00:00:00,0.7456493416776111
2014-05-22 00:00:00,0.7456493416776111
2014-05-23 00:00:00,0.7456493416776111
2014-05-27 00:00:00,0.7456493416776111
2014-05-28 00:00:00,0.7456493416776111
2014-05-29 00:00:00,0.7456493416776111
2014-05-30 00:00:00,0.7456493416776111
2014-06-02 00:00:00,0.7456493416776111
2014-06-03 00:00:00,0.7456493416776111
2014-06-04 00:00:00,0.7456493416776111
2014-06-05 00:00:00,0.7456493416776111
2014-06-06 00:00:00,0.7456493416776111
2014-06-09 00:00:00,0.7456493416776111
2014-06-10 00:00:00,0.7456493416776111
2014-06-11 00:00:00,0.7456493416776111
2014-06-12 00:00:00,0.7456493416776111
2014-06-13 00:00:00,0.7456493416776111
2014-06-16 00:00:00,0.7456493416776111
2014-06-17 00:00:00,0.7456493416776111
2014-06-18 00:00:00,0.7456493416776111
2014-06-19 00:00:00,0.7456493416776111
2014-06-20 00:00:00,0.7456493416776111
2014-06-23 00:00:00,0.7456493416776111
2014-06-24 00:00:00,0.7456493416776111
2014-06-25 00:00:00,0.7456493416776111
2014-06-26 00:00:00,0.7456493416776111
2014-06-27 00:00:00,0.7456493416776111
2014-06-30 00:00:00,0.7456493416776111
2014-07-01 00:00:00,0.7456493416776111
2014-07-02 00:00:00,0.7456493416776111
2014-07-03 00:00:00,0.7456493416776111
2014-07-07 00:00:00,0.7456493416776111
2014-07-08 00:00:00,0.7456493416776111
2014-07-09 00:00:00,0.7456493416776111
2014-07-10 00:00:00,0.7456493416776111
2014-07-11 00:00:00,0.7456493416776111
2014-07-14 00:00:00,0.7456493416776111
2014-07-15 00:00:00,0.7456493416776111
2014-07-16 00:00:00,0.7456493416776111
2014-07-17 00:00:00,0.7456493416776111
2014-07-18 00:00:00,0.7456493416776111
2014-07-21 00:00:00,0.7456493416776111
2014-07-22 00:00:00,0.7456493416776111
2014-07-23 00:00:00,0.7456493416776111
2014-07-24 00:00:00,0.7456493416776111
2014-07-25 00:00:00,0.7456493416776111
2014-07-28 00:00:00,0.7456493416776111
2014-07-29 00:00:00,0.7456493416776111
2014-07-30 00:00:00,0.7456493416776111
2014-07-31 00:00:00,0.7456493416776111
2014-08-01 00:00:00,0.7488691301267407
2014-08-04 00:00:00,0.7422806007466393
2014-08-05 00:00:00,0.744144016045503
2014-08-06 00:00:00,0.7417747511122817
2014-08-07 00:00:00,0.7453889263803597
2014-08-08 00:00:00,0.7381296077400229
2014-08-11 00:00:00,0.7309373680257093
2014-08-12 00:00:00,0.7361547296257499
2014-08-13 00:00:00,0.7302369895058838
2014-08-14 00:00:00,0.7290818531336883
2014-08-15 00:00:00,0.7305427948764109
2014-08-18 00:00:00,0.7194599774527325
2014-08-19 00:00:00,0.7185432127520545
2014-08-20 00:00:00,0.7185432127520545
2014-08-21 00:00:00,0.7185432127520545
2014-08-22 00:00:00,0.7185432127520545
2014-08-25 00:00:00,0.7185432127520545
2014-08-26 00:00:00,0.7185432127520545
2014-08-27 00:00:00,0.7185432127520545
2014-08-28 00:00:00,0.7185432127520545
2014-08-29 00:00:00,0.7185432127520545
2014-09-02 00:00:00,0.7185432127520545
2014-09-03 00:00:00,0.7185432127520545
2014-09-04 00:00:00,0.7185432127520545
2014-09-05 00:00:00,0.7185432127520545
2014-09-08 00:00:00,0.7185432127520545
2014-09-09 00:00:00,0.7185432127520545
2014-09-10 00:00:00,0.7185432127520545
2014-09-11 00:00:00,0.7185432127520545
2014-09-12 00:00:00,0.7185432127520545
2014-09-15 00:00:00,0.7185432127520545
2014-09-16 00:00:00,0.7185432127520545
2014-09-17 00:00:00,0.7185432127520545
2014-09-18 00:00:00,0.7185432127520545
2014-09-19 00:00:00,0.7185432127520545
2014-09-22 00:00:00,0.7185432127520545
2014-09-23 00:00:00,0.7222675654186872
2014-09-24 00:00:00,0.7177584002181467
2014-09-25 00:00:00,0.7298803960634315
2014-09-26 00:00:00,0.7235090545295748
2014-09-29 00:00:00,0.7240727145128961
2014-09-30 00:00:00,0.7348462378409518
2014-10-01 00:00:00,0.7447849924678657
2014-10-02 00:00:00,0.7381567990259653
2014-10-03 00:00:00,0.732877078101294
2014-10-06 00:00:00,0.7388988411305426
2014-10-07 00:00:00,0.7503787072057182
2014-10-08 00:00:00,0.7372007901087053
2014-10-09 00:00:00,0.7560651485401353
2014-10-10 00:00:00,0.7643343657647655
2014-10-13 00:00:00,0.7670170539894469
2014-10-14 00:00:00,0.7591688139843392
2014-10-15 00:00:00,0.7523479816114063
2014-10-16 00:00:00,0.7446281675603206
2014-10-17 00:00:00,0.7466687260148926
2014-10-20 00:00:00,0.7385636341017416
2014-10-21 00:00:00,0.7270552544070122
2014-10-22 00:00:00,0.7371866479649588
2014-10-23 00:00:00,0.7247792865920769
2014-10-24 00:00:00,0.7235449832190929
2014-10-27 00:00:00,0.7239160042713814
2014-10-28 00:00:00,0.7036104467261579
2014-10-29 00:00:00,0.702088726068073
2014-10-30 00:00:00,0.702088726068073
2014-10-31 00:00:00,0.702088726068073
2014-11-03 00:00:00,0.702088726068073
2014-11-04 00:00:00,0.702088726068073
2014-11-05 00:00:00,0.702088726068073
2014-11-06 00:00:00,0.702088726068073
2014-11-07 00:00:00,0.702088726068073
2014-11-10 00:00:00,0.702088726068073
2014-11-11 00:00:00,0.702088726068073
2014-11-12 00:00:00,0.702088726068073
2014-11-13 00:00:00,0.702088726068073
2014-11-14 00:00:00,0.702088726068073
2014-11-17 00:00:00,0.702088726068073
2014-11-18 00:00:00,0.702088726068073
2014-11-19 00:00:00,0.702088726068073
2014-11-20 00:00:00,0.702088726068073
2014-11-21 00:00:00,0.702088726068073
2014-11-24 00:00:00,0.702088726068073
2014-11-25 00:00:00,0.702088726068073
2014-11-26 00:00:00,0.702088726068073
2014-11-28 00:00:00,0.702088726068073
2014-12-01 00:00:00,0.702088726068073
2014-12-02 00:00:00,0.702088726068073
2014-12-03 00:00:00,0.702088726068073
2014-12-04 00:00:00,0.702088726068073
2014-12-05 00:00:00,0.702088726068073
2014-12-08 00:00:00,0.702088726068073
2014-12-09 00:00:00,0.702088726068073
2014-12-10 00:00:00,0.702088726068073
2014-12-11 00:00:00,0.702088726068073
2014-12-12 00:00:00,0.702088726068073
2014-12-15 00:00:00,0.702088726068073
2014-12-16 00:00:00,0.702088726068073
2014-12-17 00:00:00,0.702088726068073
2014-12-18 00:00:00,0.702088726068073
2014-12-19 00:00:00,0.702088726068073
2014-12-22 00:00:00,0.702088726068073
2014-12-23 00:00:00,0.702088726068073
2014-12-24 00:00:00,0.702088726068073
2014-12-26 00:00:00,0.702088726068073
2014-12-29 00:00:00,0.702088726068073
2014-12-30 00:00:00,0.702088726068073
2014-12-31 00:00:00,0.702088726068073
2015-01-02 00:00:00,0.702088726068073
2015-01-05 00:00:00,0.702088726068073
2015-01-06 00:00:00,0.702088726068073
2015-01-07 00:00:00,0.702088726068073
2015-01-08 00:00:00,0.702088726068073
2015-01-09 00:00:00,0.702088726068073
2015-01-12 00:00:00,0.702088726068073
2015-01-13 00:00:00,0.702088726068073
2015-01-14 00:00:00,0.702088726068073
2015-01-15 00:00:00,0.702088726068073
2015-01-16 00:00:00,0.702088726068073
2015-01-20 00:00:00,0.702088726068073
2015-01-21 00:00:00,0.702088726068073
2015-01-22 00:00:00,0.702088726068073
2015-01-23 00:00:00,0.702088726068073
2015-01-26 00:00:00,0.702088726068073
2015-01-27 00:00:00,0.702088726068073
2015-01-28 00:00:00,0.702088726068073
2015-01-29 00:00:00,0.702088726068073
2015-01-30 00:00:00,0.702088726068073
2015-02-02 00:00:00,0.702088726068073
2015-02-03 00:00:00,0.702088726068073
2015-02-04 00:00:00,0.702088726068073
2015-02-05 00:00:00,0.702088726068073
2015-02-06 00:00:00,0.702088726068073
2015-02-09 00:00:00,0.702088726068073
2015-02-10 00:00:00,0.702088726068073
2015-02-11 00:00:00,0.702088726068073
2015-02-12 00:00:00,0.702088726068073
2015-02-13 00:00:00,0.702088726068073
2015-02-17 00:00:00,0.702088726068073
2015-02-18 00:00:00,0.702088726068073
2015-02-19 00:00:00,0.702088726068073
2015-02-20 00:00:00,0.702088726068073
2015-02-23 00:00:00,0.702088726068073
2015-02-24 00:00:00,0.702088726068073
2015-02-25 00:00:00,0.702088726068073
2015-02-26 00:00:00,0.702088726068073
2015-02-27 00:00:00,0.702088726068073
2015-03-02 00:00:00,0.702088726068073
2015-03-03 00:00:00,0.702088726068073
2015-03-04 00:00:00,0.702088726068073
2015-03-05 00:00:00,0.702088726068073
2015-03-06 00:00:00,0.702088726068073
2015-03-09 00:00:00,0.702088726068073
2015-03-10 00:00:00,0.702088726068073
2015-03-11 00:00:00,0.702088726068073
2015-03-12 00:00:00,0.702088726068073
2015-03-13 00:00:00,0.702088726068073
2015-03-16 00:00:00,0.702088726068073
2015-03-17 00:00:00,0.702088726068073
2015-03-18 00:00:00,0.702088726068073
2015-03-19 00:00:00,0.702088726068073
2015-03-20 00:00:00,0.702088726068073
2015-03-23 00:00:00,0.702088726068073
2015-03-24 00:00:00,0.702088726068073
2015-03-25 00:00:00,0.702088726068073
2015-03-26 00:00:00,0.702088726068073
2015-03-27 00:00:00,0.702088726068073
2015-03-30 00:00:00,0.702088726068073
2015-03-31 00:00:00,0.702088726068073
2015-04-01 00:00:00,0.702088726068073
2015-04-02 00:00:00,0.702088726068073
2015-04-06 00:00:00,0.702088726068073
2015-04-07 00:00:00,0.702088726068073
2015-04-08 00:00:00,0.702088726068073
2015-04-09 00:00:00,0.702088726068073
2015-04-10 00:00:00,0.702088726068073
2015-04-13 00:00:00,0.702088726068073
2015-04-14 00:00:00,0.702088726068073
2015-04-15 00:00:00,0.702088726068073
2015-04-16 00:00:00,0.702088726068073
2015-04-17 00:00:00,0.702088726068073
2015-04-20 00:00:00,0.702088726068073
2015-04-21 00:00:00,0.702088726068073
2015-04-22 00:00:00,0.702088726068073
2015-04-23 00:00:00,0.702088726068073
2015-04-24 00:00:00,0.702088726068073
2015-04-27 00:00:00,0.702088726068073
2015-04-28 00:00:00,0.702088726068073
2015-04-29 00:00:00,0.702088726068073
2015-04-30 00:00:00,0.702088726068073
2015-05-01 00:00:00,0.702088726068073
2015-05-04 00:00:00,0.702088726068073
2015-05-05 00:00:00,0.702088726068073
2015-05-06 00:00:00,0.702088726068073
2015-05-07 00:00:00,0.702088726068073
2015-05-08 00:00:00,0.702088726068073
2015-05-11 00:00:00,0.702088726068073
2015-05-12 00:00:00,0.702088726068073
2015-05-13 00:00:00,0.702088726068073
2015-05-14 00:00:00,0.702088726068073
2015-05-15 00:00:00,0.702088726068073
2015-05-18 00:00:00,0.702088726068073
2015-05-19 00:00:00,0.702088726068073
2015-05-20 00:00:00,0.702088726068073
2015-05-21 00:00:00,0.702088726068073
2015-05-22 00:00:00,0.702088726068073
2015-05-26 00:00:00,0.702088726068073
2015-05-27 00:00:00,0.702088726068073
2015-05-28 00:00:00,0.702088726068073
2015-05-29 00:00:00,0.702088726068073
2015-06-01 00:00:00,0.702088726068073
2015-06-02 00:00:00,0.702088726068073
2015-06-03 00:00:00,0.702088726068073
2015-06-04 00:00:00,0.702088726068073
2015-06-05 00:00:00,0.702088726068073
2015-06-08 00:00:00,0.702088726068073
2015-06-09 00:00:00,0.702088726068073
2015-06-10 00:00:00,0.702088726068073
2015-06-11 00:00:00,0.702088726068073
2015-06-12 00:00:00,0.702088726068073
2015-06-15 00:00:00,0.702088726068073
2015-06-16 00:00:00,0.702088726068073
2015-06-17 00:00:00,0.702088726068073
2015-06-18 00:00:00,0.702088726068073
2015-06-19 00:00:00,0.702088726068073
2015-06-22 00:00:00,0.702088726068073
2015-06-23 00:00:00,0.702088726068073
2015-06-24 00:00:00,0.702088726068073
2015-06-25 00:00:00,0.702088726068073
2015-06-26 00:00:00,0.702088726068073
2015-06-29 00:00:00,0.702088726068073
2015-06-30 00:00:00,0.702088726068073
2015-07-01 00:00:00,0.702088726068073
2015-07-02 00:00:00,0.702088726068073
2015-07-06 00:00:00,0.702088726068073
2015-07-07 00:00:00,0.702088726068073
2015-07-08 00:00:00,0.702088726068073
2015-07-09 00:00:00,0.702088726068073
2015-07-10 00:00:00,0.702088726068073
2015-07-13 00:00:00,0.702088726068073
2015-07-14 00:00:00,0.702088726068073
2015-07-15 00:00:00,0.702088726068073
2015-07-16 00:00:00,0.702088726068073
2015-07-17 00:00:00,0.702088726068073
2015-07-20 00:00:00,0.702088726068073
2015-07-21 00:00:00,0.702088726068073
2015-07-22 00:00:00,0.702088726068073
2015-07-23 00:00:00,0.702088726068073
2015-07-24 00:00:00,0.702088726068073
2015-07-27 00:00:00,0.702088726068073
2015-07-28 00:00:00,0.702088726068073
2015-07-29 00:00:00,0.702088726068073
2015-07-30 00:00:00,0.702088726068073
2015-07-31 00:00:00,0.702088726068073
2015-08-03 00:00:00,0.702088726068073
2015-08-04 00:00:00,0.702088726068073
2015-08-05 00:00:00,0.702088726068073
2015-08-06 00:00:00,0.702088726068073
2015-08-07 00:00:00,0.702088726068073
2015-08-10 00:00:00,0.702088726068073
2015-08-11 00:00:00,0.702088726068073
2015-08-12 00:00:00,0.702088726068073
2015-08-13 00:00:00,0.702088726068073
2015-08-14 00:00:00,0.696976857362079
2015-08-17 00:00:00,0.6895007738616926
2015-08-18 00:00:00,0.6951862833514517
2015-08-19 00:00:00,0.702516991964979
2015-08-20 00:00:00,0.7202477093251837
2015-08-21 00:00:00,0.7282247461659056
2015-08-24 00:00:00,0.7545927589258932
2015-08-25 00:00:00,0.7595731830768945
2015-08-26 00:00:00,0.7431660186189093
2015-08-27 00:00:00,0.7313419088628499
2015-08-28 00:00:00,0.7246884249243476
2015-08-31 00:00:00,0.7271422932781334
2015-09-01 00:00:00,0.7465182097621063
2015-09-02 00:00:00,0.7346941000060468
2015-09-03 00:00:00,0.7357377976823171
2015-09-04 00:00:00,0.7407769789448815
2015-09-08 00:00:00,0.7256037138297224
2015-09-09 00:00:00,0.7334044793357549
2015-09-10 00:00:00,0.7303351792026048
2015-09-11 00:00:00,0.7271483648463282
2015-09-14 00:00:00,0.7302485614273088
2015-09-15 00:00:00,0.722654963703796
2015-09-16 00:00:00,0.7167653222156146
2015-09-17 00:00:00,0.7144011074212222
2015-09-18 00:00:00,0.7239058291625861
2015-09-21 00:00:00,0.7251257981735457
2015-09-22 00:00:00,0.7353943623652305
2015-09-23 00:00:00,0.737378173826511
2015-09-24 00:00:00,0.7384806286143445
2015-09-25 00:00:00,0.7491017354754081
2015-09-28 00:00:00,0.7675375381743706
2015-09-29 00:00:00,0.7719303912097404
2015-09-30 00:00:00,0.7619865090237018
2015-10-01 00:00:00,0.7632064780346615
2015-10-02 00:00:00,0.7536738956295649
2015-10-05 00:00:00,0.738148087845027
2015-10-06 00:00:00,0.7427172122150862
2015-10-07 00:00:00,0.731010616682153
2015-10-08 00:00:00,0.7249447038592821
2015-10-09 00:00:00,0.7235793599614634
2015-10-12 00:00:00,0.7245643005261704
2015-10-13 00:00:00,0.7338339938212817
2015-10-14 00:00:00,0.7404008599844879
2015-10-15 00:00:00,0.7245225095305712
2015-10-16 00:00:00,0.7253899358721518
2015-10-19 00:00:00,0.7240833490858962
2015-10-20 00:00:00,0.7250095325390401
2015-10-21 00:00:00,0.7353368538422881
2015-10-22 00:00:00,0.7294472123541067
2015-10-23 00:00:00,0.7227937284156044
2015-10-26 00:00:00,0.7274216098972267
2015-10-27 00:00:00,0.7348110756223172
2015-10-28 00:00:00,0.715289784251485
2015-10-29 00:00:00,0.7226204928650123
2015-10-30 00:00:00,0.7257206894459928
2015-11-02 00:00:00,0.7116050523389705
2015-11-03 00:00:00,0.708006938201752
2015-11-04 00:00:00,0.7083455505392644
2015-11-05 00:00:00,0.7078028062033297
2015-11-06 00:00:00,0.7028532785001587
2015-11-09 00:00:00,0.7110653437871332
2015-11-10 00:00:00,0.7089949145505564
2015-11-11 00:00:00,0.7150329667096945
2015-11-12 00:00:00,0.7281806293679736
2015-11-13 00:00:00,0.7330435392958485
2015-11-16 00:00:00,0.7272714120307934
2015-11-17 00:00:00,0.7298427946077056
2015-11-18 00:00:00,0.7184299846325881
2015-11-19 00:00:00,0.721295152767316
2015-11-20 00:00:00,0.7168744390682134
2015-11-23 00:00:00,0.7134525962656844
2015-11-24 00:00:00,0.708385554339387
2015-11-25 00:00:00,0.7029659697437108
2015-11-27 00:00:00,0.7003079693915026
2015-11-30 00:00:00,0.70334940886092
2015-12-01 00:00:00,0.6986936667155648
2015-12-02 00:00:00,0.6993390146782815
2015-12-03 00:00:00,0.6993390146782815
2015-12-04 00:00:00,0.6993390146782815
2015-12-07 00:00:00,0.6993390146782815
2015-12-08 00:00:00,0.6993390146782815
2015-12-09 00:00:00,0.6993390146782815
2015-12-10 00:00:00,0.6993390146782815
2015-12-11 00:00:00,0.6993390146782815
2015-12-14 00:00:00,0.6993390146782815
2015-12-15 00:00:00,0.6993390146782815
2015-12-16 00:00:00,0.6993390146782815
2015-12-17 00:00:00,0.6993390146782815
2015-12-18 00:00:00,0.7066638863037064
2015-12-21 00:00:00,0.7014356951352355
2015-12-22 00:00:00,0.6950280754847045
2015-12-23 00:00:00,0.6861374485035209
2015-12-24 00:00:00,0.6878616778608769
2015-12-28 00:00:00,0.6911377867998907
2015-12-29 00:00:00,0.6834886634840335
2015-12-30 00:00:00,0.690675508968825
2015-12-31 00:00:00,0.6994763092185406
2016-01-04 00:00:00,0.7156640562769476
2016-01-05 00:00:00,0.7141603761044553
2016-01-06 00:00:00,0.7245751311190952
2016-01-07 00:00:00,0.7425630584922251
2016-01-08 00:00:00,0.7538468660725933
2016-01-11 00:00:00,0.7566263735454766
2016-01-12 00:00:00,0.7546881670901202
2016-01-13 00:00:00,0.7753453273437017
2016-01-14 00:00:00,0.7667030010955834
2016-01-15 00:00:00,0.7769315305604242
2016-01-19 00:00:00,0.7852978045272757
2016-01-20 00:00:00,0.7827388462392562
2016-01-21 00:00:00,0.7841526996802806
2016-01-22 00:00:00,0.7691166295557321
2016-01-25 00:00:00,0.783100707608185
2016-01-26 00:00:00,0.7707649079557211
2016-01-27 00:00:00,0.7793794826556378
2016-01-28 00:00:00,0.7794897572480697
2016-01-29 00:00:00,0.7591772965458846
2016-02-01 00:00:00,0.7620809543853005
2016-02-02 00:00:00,0.7757856941130549
2016-02-03 00:00:00,0.7749648409564921
2016-02-04 00:00:00,0.7725300330350051
2016-02-05 00:00:00,0.7896489078424067
2016-02-08 00:00:00,0.7996291365741822
2016-02-09 00:00:00,0.803650147712392
2016-02-10 00:00:00,0.8033258960219596
2016-02-11 00:00:00,0.8097728053222167
2016-02-12 00:00:00,0.7985804305455183
2016-02-16 00:00:00,0.7843513378034319
2016-02-17 00:00:00,0.7747158086230526
2016-02-18 00:00:00,0.7776815416457348
2016-02-19 00:00:00,0.7745639067083184
2016-02-22 00:00:00,0.7675976104083907
2016-02-23 00:00:00,0.773356726678057
2016-02-24 00:00:00,0.7673215581271239
2016-02-25 00:00:00,0.761534690309256
2016-02-26 00:00:00,0.757485927622845
2016-02-29 00:00:00,0.7603275102789946
2016-03-01 00:00:00,0.7465950190030386
2016-03-02 00:00:00,0.7398720574215147
2016-03-03 00:00:00,0.7329728023195146
2016-03-04 00:00:00,0.7292964907327014
2016-03-07 00:00:00,0.7220247845311032
2016-03-08 00:00:00,0.7383317159413815
2016-03-09 00:00:00,0.7349657802708999
2016-03-10 00:00:00,0.7403524454409683
2016-03-11 00:00:00,0.7262425370507533
2016-03-14 00:00:00,0.7279717324227706
2016-03-15 00:00:00,0.7383864874374104
2016-03-16 00:00:00,0.7337169729183362
2016-03-17 00:00:00,0.7235227670885601
2016-03-18 00:00:00,0.7174255233543606
2016-03-21 00:00:00,0.7190256023451841
2016-03-22 00:00:00,0.7198187039535453
2016-03-23 00:00:00,0.7343304210637618
2016-03-24 00:00:00,0.7323301394251389
2016-03-28 00:00:00,0.7315092862685761
2016-03-29 00:00:00,0.7129970058811141
2016-03-30 00:00:00,0.7091030338716959
2016-03-31 00:00:00,0.7091030338716959
2016-04-01 00:00:00,0.7091030338716959
2016-04-04 00:00:00,0.7091030338716959
2016-04-05 00:00:00,0.7091030338716959
2016-04-06 00:00:00,0.7091030338716959
2016-04-07 00:00:00,0.7091030338716959
2016-04-08 00:00:00,0.7091030338716959
2016-04-11 00:00:00,0.7091030338716959
2016-04-12 00:00:00,0.7091030338716959
2016-04-13 00:00:00,0.7091030338716959
2016-04-14 00:00:00,0.7091030338716959
2016-04-15 00:00:00,0.7091030338716959
2016-04-18 00:00:00,0.7091030338716959
2016-04-19 00:00:00,0.7091030338716959
2016-04-20 00:00:00,0.7091030338716959
2016-04-21 00:00:00,0.7091030338716959
2016-04-22 00:00:00,0.7091030338716959
2016-04-25 00:00:00,0.7091030338716959
2016-04-26 00:00:00,0.7091030338716959
2016-04-27 00:00:00,0.7091030338716959
2016-04-28 00:00:00,0.7091030338716959
2016-04-29 00:00:00,0.7091030338716959
2016-05-02 00:00:00,0.7091030338716959
2016-05-03 00:00:00,0.7091030338716959
2016-05-04 00:00:00,0.7091030338716959
2016-05-05 00:00:00,0.7091030338716959
2016-05-06 00:00:00,0.7091030338716959
2016-05-09 00:00:00,0.7091030338716959
2016-05-10 00:00:00,0.7091030338716959
2016-05-11 00:00:00,0.7091030338716959
2016-05-12 00:00:00,0.7091030338716959
2016-05-13 00:00:00,0.7091030338716959
2016-05-16 00:00:00,0.7091030338716959
2016-05-17 00:00:00,0.7091030338716959
2016-05-18 00:00:00,0.7091030338716959
2016-05-19 00:00:00,0.7091030338716959
2016-05-20 00:00:00,0.7091030338716959
2016-05-23 00:00:00,0.7091030338716959
2016-05-24 00:00:00,0.7091030338716959
2016-05-25 00:00:00,0.7091030338716959
2016-05-26 00:00:00,0.7091030338716959
2016-05-27 00:00:00,0.7091030338716959
2016-05-31 00:00:00,0.7091030338716959
2016-06-01 00:00:00,0.7091030338716959
2016-06-02 00:00:00,0.7091030338716959
2016-06-03 00:00:00,0.7091030338716959
2016-06-06 00:00:00,0.7091030338716959
2016-06-07 00:00:00,0.7091030338716959
2016-06-08 00:00:00,0.7091030338716959
2016-06-09 00:00:00,0.7091030338716959
2016-06-10 00:00:00,0.7091030338716959
2016-06-13 00:00:00,0.7091030338716959
2016-06-14 00:00:00,0.7091030338716959
2016-06-15 00:00:00,0.7091030338716959
2016-06-16 00:00:00,0.7091030338716959
2016-06-17 00:00:00,0.7091030338716959
2016-06-20 00:00:00,0.7091030338716959
2016-06-21 00:00:00,0.7091030338716959
2016-06-22 00:00:00,0.7091030338716959
2016-06-23 00:00:00,0.7091030338716959
2016-06-24 00:00:00,0.7091030338716959
2016-06-27 00:00:00,0.7091030338716959
2016-06-28 00:00:00,0.7091030338716959
2016-06-29 00:00:00,0.7091030338716959
2016-06-30 00:00:00,0.7091030338716959
2016-07-01 00:00:00,0.7091030338716959
2016-07-05 00:00:00,0.7091030338716959
2016-07-06 00:00:00,0.7091030338716959
2016-07-07 00:00:00,0.7091030338716959
2016-07-08 00:00:00,0.7091030338716959
2016-07-11 00:00:00,0.7091030338716959
2016-07-12 00:00:00,0.7091030338716959
2016-07-13 00:00:00,0.7091030338716959
2016-07-14 00:00:00,0.7091030338716959
2016-07-15 00:00:00,0.7091030338716959
2016-07-18 00:00:00,0.7091030338716959
2016-07-19 00:00:00,0.7091030338716959
2016-07-20 00:00:00,0.7091030338716959
2016-07-21 00:00:00,0.7091030338716959
2016-07-22 00:00:00,0.7091030338716959
2016-07-25 00:00:00,0.7091030338716959
2016-07-26 00:00:00,0.7091030338716959
2016-07-27 00:00:00,0.7091030338716959
2016-07-28 00:00:00,0.7091030338716959
2016-07-29 00:00:00,0.7091030338716959
2016-08-01 00:00:00,0.7091030338716959
2016-08-02 00:00:00,0.7091030338716959
2016-08-03 00:00:00,0.7091030338716959
2016-08-04 00:00:00,0.7091030338716959
2016-08-05 00:00:00,0.7091030338716959
2016-08-08 00:00:00,0.7091030338716959
2016-08-09 00:00:00,0.7091030338716959
2016-08-10 00:00:00,0.7091030338716959
2016-08-11 00:00:00,0.7091030338716959
2016-08-12 00:00:00,0.7091030338716959
2016-08-15 00:00:00,0.7091030338716959
2016-08-16 00:00:00,0.7091030338716959
2016-08-17 00:00:00,0.7091030338716959
2016-08-18 00:00:00,0.7091030338716959
2016-08-19 00:00:00,0.7091030338716959
2016-08-22 00:00:00,0.7091030338716959
2016-08-23 00:00:00,0.7091030338716959
2016-08-24 00:00:00,0.7091030338716959
2016-08-25 00:00:00,0.7091030338716959
2016-08-26 00:00:00,0.7091030338716959
2016-08-29 00:00:00,0.7091030338716959
2016-08-30 00:00:00,0.7091030338716959
2016-08-31 00:00:00,0.7091030338716959
2016-09-01 00:00:00,0.7091030338716959
2016-09-02 00:00:00,0.7091030338716959
2016-09-06 00:00:00,0.7091030338716959
2016-09-07 00:00:00,0.7091030338716959
2016-09-08 00:00:00,0.7091030338716959
2016-09-09 00:00:00,0.7091030338716959
2016-09-12 00:00:00,0.7091030338716959
2016-09-13 00:00:00,0.7091030338716959
2016-09-14 00:00:00,0.7091030338716959
2016-09-15 00:00:00,0.7091030338716959
2016-09-16 00:00:00,0.7091030338716959
2016-09-19 00:00:00,0.7091030338716959
2016-09-20 00:00:00,0.7091030338716959
2016-09-21 00:00:00,0.7091030338716959
2016-09-22 00:00:00,0.7091030338716959
2016-09-23 00:00:00,0.7091030338716959
2016-09-26 00:00:00,0.7091030338716959
2016-09-27 00:00:00,0.7091030338716959
2016-09-28 00:00:00,0.7091030338716959
2016-09-29 00:00:00,0.7091030338716959
2016-09-30 00:00:00,0.7091030338716959
2016-10-03 00:00:00,0.7091030338716959
2016-10-04 00:00:00,0.7091030338716959
2016-10-05 00:00:00,0.7091030338716959
2016-10-06 00:00:00,0.7091030338716959
2016-10-07 00:00:00,0.7091030338716959
2016-10-10 00:00:00,0.7091030338716959
2016-10-11 00:00:00,0.7091030338716959
2016-10-12 00:00:00,0.7091030338716959
2016-10-13 00:00:00,0.7091030338716959
2016-10-14 00:00:00,0.7091030338716959
2016-10-17 00:00:00,0.7091030338716959
2016-10-18 00:00:00,0.7091030338716959
2016-10-19 00:00:00,0.7091030338716959
2016-10-20 00:00:00,0.7091030338716959
2016-10-21 00:00:00,0.7091030338716959
2016-10-24 00:00:00,0.7091030338716959
2016-10-25 00:00:00,0.7091030338716959
2016-10-26 00:00:00,0.7091030338716959
2016-10-27 00:00:00,0.7091030338716959
2016-10-28 00:00:00,0.7091030338716959
2016-10-31 00:00:00,0.7091030338716959
2016-11-01 00:00:00,0.7091030338716959
2016-11-02 00:00:00,0.7091030338716959
2016-11-03 00:00:00,0.7091030338716959
2016-11-04 00:00:00,0.7091030338716959
2016-11-07 00:00:00,0.7091030338716959
2016-11-08 00:00:00,0.7091030338716959
2016-11-09 00:00:00,0.7091030338716959
2016-11-10 00:00:00,0.7091030338716959
2016-11-11 00:00:00,0.7091030338716959
2016-11-14 00:00:00,0.7091030338716959
2016-11-15 00:00:00,0.7091030338716959
2016-11-16 00:00:00,0.7091030338716959
2016-11-17 00:00:00,0.7091030338716959
2016-11-18 00:00:00,0.7091030338716959
2016-11-21 00:00:00,0.7091030338716959
2016-11-22 00:00:00,0.7091030338716959
2016-11-23 00:00:00,0.7091030338716959
2016-11-25 00:00:00,0.7091030338716959
2016-11-28 00:00:00,0.7091030338716959
2016-11-29 00:00:00,0.7091030338716959
2016-11-30 00:00:00,0.7091030338716959
2016-12-01 00:00:00,0.7091030338716959
2016-12-02 00:00:00,0.7091030338716959
2016-12-05 00:00:00,0.7091030338716959
2016-12-06 00:00:00,0.7091030338716959
2016-12-07 00:00:00,0.7091030338716959
2016-12-08 00:00:00,0.7091030338716959
2016-12-09 00:00:00,0.7091030338716959
2016-12-12 00:00:00,0.7091030338716959
2016-12-13 00:00:00,0.7091030338716959
2016-12-14 00:00:00,0.7091030338716959
2016-12-15 00:00:00,0.7091030338716959
2016-12-16 00:00:00,0.7091030338716959
2016-12-19 00:00:00,0.7091030338716959
2016-12-20 00:00:00,0.7091030338716959
2016-12-21 00:00:00,0.7091030338716959
2016-12-22 00:00:00,0.7091030338716959
2016-12-23 00:00:00,0.7091030338716959
2016-12-27 00:00:00,0.7091030338716959
2016-12-28 00:00:00,0.7091030338716959
2016-12-29 00:00:00,0.7091030338716959
2016-12-30 00:00:00,0.7091030338716959
2017-01-03 00:00:00,0.7091030338716959
2017-01-04 00:00:00,0.7091030338716959
2017-01-05 00:00:00,0.7091030338716959
2017-01-06 00:00:00,0.7091030338716959
2017-01-09 00:00:00,0.7091030338716959
2017-01-10 00:00:00,0.7091030338716959
2017-01-11 00:00:00,0.7091030338716959
2017-01-12 00:00:00,0.7091030338716959
2017-01-13 00:00:00,0.7091030338716959
2017-01-17 00:00:00,0.7091030338716959
2017-01-18 00:00:00,0.7091030338716959
2017-01-19 00:00:00,0.7091030338716959
2017-01-20 00:00:00,0.7091030338716959
2017-01-23 00:00:00,0.7091030338716959
2017-01-24 00:00:00,0.7091030338716959
2017-01-25 00:00:00,0.7091030338716959
2017-01-26 00:00:00,0.7091030338716959
2017-01-27 00:00:00,0.7091030338716959
2017-01-30 00:00:00,0.7091030338716959
2017-01-31 00:00:00,0.7091030338716959
2017-02-01 00:00:00,0.7091030338716959
2017-02-02 00:00:00,0.7091030338716959
2017-02-03 00:00:00,0.7091030338716959
2017-02-06 00:00:00,0.7091030338716959
2017-02-07 00:00:00,0.7091030338716959
2017-02-08 00:00:00,0.7091030338716959
2017-02-09 00:00:00,0.7091030338716959
2017-02-10 00:00:00,0.7091030338716959
2017-02-13 00:00:00,0.7091030338716959
2017-02-14 00:00:00,0.7091030338716959
2017-02-15 00:00:00,0.7091030338716959
2017-02-16 00:00:00,0.7091030338716959
2017-02-17 00:00:00,0.7091030338716959
2017-02-21 00:00:00,0.7091030338716959
2017-02-22 00:00:00,0.7091030338716959
2017-02-23 00:00:00,0.7091030338716959
2017-02-24 00:00:00,0.7091030338716959
2017-02-27 00:00:00,0.7091030338716959
2017-02-28 00:00:00,0.7091030338716959
2017-03-01 00:00:00,0.7091030338716959
2017-03-02 00:00:00,0.7091030338716959
2017-03-03 00:00:00,0.7091030338716959
2017-03-06 00:00:00,0.7091030338716959
2017-03-07 00:00:00,0.7091030338716959
2017-03-08 00:00:00,0.7091030338716959
2017-03-09 00:00:00,0.7091030338716959
2017-03-10 00:00:00,0.7091030338716959
2017-03-13 00:00:00,0.7091030338716959
2017-03-14 00:00:00,0.7091030338716959
2017-03-15 00:00:00,0.7091030338716959
2017-03-16 00:00:00,0.7091030338716959
2017-03-17 00:00:00,0.7091030338716959
2017-03-20 00:00:00,0.7091030338716959
2017-03-21 00:00:00,0.7091030338716959
2017-03-22 00:00:00,0.7091030338716959
2017-03-23 00:00:00,0.7091030338716959
2017-03-24 00:00:00,0.7091030338716959
2017-03-27 00:00:00,0.7091030338716959
2017-03-28 00:00:00,0.7091030338716959
2017-03-29 00:00:00,0.7091030338716959
2017-03-30 00:00:00,0.7091030338716959
2017-03-31 00:00:00,0.7091030338716959
2017-04-03 00:00:00,0.7091030338716959
2017-04-04 00:00:00,0.7091030338716959
2017-04-05 00:00:00,0.7091030338716959
2017-04-06 00:00:00,0.7091030338716959
2017-04-07 00:00:00,0.7091030338716959
2017-04-10 00:00:00,0.7091030338716959
2017-04-11 00:00:00,0.7091030338716959
2017-04-12 00:00:00,0.7091030338716959
2017-04-13 00:00:00,0.7091030338716959
2017-04-17 00:00:00,0.7091030338716959
2017-04-18 00:00:00,0.7091030338716959
2017-04-19 00:00:00,0.7091030338716959
2017-04-20 00:00:00,0.7091030338716959
2017-04-21 00:00:00,0.7091030338716959
2017-04-24 00:00:00,0.7091030338716959
2017-04-25 00:00:00,0.7091030338716959
2017-04-26 00:00:00,0.7091030338716959
2017-04-27 00:00:00,0.7091030338716959
2017-04-28 00:00:00,0.7091030338716959
2017-05-01 00:00:00,0.7091030338716959
2017-05-02 00:00:00,0.7091030338716959
2017-05-03 00:00:00,0.7091030338716959
2017-05-04 00:00:00,0.7091030338716959
2017-05-05 00:00:00,0.7091030338716959
2017-05-08 00:00:00,0.7091030338716959
2017-05-09 00:00:00,0.7091030338716959
2017-05-10 00:00:00,0.7091030338716959
2017-05-11 00:00:00,0.7091030338716959
2017-05-12 00:00:00,0.7091030338716959
2017-05-15 00:00:00,0.7091030338716959
2017-05-16 00:00:00,0.7091030338716959
2017-05-17 00:00:00,0.7091030338716959
2017-05-18 00:00:00,0.7091030338716959
2017-05-19 00:00:00,0.7091030338716959
2017-05-22 00:00:00,0.7091030338716959
2017-05-23 00:00:00,0.7091030338716959
2017-05-24 00:00:00,0.7091030338716959
2017-05-25 00:00:00,0.7091030338716959
2017-05-26 00:00:00,0.7091030338716959
2017-05-30 00:00:00,0.7091030338716959
2017-05-31 00:00:00,0.7091030338716959
2017-06-01 00:00:00,0.7091030338716959
2017-06-02 00:00:00,0.7091030338716959
2017-06-05 00:00:00,0.7091030338716959
2017-06-06 00:00:00,0.7091030338716959
2017-06-07 00:00:00,0.7091030338716959
2017-06-08 00:00:00,0.7091030338716959
2017-06-09 00:00:00,0.7091030338716959
2017-06-12 00:00:00,0.7091030338716959
2017-06-13 00:00:00,0.7091030338716959
2017-06-14 00:00:00,0.7091030338716959
2017-06-15 00:00:00,0.7091030338716959
2017-06-16 00:00:00,0.7091030338716959
2017-06-19 00:00:00,0.7091030338716959
2017-06-20 00:00:00,0.7091030338716959
2017-06-21 00:00:00,0.7091030338716959
2017-06-22 00:00:00,0.7091030338716959
2017-06-23 00:00:00,0.7091030338716959
2017-06-26 00:00:00,0.7091030338716959
2017-06-27 00:00:00,0.7091030338716959
2017-06-28 00:00:00,0.7091030338716959
2017-06-29 00:00:00,0.7091030338716959
2017-06-30 00:00:00,0.7091030338716959
2017-07-03 00:00:00,0.7091030338716959
2017-07-05 00:00:00,0.7091030338716959
2017-07-06 00:00:00,0.7091030338716959
2017-07-07 00:00:00,0.7091030338716959
2017-07-10 00:00:00,0.7091030338716959
2017-07-11 00:00:00,0.7091030338716959
2017-07-12 00:00:00,0.7091030338716959
2017-07-13 00:00:00,0.7091030338716959
2017-07-14 00:00:00,0.7091030338716959
2017-07-17 00:00:00,0.7091030338716959
2017-07-18 00:00:00,0.7091030338716959
2017-07-19 00:00:00,0.7091030338716959
2017-07-20 00:00:00,0.7091030338716959
2017-07-21 00:00:00,0.7091030338716959
2017-07-24 00:00:00,0.7091030338716959
2017-07-25 00:00:00,0.7091030338716959
2017-07-26 00:00:00,0.7091030338716959
2017-07-27 00:00:00,0.7091030338716959
2017-07-28 00:00:00,0.7091030338716959
2017-07-31 00:00:00,0.7091030338716959
2017-08-01 00:00:00,0.7091030338716959
2017-08-02 00:00:00,0.7091030338716959
2017-08-03 00:00:00,0.7091030338716959
2017-08-04 00:00:00,0.7091030338716959
2017-08-07 00:00:00,0.7091030338716959
2017-08-08 00:00:00,0.7091030338716959
2017-08-09 00:00:00,0.7091030338716959
2017-08-10 00:00:00,0.7091030338716959
2017-08-11 00:00:00,0.7091030338716959
2017-08-14 00:00:00,0.7091030338716959
2017-08-15 00:00:00,0.7091030338716959
2017-08-16 00:00:00,0.7091030338716959
2017-08-17 00:00:00,0.7091030338716959
2017-08-18 00:00:00,0.7091030338716959
2017-08-21 00:00:00,0.7091030338716959
2017-08-22 00:00:00,0.7091030338716959
2017-08-23 00:00:00,0.7091030338716959
2017-08-24 00:00:00,0.7091030338716959
2017-08-25 00:00:00,0.7091030338716959
2017-08-28 00:00:00,0.7091030338716959
2017-08-29 00:00:00,0.7091030338716959
2017-08-30 00:00:00,0.7091030338716959
2017-08-31 00:00:00,0.7091030338716959
2017-09-01 00:00:00,0.7091030338716959
2017-09-05 00:00:00,0.7091030338716959
2017-09-06 00:00:00,0.7091030338716959
2017-09-07 00:00:00,0.7091030338716959
2017-09-08 00:00:00,0.7091030338716959
2017-09-11 00:00:00,0.7091030338716959
2017-09-12 00:00:00,0.7091030338716959
2017-09-13 00:00:00,0.7091030338716959
2017-09-14 00:00:00,0.7091030338716959
2017-09-15 00:00:00,0.7091030338716959
2017-09-18 00:00:00,0.7091030338716959
2017-09-19 00:00:00,0.7091030338716959
2017-09-20 00:00:00,0.7091030338716959
2017-09-21 00:00:00,0.7091030338716959
2017-09-22 00:00:00,0.7091030338716959
2017-09-25 00:00:00,0.7091030338716959
2017-09-26 00:00:00,0.7091030338716959
2017-09-27 00:00:00,0.7091030338716959
2017-09-28 00:00:00,0.7091030338716959
2017-09-29 00:00:00,0.7091030338716959
2017-10-02 00:00:00,0.7091030338716959
2017-10-03 00:00:00,0.7091030338716959
2017-10-04 00:00:00,0.7091030338716959
2017-10-05 00:00:00,0.7091030338716959
2017-10-06 00:00:00,0.7091030338716959
2017-10-09 00:00:00,0.7091030338716959
2017-10-10 00:00:00,0.7091030338716959
2017-10-11 00:00:00,0.7091030338716959
2017-10-12 00:00:00,0.7091030338716959
2017-10-13 00:00:00,0.7091030338716959
2017-10-16 00:00:00,0.7091030338716959
2017-10-17 00:00:00,0.7091030338716959
2017-10-18 00:00:00,0.7091030338716959
2017-10-19 00:00:00,0.7091030338716959
2017-10-20 00:00:00,0.7091030338716959
2017-10-23 00:00:00,0.7091030338716959
2017-10-24 00:00:00,0.7091030338716959
2017-10-25 00:00:00,0.7091030338716959
2017-10-26 00:00:00,0.7091030338716959
2017-10-27 00:00:00,0.7091030338716959
2017-10-30 00:00:00,0.7091030338716959
2017-10-31 00:00:00,0.7091030338716959
2017-11-01 00:00:00,0.7091030338716959
2017-11-02 00:00:00,0.7091030338716959
2017-11-03 00:00:00,0.7091030338716959
2017-11-06 00:00:00,0.7091030338716959
2017-11-07 00:00:00,0.7091030338716959
2017-11-08 00:00:00,0.7091030338716959
2017-11-09 00:00:00,0.7091030338716959
2017-11-10 00:00:00,0.7091030338716959
2017-11-13 00:00:00,0.7091030338716959
2017-11-14 00:00:00,0.7091030338716959
2017-11-15 00:00:00,0.7091030338716959
2017-11-16 00:00:00,0.7091030338716959
2017-11-17 00:00:00,0.7091030338716959
2017-11-20 00:00:00,0.7091030338716959
2017-11-21 00:00:00,0.7091030338716959
2017-11-22 00:00:00,0.7091030338716959
2017-11-24 00:00:00,0.7091030338716959
2017-11-27 00:00:00,0.7091030338716959
2017-11-28 00:00:00,0.7091030338716959
2017-11-29 00:00:00,0.7091030338716959
2017-11-30 00:00:00,0.7091030338716959
2017-12-01 00:00:00,0.7091030338716959
2017-12-04 00:00:00,0.7091030338716959
2017-12-05 00:00:00,0.7091030338716959
2017-12-06 00:00:00,0.7091030338716959
2017-12-07 00:00:00,0.7091030338716959
2017-12-08 00:00:00,0.7091030338716959
2017-12-11 00:00:00,0.7091030338716959
2017-12-12 00:00:00,0.7091030338716959
2017-12-13 00:00:00,0.7091030338716959
2017-12-14 00:00:00,0.7091030338716959
2017-12-15 00:00:00,0.7091030338716959
2017-12-18 00:00:00,0.7091030338716959
2017-12-19 00:00:00,0.7091030338716959
2017-12-20 00:00:00,0.7091030338716959
2017-12-21 00:00:00,0.7091030338716959
2017-12-22 00:00:00,0.7091030338716959
2017-12-26 00:00:00,0.7091030338716959
2017-12-27 00:00:00,0.7091030338716959
2017-12-28 00:00:00,0.7091030338716959
2017-12-29 00:00:00,0.7091030338716959
2018-01-02 00:00:00,0.7091030338716959
2018-01-03 00:00:00,0.7091030338716959
2018-01-04 00:00:00,0.7091030338716959
2018-01-05 00:00:00,0.7091030338716959
2018-01-08 00:00:00,0.7091030338716959
2018-01-09 00:00:00,0.7091030338716959
2018-01-10 00:00:00,0.7091030338716959
2018-01-11 00:00:00,0.7091030338716959
2018-01-12 00:00:00,0.7091030338716959
2018-01-16 00:00:00,0.7091030338716959
2018-01-17 00:00:00,0.7091030338716959
2018-01-18 00:00:00,0.7091030338716959
2018-01-19 00:00:00,0.7091030338716959
2018-01-22 00:00:00,0.7091030338716959
2018-01-23 00:00:00,0.7091030338716959
2018-01-24 00:00:00,0.7091030338716959
2018-01-25 00:00:00,0.7091030338716959
2018-01-26 00:00:00,0.7091030338716959
2018-01-29 00:00:00,0.7091030338716959
2018-01-30 00:00:00,0.7091030338716959
2018-01-31 00:00:00,0.7091030338716959
2018-02-01 00:00:00,0.7091030338716959
2018-02-02 00:00:00,0.7091030338716959
2018-02-05 00:00:00,0.7091030338716959
2018-02-06 00:00:00,0.7091030338716959
2018-02-07 00:00:00,0.7091030338716959
2018-02-08 00:00:00,0.7091030338716959
2018-02-09 00:00:00,0.7091030338716959
2018-02-12 00:00:00,0.7091030338716959
2018-02-13 00:00:00,0.7091030338716959
2018-02-14 00:00:00,0.7091030338716959
2018-02-15 00:00:00,0.7091030338716959
2018-02-16 00:00:00,0.7091030338716959
2018-02-20 00:00:00,0.7091030338716959
2018-02-21 00:00:00,0.7091030338716959
2018-02-22 00:00:00,0.7091030338716959
2018-02-23 00:00:00,0.7091030338716959
2018-02-26 00:00:00,0.7091030338716959
2018-02-27 00:00:00,0.7091030338716959
2018-02-28 00:00:00,0.7091030338716959
2018-03-01 00:00:00,0.7091030338716959
2018-03-02 00:00:00,0.7091030338716959
2018-03-05 00:00:00,0.7091030338716959
2018-03-06 00:00:00,0.7091030338716959
2018-03-07 00:00:00,0.7091030338716959
2018-03-08 00:00:00,0.7091030338716959
2018-03-09 00:00:00,0.7091030338716959
2018-03-12 00:00:00,0.7091030338716959
2018-03-13 00:00:00,0.7091030338716959
2018-03-14 00:00:00,0.7091030338716959
2018-03-15 00:00:00,0.7091030338716959
2018-03-16 00:00:00,0.7091030338716959
2018-03-19 00:00:00,0.7091030338716959
2018-03-20 00:00:00,0.7091030338716959
2018-03-21 00:00:00,0.7091030338716959
2018-03-22 00:00:00,0.7091030338716959
2018-03-23 00:00:00,0.7091030338716959
2018-03-26 00:00:00,0.7091030338716959
2018-03-27 00:00:00,0.7091030338716959
2018-03-28 00:00:00,0.7091030338716959
2018-03-29 00:00:00,0.7091030338716959
2018-04-02 00:00:00,0.7091030338716959
2018-04-03 00:00:00,0.7091030338716959
2018-04-04 00:00:00,0.7091030338716959
2018-04-05 00:00:00,0.7091030338716959
2018-04-06 00:00:00,0.7091030338716959
2018-04-09 00:00:00,0.7091030338716959
2018-04-10 00:00:00,0.7091030338716959
2018-04-11 00:00:00,0.7091030338716959
2018-04-12 00:00:00,0.7091030338716959
2018-04-13 00:00:00,0.7091030338716959
2018-04-16 00:00:00,0.7091030338716959
2018-04-17 00:00:00,0.7091030338716959
2018-04-18 00:00:00,0.7091030338716959
2018-04-19 00:00:00,0.7091030338716959
2018-04-20 00:00:00,0.7091030338716959
2018-04-23 00:00:00,0.7091030338716959
2018-04-24 00:00:00,0.7091030338716959
2018-04-25 00:00:00,0.7091030338716959
2018-04-26 00:00:00,0.7091030338716959
2018-04-27 00:00:00,0.7091030338716959
2018-04-30 00:00:00,0.7091030338716959
2018-05-01 00:00:00,0.7091030338716959
2018-05-02 00:00:00,0.7091030338716959
2018-05-03 00:00:00,0.7091030338716959
2018-05-04 00:00:00,0.7091030338716959
2018-05-07 00:00:00,0.7091030338716959
2018-05-08 00:00:00,0.7091030338716959
2018-05-09 00:00:00,0.7091030338716959
2018-05-10 00:00:00,0.7091030338716959
2018-05-11 00:00:00,0.7091030338716959
2018-05-14 00:00:00,0.7091030338716959
2018-05-15 00:00:00,0.7091030338716959
2018-05-16 00:00:00,0.7091030338716959
2018-05-17 00:00:00,0.7091030338716959
2018-05-18 00:00:00,0.7091030338716959
2018-05-21 00:00:00,0.7091030338716959
2018-05-22 00:00:00,0.7091030338716959
2018-05-23 00:00:00,0.7091030338716959
2018-05-24 00:00:00,0.7091030338716959
2018-05-25 00:00:00,0.7091030338716959
2018-05-29 00:00:00,0.7091030338716959
2018-05-30 00:00:00,0.7091030338716959
2018-05-31 00:00:00,0.7091030338716959
2018-06-01 00:00:00,0.7091030338716959
2018-06-04 00:00:00,0.7091030338716959
2018-06-05 00:00:00,0.7091030338716959
2018-06-06 00:00:00,0.7091030338716959
2018-06-07 00:00:00,0.7091030338716959
2018-06-08 00:00:00,0.7091030338716959
2018-06-11 00:00:00,0.7091030338716959
2018-06-12 00:00:00,0.7091030338716959
2018-06-13 00:00:00,0.7091030338716959
2018-06-14 00:00:00,0.7091030338716959
2018-06-15 00:00:00,0.7091030338716959
2018-06-18 00:00:00,0.7091030338716959
2018-06-19 00:00:00,0.7091030338716959
2018-06-20 00:00:00,0.7091030338716959
2018-06-21 00:00:00,0.7091030338716959
2018-06-22 00:00:00,0.7091030338716959
2018-06-25 00:00:00,0.7091030338716959
2018-06-26 00:00:00,0.7091030338716959
2018-06-27 00:00:00,0.7091030338716959
2018-06-28 00:00:00,0.7091030338716959
2018-06-29 00:00:00,0.7091030338716959
2018-07-02 00:00:00,0.7091030338716959
2018-07-03 00:00:00,0.7091030338716959
2018-07-05 00:00:00,0.7091030338716959
2018-07-06 00:00:00,0.7091030338716959
2018-07-09 00:00:00,0.7091030338716959
2018-07-10 00:00:00,0.7091030338716959
2018-07-11 00:00:00,0.7091030338716959
2018-07-12 00:00:00,0.7091030338716959
2018-07-13 00:00:00,0.7091030338716959
2018-07-16 00:00:00,0.7091030338716959
2018-07-17 00:00:00,0.7091030338716959
2018-07-18 00:00:00,0.7091030338716959
2018-07-19 00:00:00,0.7091030338716959
2018-07-20 00:00:00,0.7091030338716959
2018-07-23 00:00:00,0.7091030338716959
2018-07-24 00:00:00,0.7091030338716959
2018-07-25 00:00:00,0.7091030338716959
2018-07-26 00:00:00,0.7091030338716959
2018-07-27 00:00:00,0.7091030338716959
2018-07-30 00:00:00,0.7091030338716959
2018-07-31 00:00:00,0.7091030338716959
2018-08-01 00:00:00,0.7091030338716959
2018-08-02 00:00:00,0.7091030338716959
2018-08-03 00:00:00,0.7091030338716959
2018-08-06 00:00:00,0.7091030338716959
2018-08-07 00:00:00,0.7091030338716959
2018-08-08 00:00:00,0.7091030338716959
2018-08-09 00:00:00,0.7091030338716959
2018-08-10 00:00:00,0.7091030338716959
2018-08-13 00:00:00,0.7091030338716959
2018-08-14 00:00:00,0.7091030338716959
2018-08-15 00:00:00,0.7091030338716959
2018-08-16 00:00:00,0.7091030338716959
2018-08-17 00:00:00,0.7091030338716959
2018-08-20 00:00:00,0.7091030338716959
2018-08-21 00:00:00,0.7091030338716959
2018-08-22 00:00:00,0.7091030338716959
2018-08-23 00:00:00,0.7091030338716959
2018-08-24 00:00:00,0.7091030338716959
2018-08-27 00:00:00,0.7091030338716959
2018-08-28 00:00:00,0.7091030338716959
2018-08-29 00:00:00,0.7091030338716959
2018-08-30 00:00:00,0.7091030338716959
2018-08-31 00:00:00,0.7091030338716959
2018-09-04 00:00:00,0.7091030338716959
2018-09-05 00:00:00,0.7091030338716959
2018-09-06 00:00:00,0.7091030338716959
2018-09-07 00:00:00,0.7091030338716959
2018-09-10 00:00:00,0.7091030338716959
2018-09-11 00:00:00,0.7091030338716959
2018-09-12 00:00:00,0.7091030338716959
2018-09-13 00:00:00,0.7091030338716959
2018-09-14 00:00:00,0.7091030338716959
2018-09-17 00:00:00,0.7091030338716959
2018-09-18 00:00:00,0.7091030338716959
2018-09-19 00:00:00,0.7091030338716959
2018-09-20 00:00:00,0.7091030338716959
2018-09-21 00:00:00,0.7091030338716959
2018-09-24 00:00:00,0.7091030338716959
2018-09-25 00:00:00,0.7091030338716959
2018-09-26 00:00:00,0.7091030338716959
2018-09-27 00:00:00,0.7091030338716959
2018-09-28 00:00:00,0.7091030338716959
2018-10-01 00:00:00,0.7091030338716959
2018-10-02 00:00:00,0.7091030338716959
2018-10-03 00:00:00,0.7091030338716959
2018-10-04 00:00:00,0.7091030338716959
2018-10-05 00:00:00,0.7091030338716959
2018-10-08 00:00:00,0.7091030338716959
2018-10-09 00:00:00,0.7091030338716959
2018-10-10 00:00:00,0.7091030338716959
2018-10-11 00:00:00,0.7192974424197519
2018-10-12 00:00:00,0.7191468406577716
2018-10-15 00:00:00,0.7165386582636706
2018-10-16 00:00:00,0.6961812824153651
2018-10-17 00:00:00,0.6992619440770987
2018-10-18 00:00:00,0.7127190572966754
2018-10-19 00:00:00,0.7201687511932903
2018-10-22 00:00:00,0.7216565365193903
2018-10-23 00:00:00,0.727877440099945
2018-10-24 00:00:00,0.7538500102423581
2018-10-25 00:00:00,0.7394545429645673
2018-10-26 00:00:00,0.7468587261087357
2018-10-29 00:00:00,0.7505310275522763
2018-10-30 00:00:00,0.7365906677989524
2018-10-31 00:00:00,0.7352112757209117
2018-11-01 00:00:00,0.7194504858697206
2018-11-02 00:00:00,0.7171153679902997
2018-11-05 00:00:00,0.7176474275150196
2018-11-06 00:00:00,0.7141745408244318
2018-11-07 00:00:00,0.7015539928920614
2018-11-08 00:00:00,0.7034513749901816
2018-11-09 00:00:00,0.7166809344475247
2018-11-12 00:00:00,0.7305476444391213
2018-11-13 00:00:00,0.7327180910519215
2018-11-14 00:00:00,0.737710204316416
2018-11-15 00:00:00,0.7280023445406331
2018-11-16 00:00:00,0.7263498879479123
2018-11-19 00:00:00,0.7403531301968489
2018-11-20 00:00:00,0.7534006466444053
2018-11-21 00:00:00,0.7441023836406427
2018-11-23 00:00:00,0.7447254646702559
2018-11-26 00:00:00,0.7359733306958534
2018-11-27 00:00:00,0.7416025944946012
2018-11-28 00:00:00,0.7248860788420298
2018-11-29 00:00:00,0.7267379501877033
2018-11-30 00:00:00,0.7231285312397754
2018-12-03 00:00:00,0.71646989187792
2018-12-04 00:00:00,0.7463108759783007
2018-12-06 00:00:00,0.7477531505519542
2018-12-07 00:00:00,0.7622115003253576
2018-12-10 00:00:00,0.7641088824234779
2018-12-11 00:00:00,0.7647774742055378
2018-12-12 00:00:00,0.7585284316157024
2018-12-13 00:00:00,0.7678440663626311
2018-12-14 00:00:00,0.7776603193864733
2018-12-17 00:00:00,0.7939846100101906
2018-12-18 00:00:00,0.7947442232971438
2018-12-19 00:00:00,0.8077007182398068
2018-12-20 00:00:00,0.8177445250258826
2018-12-21 00:00:00,0.8332951328580062
2018-12-24 00:00:00,0.8446132407125888
2018-12-26 00:00:00,0.8170651659777081
2018-12-27 00:00:00,0.8145480050885006
2018-12-28 00:00:00,0.8128045269908862
2018-12-31 00:00:00,0.8080573392317915
2019-01-02 00:00:00,0.8045844525412037
2019-01-03 00:00:00,0.8155384743762127
2019-01-04 00:00:00,0.7930420931629134
2019-01-07 00:00:00,0.7821054430710702
2019-01-08 00:00:00,0.7723520725428408
2019-01-09 00:00:00,0.767013245001939
2019-01-10 00:00:00,0.7636313798162446
2019-01-11 00:00:00,0.7634352673018174
2019-01-14 00:00:00,0.7699292353970522
2019-01-15 00:00:00,0.7644538755988106
2019-01-16 00:00:00,0.7595701555823756
2019-01-17 00:00:00,0.7535941775072204
2019-01-18 00:00:00,0.7467534951355783
2019-01-22 00:00:00,0.7573434309510141
2019-01-23 00:00:00,0.7591497915442409
2019-01-24 00:00:00,0.7551762865767396
2019-01-25 00:00:00,0.7466517063645703
2019-01-28 00:00:00,0.7502329863032177
2019-01-29 00:00:00,0.7518117931342112
2019-01-30 00:00:00,0.7445160032381022
2019-01-31 00:00:00,0.7387675789251805
2019-02-01 00:00:00,0.7382073803911801
2019-02-04 00:00:00,0.7300923969510309
2019-02-05 00:00:00,0.7293501554072438
2019-02-06 00:00:00,0.7302007901990903
2019-02-07 00:00:00,0.7358300539978382
2019-02-08 00:00:00,0.7350878124540511
2019-02-11 00:00:00,0.7293848988935759
2019-02-12 00:00:00,0.7207692971765133
2019-02-13 00:00:00,0.7187982653166659
2019-02-14 00:00:00,0.7171913194763918
2019-02-15 00:00:00,0.7060271156223153
2019-02-19 00:00:00,0.7087786253180538
2019-02-20 00:00:00,0.7087786253180538
2019-02-21 00:00:00,0.7087786253180538
2019-02-22 00:00:00,0.7087786253180538
2019-02-25 00:00:00,0.7087786253180538
2019-02-26 00:00:00,0.7087786253180538
2019-02-27 00:00:00,0.7087786253180538
2019-02-28 00:00:00,0.7087786253180538
2019-03-01 00:00:00,0.7087786253180538
2019-03-04 00:00:00,0.7087786253180538
2019-03-05 00:00:00,0.7087786253180538
2019-03-06 00:00:00,0.7087786253180538
2019-03-07 00:00:00,0.7087786253180538
2019-03-08 00:00:00,0.7087786253180538
2019-03-11 00:00:00,0.7087786253180538
2019-03-12 00:00:00,0.7087786253180538
2019-03-13 00:00:00,0.7087786253180538
2019-03-14 00:00:00,0.7087786253180538
2019-03-15 00:00:00,0.7087786253180538
2019-03-18 00:00:00,0.7087786253180538
2019-03-19 00:00:00,0.7087786253180538
2019-03-20 00:00:00,0.7087786253180538
2019-03-21 00:00:00,0.7087786253180538
2019-03-22 00:00:00,0.7087786253180538
2019-03-25 00:00:00,0.7087786253180538
2019-03-26 00:00:00,0.7087786253180538
2019-03-27 00:00:00,0.7087786253180538
2019-03-28 00:00:00,0.7087786253180538
2019-03-29 00:00:00,0.7087786253180538
2019-04-01 00:00:00,0.7087786253180538
2019-04-02 00:00:00,0.7087786253180538
2019-04-03 00:00:00,0.7087786253180538
2019-04-04 00:00:00,0.7087786253180538
2019-04-05 00:00:00,0.7087786253180538
2019-04-08 00:00:00,0.7087786253180538
2019-04-09 00:00:00,0.7087786253180538
2019-04-10 00:00:00,0.7087786253180538
2019-04-11 00:00:00,0.7087786253180538
2019-04-12 00:00:00,0.7087786253180538
2019-04-15 00:00:00,0.7087786253180538
2019-04-16 00:00:00,0.7087786253180538
2019-04-17 00:00:00,0.7087786253180538
2019-04-18 00:00:00,0.7087786253180538
2019-04-22 00:00:00,0.7087786253180538
2019-04-23 00:00:00,0.7087786253180538
2019-04-24 00:00:00,0.7087786253180538
2019-04-25 00:00:00,0.7087786253180538
2019-04-26 00:00:00,0.7087786253180538
2019-04-29 00:00:00,0.7087786253180538
2019-04-30 00:00:00,0.7087786253180538
2019-05-01 00:00:00,0.7087786253180538
2019-05-02 00:00:00,0.7087786253180538
2019-05-03 00:00:00,0.7087786253180538
2019-05-06 00:00:00,0.7087786253180538
2019-05-07 00:00:00,0.7087786253180538
2019-05-08 00:00:00,0.7087786253180538
2019-05-09 00:00:00,0.7087786253180538
2019-05-10 00:00:00,0.7087786253180538
2019-05-13 00:00:00,0.7087786253180538
2019-05-14 00:00:00,0.7087786253180538
2019-05-15 00:00:00,0.7087786253180538
2019-05-16 00:00:00,0.7087786253180538
2019-05-17 00:00:00,0.7087786253180538
2019-05-20 00:00:00,0.7087786253180538
2019-05-21 00:00:00,0.7087786253180538
2019-05-22 00:00:00,0.7087786253180538
2019-05-23 00:00:00,0.7087786253180538
2019-05-24 00:00:00,0.7087786253180538
2019-05-28 00:00:00,0.7154435193512412
2019-05-29 00:00:00,0.7212964404674224
2019-05-30 00:00:00,0.7232067482118589
2019-05-31 00:00:00,0.7329084109528385
2019-06-03 00:00:00,0.7305006183377452
2019-06-04 00:00:00,0.7126978592234583
2019-06-05 00:00:00,0.7125429885350762
2019-06-06 00:00:00,0.7143594245325664
2019-06-07 00:00:00,0.7093701588764496
2019-06-10 00:00:00,0.706303367823444
2019-06-11 00:00:00,0.71355721938021
2019-06-12 00:00:00,0.7138151185912628
2019-06-13 00:00:00,0.7102533072188687
2019-06-14 00:00:00,0.7108440710161459
2019-06-17 00:00:00,0.7091122457295457
2019-06-18 00:00:00,0.7039927769029267
2019-06-19 00:00:00,0.7023034499202814
2019-06-20 00:00:00,0.6952049192822686
2019-06-21 00:00:00,0.7004930118804319
2019-06-24 00:00:00,0.698363748058179
2019-06-25 00:00:00,0.698363748058179
2019-06-26 00:00:00,0.7025069739860126
2019-06-27 00:00:00,0.7001881949429425
2019-06-28 00:00:00,0.6931385573842445
2019-07-01 00:00:00,0.6835663568254523
2019-07-02 00:00:00,0.6835663568254523
2019-07-03 00:00:00,0.6806669108389176
2019-07-05 00:00:00,0.6837626084559376
2019-07-08 00:00:00,0.6837626084559376
2019-07-09 00:00:00,0.6837626084559376
2019-07-10 00:00:00,0.6837626084559376
2019-07-11 00:00:00,0.6837626084559376
2019-07-12 00:00:00,0.6837626084559376
2019-07-15 00:00:00,0.6837626084559376
2019-07-16 00:00:00,0.6837626084559376
2019-07-17 00:00:00,0.6837626084559376
2019-07-18 00:00:00,0.6837626084559376
2019-07-19 00:00:00,0.6837626084559376
2019-07-22 00:00:00,0.6837626084559376
2019-07-23 00:00:00,0.6837626084559376
2019-07-24 00:00:00,0.6837626084559376
2019-07-25 00:00:00,0.6837626084559376
2019-07-26 00:00:00,0.6837626084559376
2019-07-29 00:00:00,0.6837626084559376
2019-07-30 00:00:00,0.6837626084559376
2019-07-31 00:00:00,0.6837626084559376
2019-08-01 00:00:00,0.6837626084559376
2019-08-02 00:00:00,0.6837626084559376
2019-08-05 00:00:00,0.6837626084559376
2019-08-06 00:00:00,0.6837626084559376
2019-08-07 00:00:00,0.6837626084559376
2019-08-08 00:00:00,0.6837626084559376
2019-08-09 00:00:00,0.6837626084559376
2019-08-12 00:00:00,0.6889657949831373
2019-08-13 00:00:00,0.6816495103318037
2019-08-14 00:00:00,0.7008055781872753
2019-08-15 00:00:00,0.7034392467195338
2019-08-16 00:00:00,0.689094096057773
2019-08-19 00:00:00,0.6822342312772466
2019-08-20 00:00:00,0.6866935792927332
2019-08-21 00:00:00,0.6810660481633856
2019-08-22 00:00:00,0.6826499509927884
2019-08-23 00:00:00,0.7036316983314876
2019-08-26 00:00:00,0.6963154136801543
2019-08-27 00:00:00,0.7062518001453247
2019-08-28 00:00:00,0.698524737610265
2019-08-29 00:00:00,0.6867811802121038
2019-08-30 00:00:00,0.6879999471448609
2019-09-03 00:00:00,0.6979363336100314
2019-09-04 00:00:00,0.6925370124160872
2019-09-05 00:00:00,0.6799718992504735
2019-09-06 00:00:00,0.6831076296406199
2019-09-09 00:00:00,0.673920023518978
2019-09-10 00:00:00,0.6650519113069008
2019-09-11 00:00:00,0.6617068264106898
2019-09-12 00:00:00,0.6617068264106898
2019-09-13 00:00:00,0.6617068264106898
2019-09-16 00:00:00,0.6617068264106898
2019-09-17 00:00:00,0.6617068264106898
2019-09-18 00:00:00,0.6617068264106898
2019-09-19 00:00:00,0.6617068264106898
2019-09-20 00:00:00,0.6617068264106898
2019-09-23 00:00:00,0.6617068264106898
2019-09-24 00:00:00,0.6617068264106898
2019-09-25 00:00:00,0.6617068264106898
2019-09-26 00:00:00,0.6617068264106898
2019-09-27 00:00:00,0.6617068264106898
2019-09-30 00:00:00,0.6617068264106898
2019-10-01 00:00:00,0.6617068264106898
2019-10-02 00:00:00,0.6617068264106898
2019-10-03 00:00:00,0.6617068264106898
2019-10-04 00:00:00,0.6565648380981532
2019-10-07 00:00:00,0.6577142454825065
2019-10-08 00:00:00,0.6685216483060586
2019-10-09 00:00:00,0.6655127520985344
2019-10-10 00:00:00,0.6628615594257953
2019-10-11 00:00:00,0.6516701948600604
2019-10-14 00:00:00,0.6541162775580098
2019-10-15 00:00:00,0.6464125224564303
2019-10-16 00:00:00,0.6456839862831613
2019-10-17 00:00:00,0.6376672405886449
2019-10-18 00:00:00,0.639222659370156
2019-10-21 00:00:00,0.639222659370156
2019-10-22 00:00:00,0.639222659370156
2019-10-23 00:00:00,0.639222659370156
2019-10-24 00:00:00,0.639222659370156
2019-10-25 00:00:00,0.639222659370156
2019-10-28 00:00:00,0.639222659370156
2019-10-29 00:00:00,0.639222659370156
2019-10-30 00:00:00,0.639222659370156
2019-10-31 00:00:00,0.639222659370156
2019-11-01 00:00:00,0.639222659370156
2019-11-04 00:00:00,0.639222659370156
2019-11-05 00:00:00,0.639222659370156
2019-11-06 00:00:00,0.639222659370156
2019-11-07 00:00:00,0.639222659370156
2019-11-08 00:00:00,0.639222659370156
2019-11-11 00:00:00,0.639222659370156
2019-11-12 00:00:00,0.639222659370156
2019-11-13 00:00:00,0.639222659370156
2019-11-14 00:00:00,0.639222659370156
2019-11-15 00:00:00,0.639222659370156
2019-11-18 00:00:00,0.639222659370156
2019-11-19 00:00:00,0.639222659370156
2019-11-20 00:00:00,0.639222659370156
2019-11-21 00:00:00,0.639222659370156
2019-11-22 00:00:00,0.639222659370156
2019-11-25 00:00:00,0.639222659370156
2019-11-26 00:00:00,0.639222659370156
2019-11-27 00:00:00,0.639222659370156
2019-11-29 00:00:00,0.639222659370156
2019-12-02 00:00:00,0.639222659370156
2019-12-03 00:00:00,0.639222659370156
2019-12-04 00:00:00,0.639222659370156
2019-12-05 00:00:00,0.639222659370156
2019-12-06 00:00:00,0.639222659370156
2019-12-09 00:00:00,0.639222659370156
2019-12-10 00:00:00,0.639222659370156
2019-12-11 00:00:00,0.639222659370156
2019-12-12 00:00:00,0.639222659370156
2019-12-13 00:00:00,0.639222659370156
2019-12-16 00:00:00,0.639222659370156
2019-12-17 00:00:00,0.639222659370156
2019-12-18 00:00:00,0.639222659370156
2019-12-19 00:00:00,0.639222659370156
2019-12-20 00:00:00,0.639222659370156
2019-12-23 00:00:00,0.639222659370156
2019-12-24 00:00:00,0.639222659370156
2019-12-26 00:00:00,0.639222659370156
2019-12-27 00:00:00,0.639222659370156
2019-12-30 00:00:00,0.639222659370156
2019-12-31 00:00:00,0.639222659370156
2020-01-02 00:00:00,0.639222659370156
2020-01-03 00:00:00,0.639222659370156
2020-01-06 00:00:00,0.639222659370156
2020-01-07 00:00:00,0.639222659370156
2020-01-08 00:00:00,0.639222659370156
2020-01-09 00:00:00,0.639222659370156
2020-01-10 00:00:00,0.639222659370156
2020-01-13 00:00:00,0.639222659370156
2020-01-14 00:00:00,0.639222659370156
2020-01-15 00:00:00,0.639222659370156
2020-01-16 00:00:00,0.639222659370156
2020-01-17 00:00:00,0.639222659370156
2020-01-21 00:00:00,0.639222659370156
2020-01-22 00:00:00,0.639222659370156
2020-01-23 00:00:00,0.639222659370156
2020-01-24 00:00:00,0.639222659370156
2020-01-27 00:00:00,0.639222659370156
2020-01-28 00:00:00,0.639222659370156
2020-01-29 00:00:00,0.639222659370156
2020-01-30 00:00:00,0.639222659370156
2020-01-31 00:00:00,0.639222659370156
2020-02-03 00:00:00,0.639222659370156
2020-02-04 00:00:00,0.639222659370156
2020-02-05 00:00:00,0.639222659370156
2020-02-06 00:00:00,0.639222659370156
2020-02-07 00:00:00,0.639222659370156
2020-02-10 00:00:00,0.639222659370156
2020-02-11 00:00:00,0.639222659370156
2020-02-12 00:00:00,0.639222659370156
2020-02-13 00:00:00,0.639222659370156
2020-02-14 00:00:00,0.639222659370156
2020-02-18 00:00:00,0.639222659370156
2020-02-19 00:00:00,0.639222659370156
2020-02-20 00:00:00,0.639222659370156
2020-02-21 00:00:00,0.639222659370156
2020-02-24 00:00:00,0.639222659370156
2020-02-25 00:00:00,0.639222659370156
2020-02-26 00:00:00,0.639222659370156
2020-02-27 00:00:00,0.639222659370156
2020-02-28 00:00:00,0.639222659370156
2020-03-02 00:00:00,0.639222659370156
2020-03-03 00:00:00,0.639222659370156
2020-03-04 00:00:00,0.6326232779353994
2020-03-05 00:00:00,0.6496027079698765
2020-03-06 00:00:00,0.6598423441986447
2020-03-09 00:00:00,0.7091166195521436
2020-03-10 00:00:00,0.6948191939570029
2020-03-11 00:00:00,0.7248218713973029
2020-03-12 00:00:00,0.7736398065452069
2020-03-13 00:00:00,0.7473020201409092
2020-03-16 00:00:00,0.8029299552799982
2020-03-17 00:00:00,0.7862455193786689
2020-03-18 00:00:00,0.8157216504278979
2020-03-19 00:00:00,0.8020209774093043
2020-03-20 00:00:00,0.8106809744648595
2020-03-23 00:00:00,0.8159359715248223
2020-03-24 00:00:00,0.7838412779114816
2020-03-25 00:00:00,0.7805662234360939
2020-03-26 00:00:00,0.7565452411525087
2020-03-27 00:00:00,0.7714535887154398
2020-03-30 00:00:00,0.7627375548656518
2020-03-31 00:00:00,0.7647630673937124
2020-04-01 00:00:00,0.7921330128786573
2020-04-02 00:00:00,0.7885771336613652
2020-04-03 00:00:00,0.7992731100957282
2020-04-06 00:00:00,0.7711450659617891
2020-04-07 00:00:00,0.7701166094216377
2020-04-08 00:00:00,0.7520280498107859
2020-04-09 00:00:00,0.7321843355630305
2020-04-13 00:00:00,0.7439334047795356
2020-04-14 00:00:00,0.7353577833006999
2020-04-15 00:00:00,0.7529339659117242
2020-04-16 00:00:00,0.7560476743146647
2020-04-17 00:00:00,0.7379591147038128
2020-04-20 00:00:00,0.743003493207347
2020-04-21 00:00:00,0.7531027170651631
2020-04-22 00:00:00,0.7480725079528721
2020-04-23 00:00:00,0.7439549792517708
2020-04-24 00:00:00,0.7366781722042436
2020-04-27 00:00:00,0.7196427053755337
2020-04-28 00:00:00,0.7131381663682438
2020-04-29 00:00:00,0.6908372356288238
2020-04-30 00:00:00,0.708904861538181
2020-05-01 00:00:00,0.7270426936330144
2020-05-04 00:00:00,0.7251366597744113
2020-05-05 00:00:00,0.7217211929280715
2020-05-06 00:00:00,0.7249753137019644
2020-05-07 00:00:00,0.7189271149002695
2020-05-08 00:00:00,0.701645926422393
2020-05-11 00:00:00,0.7039522636923582
2020-05-12 00:00:00,0.7205455597067165
2020-05-13 00:00:00,0.7354539072696477
2020-05-14 00:00:00,0.7340393167093776
2020-05-15 00:00:00,0.7271486436819691
2020-05-18 00:00:00,0.7004598263502906
2020-05-19 00:00:00,0.7096463697969169
2020-05-20 00:00:00,0.6958052844073711
2020-05-21 00:00:00,0.69495234333091
2020-05-22 00:00:00,0.6926601754521884
2020-05-26 00:00:00,0.6789946055263328
2020-05-27 00:00:00,0.6638547057054784
2020-05-28 00:00:00,0.675744187292936
2020-05-29 00:00:00,0.6785419678612339
2020-06-01 00:00:00,0.6738627896763236
2020-06-02 00:00:00,0.6697803640679605
2020-06-03 00:00:00,0.6577997425935321
2020-06-04 00:00:00,0.6585264406902842
2020-06-05 00:00:00,0.6388933449989573
2020-06-08 00:00:00,0.6310544953129823
2020-06-09 00:00:00,0.6310544953129823
2020-06-10 00:00:00,0.6310544953129823
2020-06-11 00:00:00,0.6310544953129823
2020-06-12 00:00:00,0.6310544953129823
2020-06-15 00:00:00,0.6310544953129823
2020-06-16 00:00:00,0.6310544953129823
2020-06-17 00:00:00,0.6310544953129823
2020-06-18 00:00:00,0.6310544953129823
2020-06-19 00:00:00,0.6310544953129823
2020-06-22 00:00:00,0.6310544953129823
2020-06-23 00:00:00,0.6310544953129823
2020-06-24 00:00:00,0.6310544953129823
2020-06-25 00:00:00,0.6310544953129823
2020-06-26 00:00:00,0.6310544953129823
2020-06-29 00:00:00,0.6310544953129823
2020-06-30 00:00:00,0.6310544953129823
2020-07-01 00:00:00,0.6310544953129823
2020-07-02 00:00:00,0.6310544953129823
2020-07-06 00:00:00,0.6310544953129823
2020-07-07 00:00:00,0.6310544953129823
2020-07-08 00:00:00,0.6310544953129823
2020-07-09 00:00:00,0.6310544953129823
2020-07-10 00:00:00,0.6310544953129823
2020-07-13 00:00:00,0.6310544953129823
2020-07-14 00:00:00,0.6310544953129823
2020-07-15 00:00:00,0.6310544953129823
2020-07-16 00:00:00,0.6310544953129823
2020-07-17 00:00:00,0.6310544953129823
2020-07-20 00:00:00,0.6310544953129823
2020-07-21 00:00:00,0.6310544953129823
2020-07-22 00:00:00,0.6310544953129823
2020-07-23 00:00:00,0.6310544953129823
2020-07-24 00:00:00,0.6310544953129823
2020-07-27 00:00:00,0.6310544953129823
2020-07-28 00:00:00,0.6310544953129823
2020-07-29 00:00:00,0.6310544953129823
2020-07-30 00:00:00,0.6310544953129823
2020-07-31 00:00:00,0.6310544953129823
2020-08-03 00:00:00,0.6310544953129823
2020-08-04 00:00:00,0.6310544953129823
2020-08-05 00:00:00,0.6310544953129823
2020-08-06 00:00:00,0.6310544953129823
2020-08-07 00:00:00,0.6310544953129823
2020-08-10 00:00:00,0.6310544953129823
2020-08-11 00:00:00,0.6310544953129823
2020-08-12 00:00:00,0.6310544953129823
2020-08-13 00:00:00,0.6310544953129823
2020-08-14 00:00:00,0.6310544953129823
2020-08-17 00:00:00,0.6310544953129823
2020-08-18 00:00:00,0.6310544953129823
2020-08-19 00:00:00,0.6310544953129823
2020-08-20 00:00:00,0.6310544953129823
2020-08-21 00:00:00,0.6310544953129823
2020-08-24 00:00:00,0.6310544953129823
2020-08-25 00:00:00,0.6310544953129823
2020-08-26 00:00:00,0.6310544953129823
2020-08-27 00:00:00,0.6310544953129823
2020-08-28 00:00:00,0.6310544953129823
2020-08-31 00:00:00,0.6310544953129823
2020-09-01 00:00:00,0.6310544953129823
2020-09-02 00:00:00,0.6310544953129823
2020-09-03 00:00:00,0.6310544953129823
2020-09-04 00:00:00,0.6310544953129823
2020-09-08 00:00:00,0.6310544953129823
2020-09-09 00:00:00,0.6310544953129823
2020-09-10 00:00:00,0.6310544953129823
2020-09-11 00:00:00,0.6310544953129823
2020-09-14 00:00:00,0.6310544953129823
2020-09-15 00:00:00,0.6310544953129823
2020-09-16 00:00:00,0.6310544953129823
2020-09-17 00:00:00,0.6310544953129823
2020-09-18 00:00:00,0.6310544953129823
2020-09-21 00:00:00,0.6310544953129823
2020-09-22 00:00:00,0.6310544953129823
2020-09-23 00:00:00,0.6310544953129823
2020-09-24 00:00:00,0.6310544953129823
2020-09-25 00:00:00,0.6310544953129823
2020-09-28 00:00:00,0.6310544953129823
2020-09-29 00:00:00,0.6310544953129823
2020-09-30 00:00:00,0.6310544953129823
2020-10-01 00:00:00,0.6310544953129823
2020-10-02 00:00:00,0.6310544953129823
2020-10-05 00:00:00,0.6310544953129823
2020-10-06 00:00:00,0.6310544953129823
2020-10-07 00:00:00,0.6310544953129823
2020-10-08 00:00:00,0.6310544953129823
2020-10-09 00:00:00,0.6310544953129823
2020-10-12 00:00:00,0.6310544953129823
2020-10-13 00:00:00,0.6310544953129823
2020-10-14 00:00:00,0.6310544953129823
2020-10-15 00:00:00,0.6310544953129823
2020-10-16 00:00:00,0.6310544953129823
2020-10-19 00:00:00,0.6310544953129823
2020-10-20 00:00:00,0.6310544953129823
2020-10-21 00:00:00,0.6310544953129823
2020-10-22 00:00:00,0.6310544953129823
2020-10-23 00:00:00,0.6310544953129823
2020-10-26 00:00:00,0.6310544953129823
2020-10-27 00:00:00,0.6310544953129823
2020-10-28 00:00:00,0.6310544953129823
2020-10-29 00:00:00,0.6310544953129823
2020-10-30 00:00:00,0.6310544953129823
2020-11-02 00:00:00,0.6310544953129823
2020-11-03 00:00:00,0.6310544953129823
2020-11-04 00:00:00,0.6310544953129823
2020-11-05 00:00:00,0.6310544953129823
2020-11-06 00:00:00,0.6310544953129823
2020-11-09 00:00:00,0.6310544953129823
2020-11-10 00:00:00,0.6310544953129823
2020-11-11 00:00:00,0.6310544953129823
2020-11-12 00:00:00,0.6310544953129823
2020-11-13 00:00:00,0.6310544953129823
2020-11-16 00:00:00,0.6310544953129823
2020-11-17 00:00:00,0.6310544953129823
2020-11-18 00:00:00,0.6310544953129823
2020-11-19 00:00:00,0.6310544953129823
2020-11-20 00:00:00,0.6310544953129823
2020-11-23 00:00:00,0.6310544953129823
2020-11-24 00:00:00,0.6310544953129823
2020-11-25 00:00:00,0.6310544953129823
2020-11-27 00:00:00,0.6310544953129823
2020-11-30 00:00:00,0.6310544953129823
2020-12-01 00:00:00,0.6310544953129823
2020-12-02 00:00:00,0.6310544953129823
2020-12-03 00:00:00,0.6310544953129823
2020-12-04 00:00:00,0.6310544953129823
2020-12-07 00:00:00,0.6310544953129823
2020-12-08 00:00:00,0.6310544953129823
2020-12-09 00:00:00,0.6310544953129823
2020-12-10 00:00:00,0.6310544953129823
2020-12-11 00:00:00,0.6310544953129823
2020-12-14 00:00:00,0.6310544953129823
2020-12-15 00:00:00,0.6310544953129823
2020-12-16 00:00:00,0.6310544953129823
2020-12-17 00:00:00,0.6310544953129823
2020-12-18 00:00:00,0.6310544953129823
2020-12-21 00:00:00,0.6310544953129823
2020-12-22 00:00:00,0.6310544953129823
2020-12-23 00:00:00,0.6310544953129823
2020-12-24 00:00:00,0.6310544953129823
2020-12-28 00:00:00,0.6310544953129823
2020-12-29 00:00:00,0.6310544953129823
2020-12-30 00:00:00,0.6310544953129823
2020-12-31 00:00:00,0.6310544953129823
2021-01-04 00:00:00,0.6310544953129823
2021-01-05 00:00:00,0.6310544953129823
2021-01-06 00:00:00,0.6310544953129823
2021-01-07 00:00:00,0.6310544953129823
2021-01-08 00:00:00,0.6310544953129823
2021-01-11 00:00:00,0.6310544953129823
2021-01-12 00:00:00,0.6310544953129823
2021-01-13 00:00:00,0.6310544953129823
2021-01-14 00:00:00,0.6310544953129823
2021-01-15 00:00:00,0.6310544953129823
2021-01-19 00:00:00,0.6310544953129823
2021-01-20 00:00:00,0.6310544953129823
2021-01-21 00:00:00,0.6310544953129823
2021-01-22 00:00:00,0.6310544953129823
2021-01-25 00:00:00,0.6310544953129823
2021-01-26 00:00:00,0.6310544953129823
2021-01-27 00:00:00,0.6310544953129823
2021-01-28 00:00:00,0.6310544953129823
2021-01-29 00:00:00,0.6310544953129823
2021-02-01 00:00:00,0.6310544953129823
2021-02-02 00:00:00,0.6310544953129823
2021-02-03 00:00:00,0.6310544953129823
2021-02-04 00:00:00,0.6310544953129823
2021-02-05 00:00:00,0.6310544953129823
2021-02-08 00:00:00,0.6310544953129823
2021-02-09 00:00:00,0.6310544953129823
2021-02-10 00:00:00,0.6310544953129823
2021-02-11 00:00:00,0.6310544953129823
2021-02-12 00:00:00,0.6310544953129823
2021-02-16 00:00:00,0.6310544953129823
2021-02-17 00:00:00,0.6310544953129823
2021-02-18 00:00:00,0.6310544953129823
2021-02-19 00:00:00,0.6310544953129823
2021-02-22 00:00:00,0.6310544953129823
2021-02-23 00:00:00,0.6310544953129823
2021-02-24 00:00:00,0.6310544953129823
2021-02-25 00:00:00,0.6310544953129823
2021-02-26 00:00:00,0.6310544953129823
2021-03-01 00:00:00,0.6310544953129823
2021-03-02 00:00:00,0.6310544953129823
2021-03-03 00:00:00,0.6310544953129823
2021-03-04 00:00:00,0.6310544953129823
2021-03-05 00:00:00,0.6310544953129823
2021-03-08 00:00:00,0.6310544953129823
2021-03-09 00:00:00,0.6310544953129823
2021-03-10 00:00:00,0.6310544953129823
2021-03-11 00:00:00,0.6310544953129823
2021-03-12 00:00:00,0.6310544953129823
2021-03-15 00:00:00,0.6310544953129823
2021-03-16 00:00:00,0.6310544953129823
2021-03-17 00:00:00,0.6310544953129823
2021-03-18 00:00:00,0.6310544953129823
2021-03-19 00:00:00,0.6310544953129823
2021-03-22 00:00:00,0.6310544953129823
2021-03-23 00:00:00,0.6310544953129823
2021-03-24 00:00:00,0.6310544953129823
2021-03-25 00:00:00,0.6310544953129823
2021-03-26 00:00:00,0.6310544953129823
2021-03-29 00:00:00,0.6310544953129823
2021-03-30 00:00:00,0.6310544953129823
2021-03-31 00:00:00,0.6310544953129823
2021-04-01 00:00:00,0.6310544953129823
2021-04-05 00:00:00,0.6310544953129823
2021-04-06 00:00:00,0.6310544953129823
2021-04-07 00:00:00,0.6310544953129823
2021-04-08 00:00:00,0.6310544953129823
2021-04-09 00:00:00,0.6310544953129823
2021-04-12 00:00:00,0.6310544953129823
2021-04-13 00:00:00,0.6310544953129823
2021-04-14 00:00:00,0.6310544953129823
2021-04-15 00:00:00,0.6310544953129823
2021-04-16 00:00:00,0.6310544953129823
2021-04-19 00:00:00,0.6310544953129823
2021-04-20 00:00:00,0.6310544953129823
2021-04-21 00:00:00,0.6310544953129823
2021-04-22 00:00:00,0.6310544953129823
2021-04-23 00:00:00,0.6310544953129823
2021-04-26 00:00:00,0.6310544953129823
2021-04-27 00:00:00,0.6310544953129823
2021-04-28 00:00:00,0.6310544953129823
2021-04-29 00:00:00,0.6310544953129823
2021-04-30 00:00:00,0.6310544953129823
2021-05-03 00:00:00,0.6310544953129823
2021-05-04 00:00:00,0.6310544953129823
2021-05-05 00:00:00,0.6310544953129823
2021-05-06 00:00:00,0.6310544953129823
2021-05-07 00:00:00,0.6310544953129823
2021-05-10 00:00:00,0.6310544953129823
2021-05-11 00:00:00,0.6310544953129823
2021-05-12 00:00:00,0.6310544953129823
2021-05-13 00:00:00,0.6310544953129823
2021-05-14 00:00:00,0.6310544953129823
2021-05-17 00:00:00,0.6310544953129823
2021-05-18 00:00:00,0.6310544953129823
2021-05-19 00:00:00,0.6310544953129823
2021-05-20 00:00:00,0.6310544953129823
2021-05-21 00:00:00,0.6310544953129823
2021-05-24 00:00:00,0.6310544953129823
2021-05-25 00:00:00,0.6310544953129823
2021-05-26 00:00:00,0.6310544953129823
2021-05-27 00:00:00,0.6310544953129823
2021-05-28 00:00:00,0.6310544953129823
2021-06-01 00:00:00,0.6310544953129823
2021-06-02 00:00:00,0.6310544953129823
2021-06-03 00:00:00,0.6310544953129823
2021-06-04 00:00:00,0.6310544953129823
2021-06-07 00:00:00,0.6310544953129823
2021-06-08 00:00:00,0.6310544953129823
2021-06-09 00:00:00,0.6310544953129823
2021-06-10 00:00:00,0.6310544953129823
2021-06-11 00:00:00,0.6310544953129823
2021-06-14 00:00:00,0.6310544953129823
2021-06-15 00:00:00,0.6310544953129823
2021-06-16 00:00:00,0.6310544953129823
2021-06-17 00:00:00,0.6310544953129823
2021-06-18 00:00:00,0.6310544953129823
2021-06-21 00:00:00,0.6310544953129823
2021-06-22 00:00:00,0.6310544953129823
2021-06-23 00:00:00,0.6310544953129823
2021-06-24 00:00:00,0.6310544953129823
2021-06-25 00:00:00,0.6310544953129823
2021-06-28 00:00:00,0.6310544953129823
2021-06-29 00:00:00,0.6310544953129823
2021-06-30 00:00:00,0.6310544953129823
2021-07-01 00:00:00,0.6310544953129823
2021-07-02 00:00:00,0.6310544953129823
2021-07-06 00:00:00,0.6310544953129823
2021-07-07 00:00:00,0.6310544953129823
2021-07-08 00:00:00,0.6310544953129823
2021-07-09 00:00:00,0.6310544953129823
2021-07-12 00:00:00,0.6310544953129823
2021-07-13 00:00:00,0.6310544953129823
2021-07-14 00:00:00,0.6310544953129823
2021-07-15 00:00:00,0.6310544953129823
2021-07-16 00:00:00,0.6310544953129823
2021-07-19 00:00:00,0.6310544953129823
2021-07-20 00:00:00,0.6310544953129823
2021-07-21 00:00:00,0.6310544953129823
2021-07-22 00:00:00,0.6310544953129823
2021-07-23 00:00:00,0.6310544953129823
2021-07-26 00:00:00,0.6310544953129823
2021-07-27 00:00:00,0.6310544953129823
2021-07-28 00:00:00,0.6310544953129823
2021-07-29 00:00:00,0.6310544953129823
2021-07-30 00:00:00,0.6310544953129823
2021-08-02 00:00:00,0.6310544953129823
2021-08-03 00:00:00,0.6310544953129823
2021-08-04 00:00:00,0.6310544953129823
2021-08-05 00:00:00,0.6310544953129823
2021-08-06 00:00:00,0.6310544953129823
2021-08-09 00:00:00,0.6310544953129823
2021-08-10 00:00:00,0.6310544953129823
2021-08-11 00:00:00,0.6310544953129823
2021-08-12 00:00:00,0.6310544953129823
2021-08-13 00:00:00,0.6310544953129823
2021-08-16 00:00:00,0.6310544953129823
2021-08-17 00:00:00,0.6310544953129823
2021-08-18 00:00:00,0.6310544953129823
2021-08-19 00:00:00,0.6310544953129823
2021-08-20 00:00:00,0.6310544953129823
2021-08-23 00:00:00,0.6310544953129823
2021-08-24 00:00:00,0.6310544953129823
2021-08-25 00:00:00,0.6310544953129823
2021-08-26 00:00:00,0.6310544953129823
2021-08-27 00:00:00,0.6310544953129823
2021-08-30 00:00:00,0.6310544953129823
2021-08-31 00:00:00,0.6310544953129823
2021-09-01 00:00:00,0.6310544953129823
2021-09-02 00:00:00,0.6310544953129823
2021-09-03 00:00:00,0.6310544953129823
2021-09-07 00:00:00,0.6310544953129823
2021-09-08 00:00:00,0.6310544953129823
2021-09-09 00:00:00,0.6310544953129823
2021-09-10 00:00:00,0.6310544953129823
2021-09-13 00:00:00,0.6310544953129823
2021-09-14 00:00:00,0.6310544953129823
2021-09-15 00:00:00,0.6310544953129823
2021-09-16 00:00:00,0.6310544953129823
2021-09-17 00:00:00,0.6310544953129823
2021-09-20 00:00:00,0.6310544953129823
2021-09-21 00:00:00,0.6310544953129823
2021-09-22 00:00:00,0.6310544953129823
2021-09-23 00:00:00,0.6310544953129823
2021-09-24 00:00:00,0.6310544953129823
2021-09-27 00:00:00,0.6310544953129823
2021-09-28 00:00:00,0.6310544953129823
2021-09-29 00:00:00,0.6310544953129823
2021-09-30 00:00:00,0.6310544953129823
2021-10-01 00:00:00,0.6310544953129823
2021-10-04 00:00:00,0.6310544953129823
2021-10-05 00:00:00,0.6310544953129823
2021-10-06 00:00:00,0.6310544953129823
2021-10-07 00:00:00,0.6310544953129823
2021-10-08 00:00:00,0.6310544953129823
2021-10-11 00:00:00,0.6310544953129823
2021-10-12 00:00:00,0.6310544953129823
2021-10-13 00:00:00,0.6310544953129823
2021-10-14 00:00:00,0.6310544953129823
2021-10-15 00:00:00,0.6310544953129823
2021-10-18 00:00:00,0.6310544953129823
2021-10-19 00:00:00,0.6310544953129823
2021-10-20 00:00:00,0.6310544953129823
2021-10-21 00:00:00,0.6310544953129823
2021-10-22 00:00:00,0.6310544953129823
2021-10-25 00:00:00,0.6310544953129823
2021-10-26 00:00:00,0.6310544953129823
2021-10-27 00:00:00,0.6310544953129823
2021-10-28 00:00:00,0.6310544953129823
2021-10-29 00:00:00,0.6310544953129823
2021-11-01 00:00:00,0.6310544953129823
2021-11-02 00:00:00,0.6310544953129823
2021-11-03 00:00:00,0.6310544953129823
2021-11-04 00:00:00,0.6310544953129823
2021-11-05 00:00:00,0.6310544953129823
2021-11-08 00:00:00,0.6310544953129823
2021-11-09 00:00:00,0.6310544953129823
2021-11-10 00:00:00,0.6310544953129823
2021-11-11 00:00:00,0.6310544953129823
2021-11-12 00:00:00,0.6310544953129823
2021-11-15 00:00:00,0.6310544953129823
2021-11-16 00:00:00,0.6310544953129823
2021-11-17 00:00:00,0.6310544953129823
2021-11-18 00:00:00,0.6310544953129823
2021-11-19 00:00:00,0.6310544953129823
2021-11-22 00:00:00,0.6310544953129823
2021-11-23 00:00:00,0.6310544953129823
2021-11-24 00:00:00,0.6310544953129823
2021-11-26 00:00:00,0.6310544953129823
2021-11-29 00:00:00,0.6310544953129823
2021-11-30 00:00:00,0.6310544953129823
2021-12-01 00:00:00,0.6310544953129823
2021-12-02 00:00:00,0.6174940988350364
2021-12-03 00:00:00,0.6300899886545184
2021-12-06 00:00:00,0.6180025948023673
2021-12-07 00:00:00,0.6037578651469065
2021-12-08 00:00:00,0.599459294065146
2021-12-09 00:00:00,0.6039140485654136
2021-12-10 00:00:00,0.6088505364539379
2021-12-13 00:00:00,0.6171834816441376
2021-12-14 00:00:00,0.6211835269845842
2021-12-15 00:00:00,0.6138447398823942
2021-12-16 00:00:00,0.6233201910031255
2021-12-17 00:00:00,0.619085570957475
2021-12-20 00:00:00,0.6255861953156894
2021-12-21 00:00:00,0.6125133218451697
2021-12-22 00:00:00,0.6079769077801332
2021-12-23 00:00:00,0.6041734220478908
2021-12-27 00:00:00,0.5996801214141952
2021-12-28 00:00:00,0.6026238876867918
2021-12-29 00:00:00,0.6020970227364518
2021-12-30 00:00:00,0.6022168592562244
2021-12-31 00:00:00,0.6032420778341543
2022-01-03 00:00:00,0.5970457966624961
2022-01-04 00:00:00,0.5953788401337795
2022-01-05 00:00:00,0.5953788401337795
2022-01-06 00:00:00,0.5938320842799012
2022-01-07 00:00:00,0.598840555435773
2022-01-10 00:00:00,0.6003192504122815
2022-01-11 00:00:00,0.595769563599316
2022-01-12 00:00:00,0.5989734862589965
2022-01-13 00:00:00,0.6028912962358515
2022-01-14 00:00:00,0.6022878198706009
2022-01-18 00:00:00,0.6151292213121379
2022-01-19 00:00:00,0.6218232597446718
2022-01-20 00:00:00,0.6291518646813609
2022-01-21 00:00:00,0.6365994508375789
2022-01-24 00:00:00,0.6275879682922724
2022-01-25 00:00:00,0.6329137227002216
2022-01-26 00:00:00,0.6385964207667583
2022-01-27 00:00:00,0.6474122909475609
2022-01-28 00:00:00,0.6400070548658972
2022-01-31 00:00:00,0.6281201928486375
2022-02-01 00:00:00,0.6239076194910044
2022-02-02 00:00:00,0.6279047502808788
2022-02-03 00:00:00,0.6354514874533711
2022-02-04 00:00:00,0.6337573499091039
2022-02-07 00:00:00,0.6318054197225236
2022-02-08 00:00:00,0.6250545803482699
2022-02-09 00:00:00,0.6174113818275478
2022-02-10 00:00:00,0.62368898599173
2022-02-11 00:00:00,0.6277654375946237
2022-02-14 00:00:00,0.629144981554858
2022-02-15 00:00:00,0.6184677619361442
2022-02-16 00:00:00,0.6176064929285805
2022-02-17 00:00:00,0.6280881001827906
2022-02-18 00:00:00,0.6315101550782743
2022-02-22 00:00:00,0.6370738719252819
2022-02-23 00:00:00,0.6443628164554611
2022-02-24 00:00:00,0.6343201633409025
2022-02-25 00:00:00,0.6254673224216347
2022-02-28 00:00:00,0.623832675487132
2022-03-01 00:00:00,0.631419073066134
2022-03-02 00:00:00,0.6219911562524756
2022-03-03 00:00:00,0.626781495172544
2022-03-04 00:00:00,0.6330392691334712
2022-03-07 00:00:00,0.6428268192737615
2022-03-08 00:00:00,0.6406964172578875
2022-03-09 00:00:00,0.6298010654033703
2022-03-10 00:00:00,0.6305063824529398
2022-03-11 00:00:00,0.6368236470236316
2022-03-14 00:00:00,0.6447868184644757
2022-03-15 00:00:00,0.638690375797632
2022-03-16 00:00:00,0.6264664003250399
2022-03-17 00:00:00,0.6201716556256477
2022-03-18 00:00:00,0.6158797614549951
2022-03-21 00:00:00,0.6195001183830274
2022-03-22 00:00:00,0.6154065262449234
2022-03-23 00:00:00,0.622536829149064
2022-03-24 00:00:00,0.6186811994500182
2022-03-25 00:00:00,0.6181173834912773
2022-03-28 00:00:00,0.6179700018008882
2022-03-29 00:00:00,0.6070151593366065
2022-03-30 00:00:00,0.6154344254523122
2022-03-31 00:00:00,0.6197686696975191
2022-04-01 00:00:00,0.6151991526812987
2022-04-04 00:00:00,0.6145163555030287
2022-04-05 00:00:00,0.6242642452368093
2022-04-06 00:00:00,0.6299667735066007
2022-04-07 00:00:00,0.6312471664505608
2022-04-08 00:00:00,0.6343915985004768
2022-04-11 00:00:00,0.6370204452657665
2022-04-12 00:00:00,0.6357824023963607
2022-04-13 00:00:00,0.6283375059081874
2022-04-14 00:00:00,0.6321958252752777
2022-04-18 00:00:00,0.6348445022438224
2022-04-19 00:00:00,0.6270228318938068
2022-04-20 00:00:00,0.6254873359755784
2022-04-21 00:00:00,0.6344618477824198
2022-04-22 00:00:00,0.6446063415812974
2022-04-25 00:00:00,0.642277637532875
2022-04-26 00:00:00,0.6543853214539826
2022-04-27 00:00:00,0.6559235070402557
2022-04-28 00:00:00,0.6489941958367084
2022-04-29 00:00:00,0.6598922373592702
2022-05-02 00:00:00,0.6560366076602244
2022-05-03 00:00:00,0.6528552048718435
2022-05-04 00:00:00,0.6428720423670493
2022-05-05 00:00:00,0.6584301816545006
2022-05-06 00:00:00,0.6645491441926439
2022-05-09 00:00:00,0.6797701700247628
2022-05-10 00:00:00,0.6796624487408836
2022-05-11 00:00:00,0.6882800168891376
2022-05-12 00:00:00,0.6843054059705628
2022-05-13 00:00:00,0.6734497145225553
2022-05-16 00:00:00,0.6751267115316123
2022-05-17 00:00:00,0.6643701710998791
2022-05-18 00:00:00,0.6770529309153773
2022-05-19 00:00:00,0.6764692847533816
2022-05-20 00:00:00,0.6773530736322447
2022-05-23 00:00:00,0.6731206700713568
2022-05-24 00:00:00,0.6783472734630318
2022-05-25 00:00:00,0.6720723589668944
2022-05-26 00:00:00,0.6641515376006046
2022-05-27 00:00:00,0.6543865073316139
2022-05-31 00:00:00,0.6589983744223884
2022-06-01 00:00:00,0.6610719754965426
2022-06-02 00:00:00,0.6521398137642554
2022-06-03 00:00:00,0.6555023780499746
2022-06-06 00:00:00,0.6538875613187267
2022-06-07 00:00:00,0.6478704394649024
2022-06-08 00:00:00,0.6537117791574778
2022-06-09 00:00:00,0.6623888379154965
2022-06-10 00:00:00,0.6722557088688061
2022-06-13 00:00:00,0.6888846791320195
2022-06-14 00:00:00,0.6905021855313119
2022-06-15 00:00:00,0.6855757248565042
2022-06-16 00:00:00,0.701351996379759
2022-06-17 00:00:00,0.6988051600955332
2022-06-21 00:00:00,0.6929268496644928
2022-06-22 00:00:00,0.6935528459010428
2022-06-23 00:00:00,0.689558404779213
2022-06-24 00:00:00,0.6791191475995574
2022-06-27 00:00:00,0.6778216141203871
2022-06-28 00:00:00,0.6843570109268822
2022-06-29 00:00:00,0.6878187262288756
2022-06-30 00:00:00,0.6904475729941655
2022-07-01 00:00:00,0.6863738110593164
2022-07-05 00:00:00,0.6835493519295226
2022-07-06 00:00:00,0.6860790476785382
2022-07-07 00:00:00,0.6780194148894645
2022-07-08 00:00:00,0.678050505028369
2022-07-11 00:00:00,0.6850419965097256
2022-07-12 00:00:00,0.6862034082341566
2022-07-13 00:00:00,0.6864922910153742
2022-07-14 00:00:00,0.6899738365206226
2022-07-15 00:00:00,0.6829652045040558
2022-07-18 00:00:00,0.6839283141959382
2022-07-19 00:00:00,0.6718431501461302
2022-07-20 00:00:00,0.6662821229671674
2022-07-21 00:00:00,0.6644293437968614
2022-07-22 00:00:00,0.6701913626764173
2022-07-25 00:00:00,0.6683385835061112
2022-07-26 00:00:00,0.6705311657997943
2022-07-27 00:00:00,0.6624318726042109
2022-07-28 00:00:00,0.6574260911163837
2022-07-29 00:00:00,0.6547999340191386
2022-08-01 00:00:00,0.6549301751743174
2022-08-02 00:00:00,0.6552785485652997
2022-08-03 00:00:00,0.6498166724026111
2022-08-04 00:00:00,0.6506013102652
2022-08-05 00:00:00,0.6477173605256417
2022-08-08 00:00:00,0.6437030892005572
2022-08-09 00:00:00,0.6450684981919115
2022-08-10 00:00:00,0.6450684981919115
2022-08-11 00:00:00,0.6450684981919115
2022-08-12 00:00:00,0.6450684981919115
2022-08-15 00:00:00,0.6450684981919115
2022-08-16 00:00:00,0.6450684981919115
2022-08-17 00:00:00,0.6450684981919115
2022-08-18 00:00:00,0.6450684981919115
2022-08-19 00:00:00,0.6450684981919115
2022-08-22 00:00:00,0.6450684981919115
2022-08-23 00:00:00,0.6450684981919115
2022-08-24 00:00:00,0.6450684981919115
2022-08-25 00:00:00,0.6450684981919115
2022-08-26 00:00:00,0.6450684981919115
2022-08-29 00:00:00,0.6450684981919115
2022-08-30 00:00:00,0.6450684981919115
2022-08-31 00:00:00,0.6450684981919115
2022-09-01 00:00:00,0.6450684981919115
2022-09-02 00:00:00,0.6450684981919115
2022-09-06 00:00:00,0.6450684981919115
2022-09-07 00:00:00,0.6450684981919115
2022-09-08 00:00:00,0.6358174584691542
2022-09-09 00:00:00,0.6245030536162751
2022-09-12 00:00:00,0.6175384753880039
2022-09-13 00:00:00,0.6320403650703681
2022-09-14 00:00:00,0.6320403650703681
2022-09-15 00:00:00,0.6320403650703681
2022-09-16 00:00:00,0.6320403650703681
2022-09-19 00:00:00,0.6320403650703681
2022-09-20 00:00:00,0.6339816812715947
2022-09-21 00:00:00,0.6414091378526495
2022-09-22 00:00:00,0.6521997196837166
2022-09-23 00:00:00,0.66334575377698
2022-09-26 00:00:00,0.6719215945897463
2022-09-27 00:00:00,0.6703807171707682
2022-09-28 00:00:00,0.656125585757841
2022-09-29 00:00:00,0.6665333728450041
2022-09-30 00:00:00,0.6698321146882389
2022-10-03 00:00:00,0.6578737517387349
2022-10-04 00:00:00,0.639517248069695
2022-10-05 00:00:00,0.6430620722482965
2022-10-06 00:00:00,0.6457319370122606
2022-10-07 00:00:00,0.6596942467213881
2022-10-10 00:00:00,0.6622547415585226
2022-10-11 00:00:00,0.6621083307066227
2022-10-12 00:00:00,0.6633563864218012
2022-10-13 00:00:00,0.6520269005515676
2022-10-14 00:00:00,0.6645674012119094
2022-10-17 00:00:00,0.6500115025002007
2022-10-18 00:00:00,0.6444239377885247
2022-10-19 00:00:00,0.6525076139305575
2022-10-20 00:00:00,0.6584585764994116
2022-10-21 00:00:00,0.6484141872694268
2022-10-24 00:00:00,0.6463811451797151
2022-10-25 00:00:00,0.633438452888744
2022-10-26 00:00:00,0.6310226160551284
2022-10-27 00:00:00,0.6309035476849361
2022-10-28 00:00:00,0.6197654591866545
2022-10-31 00:00:00,0.6219937209970584
2022-11-01 00:00:00,0.6255532521733781
2022-11-02 00:00:00,0.626973266244975
2022-11-03 00:00:00,0.6247362995108191
2022-11-04 00:00:00,0.6194573282788082
2022-11-07 00:00:00,0.6176556221682078
2022-11-08 00:00:00,0.6174928817836225
2022-11-09 00:00:00,0.6284042341423826
2022-11-10 00:00:00,0.6045872316580114
2022-11-11 00:00:00,0.6035826033059802
2022-11-14 00:00:00,0.6054672113787197
2022-11-15 00:00:00,0.5994903070495139
2022-11-16 00:00:00,0.5994903070495139
2022-11-17 00:00:00,0.5994903070495139
2022-11-18 00:00:00,0.5994903070495139
2022-11-21 00:00:00,0.5994903070495139
2022-11-22 00:00:00,0.5994903070495139
2022-11-23 00:00:00,0.5994903070495139
2022-11-25 00:00:00,0.5994903070495139
2022-11-28 00:00:00,0.5994903070495139
2022-11-29 00:00:00,0.5994903070495139
2022-11-30 00:00:00,0.5994903070495139
2022-12-01 00:00:00,0.5994903070495139
2022-12-02 00:00:00,0.5994903070495139
2022-12-05 00:00:00,0.5994903070495139
2022-12-06 00:00:00,0.5994903070495139
2022-12-07 00:00:00,0.5994903070495139
2022-12-08 00:00:00,0.5994903070495139
2022-12-09 00:00:00,0.5994903070495139
2022-12-12 00:00:00,0.5994903070495139
2022-12-13 00:00:00,0.5994903070495139
2022-12-14 00:00:00,0.5994903070495139
2022-12-15 00:00:00,0.5994903070495139
2022-12-16 00:00:00,0.5994903070495139
2022-12-19 00:00:00,0.5994903070495139
2022-12-20 00:00:00,0.5994903070495139
2022-12-21 00:00:00,0.595893019696739
2022-12-22 00:00:00,0.601590474583917
2022-12-23 00:00:00,0.5996219860779404
2022-12-27 00:00:00,0.6025160377177835
2022-12-28 00:00:00,0.6091810388584663
2022-12-29 00:00:00,0.5984550163143552
2022-12-30 00:00:00,0.5996620642301383
2023-01-03 00:00:00,0.6020351294257864
2023-01-04 00:00:00,0.5966678245933951
2023-01-05 00:00:00,0.601323306592183
2023-01-06 00:00:00,0.5916392569364617
2023-01-09 00:00:00,0.59088640346694
2023-01-10 00:00:00,0.5843530813546837
2023-01-11 00:00:00,0.5823107120091445
2023-01-12 00:00:00,0.5758620191841066
2023-01-13 00:00:00,0.5794371337913329
2023-01-17 00:00:00,0.5794371337913329
2023-01-18 00:00:00,0.5794371337913329
2023-01-19 00:00:00,0.5794371337913329
2023-01-20 00:00:00,0.5794371337913329
2023-01-23 00:00:00,0.5794371337913329
2023-01-24 00:00:00,0.5794371337913329
2023-01-25 00:00:00,0.5794371337913329
2023-01-26 00:00:00,0.5794371337913329
2023-01-27 00:00:00,0.5794371337913329
2023-01-30 00:00:00,0.5794371337913329
2023-01-31 00:00:00,0.5794371337913329
2023-02-01 00:00:00,0.5794371337913329
2023-02-02 00:00:00,0.5794371337913329
2023-02-03 00:00:00,0.5794371337913329
2023-02-06 00:00:00,0.5794371337913329
2023-02-07 00:00:00,0.5794371337913329
2023-02-08 00:00:00,0.5794371337913329
2023-02-09 00:00:00,0.5794371337913329
2023-02-10 00:00:00,0.5794371337913329
2023-02-13 00:00:00,0.5794371337913329
2023-02-14 00:00:00,0.5794371337913329
2023-02-15 00:00:00,0.5794371337913329
2023-02-16 00:00:00,0.5794371337913329
2023-02-17 00:00:00,0.5794371337913329
2023-02-21 00:00:00,0.5794371337913329
2023-02-22 00:00:00,0.5794371337913329
2023-02-23 00:00:00,0.5794371337913329
2023-02-24 00:00:00,0.5794371337913329
2023-02-27 00:00:00,0.5794371337913329
2023-02-28 00:00:00,0.5794371337913329
2023-03-01 00:00:00,0.5794371337913329
2023-03-02 00:00:00,0.5794371337913329
2023-03-03 00:00:00,0.5794371337913329
2023-03-06 00:00:00,0.5794371337913329
2023-03-07 00:00:00,0.5794371337913329
2023-03-08 00:00:00,0.5794371337913329
2023-03-09 00:00:00,0.5794371337913329
2023-03-10 00:00:00,0.5794371337913329
2023-03-13 00:00:00,0.5794371337913329
2023-03-14 00:00:00,0.5794371337913329
2023-03-15 00:00:00,0.5744969419814328
2023-03-16 00:00:00,0.567517711557127
2023-03-17 00:00:00,0.5814754845176359
2023-03-20 00:00:00,0.5749373426477854
2023-03-21 00:00:00,0.5655174222221598
2023-03-22 00:00:00,0.5802397486770581
2023-03-23 00:00:00,0.5843171380177667
2023-03-24 00:00:00,0.5797785975947806
2023-03-27 00:00:00,0.5741520387374712
2023-03-28 00:00:00,0.5748771550643191
2023-03-29 00:00:00,0.5690741607852275
2023-03-30 00:00:00,0.5697698712084451
2023-03-31 00:00:00,0.5602911389755588
2023-04-03 00:00:00,0.5600458604826051
2023-04-04 00:00:00,0.5692398770549959
2023-04-05 00:00:00,0.5742876612155065
2023-04-06 00:00:00,0.5735130764572061
2023-04-10 00:00:00,0.5680335471180484
2023-04-11 00:00:00,0.5639360952495177
2023-04-12 00:00:00,0.5677488314575532
2023-04-13 00:00:00,0.5608872246477687
2023-04-14 00:00:00,0.5657585733864972
2023-04-17 00:00:00,0.5590734019984949
2023-04-18 00:00:00,0.5612982194104909
2023-04-19 00:00:00,0.5606118523630816
2023-04-20 00:00:00,0.5633071642331635
2023-04-21 00:00:00,0.5626207971857543
2023-04-24 00:00:00,0.5629636367654076
2023-04-25 00:00:00,0.5758333912915932
2023-04-26 00:00:00,0.5807341459339519
2023-04-27 00:00:00,0.5739901627386889
2023-04-28 00:00:00,0.5695104341229635
2023-05-01 00:00:00,0.5692063438227488
2023-05-02 00:00:00,0.5797824378657667
2023-05-03 00:00:00,0.577919834673143
2023-05-04 00:00:00,0.5835851428098909
2023-05-05 00:00:00,0.5716657205756851
2023-05-08 00:00:00,0.5728319254569882
2023-05-09 00:00:00,0.5743510011818559
2023-05-10 00:00:00,0.5717532503984735
2023-05-11 00:00:00,0.5756836102210302
2023-05-12 00:00:00,0.5767027855841818
2023-05-15 00:00:00,0.5704881086542651
2023-05-16 00:00:00,0.5779765828160954
2023-05-17 00:00:00,0.5666746845581269
2023-05-18 00:00:00,0.5635182216057677
2023-05-19 00:00:00,0.5666840279339352
2023-05-22 00:00:00,0.5603517273894973
2023-05-23 00:00:00,0.5628117920305363
2023-05-24 00:00:00,0.5683300706491324
2023-05-25 00:00:00,0.5723486481825805
2023-05-26 00:00:00,0.5665162479998586
2023-05-30 00:00:00,0.5684176004719208
2023-05-31 00:00:00,0.5734947905360616
2023-06-01 00:00:00,0.5679564493896433
2023-06-02 00:00:00,0.5492148575131943
2023-06-05 00:00:00,0.5512374446447439
2023-06-06 00:00:00,0.5357436036166807
2023-06-07 00:00:00,0.5336553270240921
2023-06-08 00:00:00,0.5336553270240921
2023-06-09 00:00:00,0.5336553270240921
2023-06-12 00:00:00,0.5336553270240921
2023-06-13 00:00:00,0.5336553270240921
2023-06-14 00:00:00,0.5336553270240921
2023-06-15 00:00:00,0.5336553270240921
2023-06-16 00:00:00,0.5336553270240921
2023-06-20 00:00:00,0.5336553270240921
2023-06-21 00:00:00,0.5336553270240921
2023-06-22 00:00:00,0.5336553270240921
2023-06-23 00:00:00,0.5336553270240921
2023-06-26 00:00:00,0.5336553270240921
2023-06-27 00:00:00,0.5336553270240921
2023-06-28 00:00:00,0.5336553270240921
2023-06-29 00:00:00,0.5336553270240921
2023-06-30 00:00:00,0.5336553270240921
2023-07-03 00:00:00,0.5336553270240921
2023-07-05 00:00:00,0.5336553270240921
2023-07-06 00:00:00,0.5336553270240921
2023-07-07 00:00:00,0.5336553270240921
2023-07-10 00:00:00,0.5336553270240921
2023-07-11 00:00:00,0.5336553270240921
2023-07-12 00:00:00,0.5336553270240921
2023-07-13 00:00:00,0.5336553270240921
2023-07-14 00:00:00,0.5336553270240921
2023-07-17 00:00:00,0.5336553270240921
2023-07-18 00:00:00,0.5336553270240921
2023-07-19 00:00:00,0.5336553270240921
2023-07-20 00:00:00,0.5336553270240921
2023-07-21 00:00:00,0.5336553270240921
2023-07-24 00:00:00,0.5336553270240921
2023-07-25 00:00:00,0.5336553270240921
2023-07-26 00:00:00,0.5336553270240921
2023-07-27 00:00:00,0.5336553270240921
2023-07-28 00:00:00,0.5336553270240921
2023-07-31 00:00:00,0.5336553270240921
2023-08-01 00:00:00,0.5336553270240921
2023-08-02 00:00:00,0.5336553270240921
2023-08-03 00:00:00,0.5336553270240921
2023-08-04 00:00:00,0.5336553270240921
2023-08-07 00:00:00,0.5336553270240921
2023-08-08 00:00:00,0.5336553270240921
2023-08-09 00:00:00,0.5336553270240921
2023-08-10 00:00:00,0.5336553270240921
2023-08-11 00:00:00,0.5336553270240921
2023-08-14 00:00:00,0.5336553270240921
2023-08-15 00:00:00,0.5336553270240921
2023-08-16 00:00:00,0.5336553270240921
2023-08-17 00:00:00,0.5336553270240921
2023-08-18 00:00:00,0.5336553270240921
2023-08-21 00:00:00,0.5336553270240921
2023-08-22 00:00:00,0.5336553270240921
2023-08-23 00:00:00,0.5336553270240921
2023-08-24 00:00:00,0.5336553270240921
2023-08-25 00:00:00,0.5336553270240921
2023-08-28 00:00:00,0.5336553270240921
2023-08-29 00:00:00,0.5336553270240921
2023-08-30 00:00:00,0.5336553270240921
2023-08-31 00:00:00,0.5336553270240921
2023-09-01 00:00:00,0.5336553270240921
2023-09-05 00:00:00,0.5336553270240921
2023-09-06 00:00:00,0.5336553270240921
2023-09-07 00:00:00,0.5336553270240921
2023-09-08 00:00:00,0.5336553270240921
2023-09-11 00:00:00,0.5336553270240921
2023-09-12 00:00:00,0.5336553270240921
2023-09-13 00:00:00,0.5336553270240921
2023-09-14 00:00:00,0.5336553270240921
2023-09-15 00:00:00,0.5336553270240921
2023-09-18 00:00:00,0.5336553270240921
2023-09-19 00:00:00,0.5336553270240921
2023-09-20 00:00:00,0.5410867115122565
2023-09-21 00:00:00,0.5492389430821939
2023-09-22 00:00:00,0.5503986514526378
2023-09-25 00:00:00,0.5480767269329575
2023-09-26 00:00:00,0.5571359384994817
2023-09-27 00:00:00,0.552356390763243
2023-09-28 00:00:00,0.5476938727039834
2023-09-29 00:00:00,0.550140907521196
2023-10-02 00:00:00,0.5579420500601965
2023-10-03 00:00:00,0.5665038854995601
2023-10-04 00:00:00,0.5662592377462564
2023-10-05 00:00:00,0.5658683028967291
2023-10-06 00:00:00,0.5610302403220009
2023-10-09 00:00:00,0.558093909998181
2023-10-10 00:00:00,0.5523196100076212
2023-10-11 00:00:00,0.5531867441856178
2023-10-12 00:00:00,0.5647913512264345
2023-10-13 00:00:00,0.5689645737790868
2023-10-16 00:00:00,0.5609081950874371
2023-10-17 00:00:00,0.5552509247738563
2023-10-18 00:00:00,0.5657730073026176
2023-10-19 00:00:00,0.5737496943570864
2023-10-20 00:00:00,0.5801172233530945
2023-10-23 00:00:00,0.5842319310672573
2023-10-24 00:00:00,0.5800082742966688
2023-10-25 00:00:00,0.5880434761896272
2023-10-26 00:00:00,0.5868040761820023
2023-10-27 00:00:00,0.5924401696968916
2023-10-30 00:00:00,0.5897964135655192
2023-10-31 00:00:00,0.5856605290526649
2023-11-01 00:00:00,0.5828997432443134
2023-11-02 00:00:00,0.5699866329580365
2023-11-03 00:00:00,0.5564591168676201
2023-11-06 00:00:00,0.5628266458636281
2023-11-07 00:00:00,0.5646007600382117
2023-11-08 00:00:00,0.5699442793606536
2023-11-09 00:00:00,0.577628392222675
2023-11-10 00:00:00,0.5721466664245626
2023-11-13 00:00:00,0.5719605335097485
2023-11-14 00:00:00,0.5447698026320374
2023-11-15 00:00:00,0.5438522342361047
2023-11-16 00:00:00,0.5522970399984896
2023-11-17 00:00:00,0.545235413561161
2023-11-20 00:00:00,0.5421820535603621
2023-11-21 00:00:00,0.5489299290065518
2023-11-22 00:00:00,0.5456717670710397
2023-11-24 00:00:00,0.5421502883623249
2023-11-27 00:00:00,0.5438951451176638
2023-11-28 00:00:00,0.5459033186462052
2023-11-29 00:00:00,0.5431425328378537
2023-11-30 00:00:00,0.5411424399298657
2023-12-01 00:00:00,0.5257717064270304
2023-12-04 00:00:00,0.5275371604055176
2023-12-05 00:00:00,0.5275371604055176
2023-12-06 00:00:00,0.5275371604055176
2023-12-07 00:00:00,0.5275371604055176
2023-12-08 00:00:00,0.5275371604055176
2023-12-11 00:00:00,0.5275371604055176
2023-12-12 00:00:00,0.5275371604055176
2023-12-13 00:00:00,0.5275371604055176
2023-12-14 00:00:00,0.5275371604055176
2023-12-15 00:00:00,0.5275371604055176
2023-12-18 00:00:00,0.5275371604055176
2023-12-19 00:00:00,0.5275371604055176
2023-12-20 00:00:00,0.5275371604055176
2023-12-21 00:00:00,0.5275371604055176
2023-12-22 00:00:00,0.5275371604055176
2023-12-26 00:00:00,0.5275371604055176
2023-12-27 00:00:00,0.5275371604055176
2023-12-28 00:00:00,0.5275371604055176
2023-12-29 00:00:00,0.5275371604055176
