date,combined_equity
1971-01-04 00:00:00,1.0
1971-01-05 00:00:00,1.0
1971-01-06 00:00:00,1.0
1971-01-07 00:00:00,1.0
1971-01-08 00:00:00,1.0
1971-01-11 00:00:00,1.0
1971-01-12 00:00:00,1.0
1971-01-13 00:00:00,1.0
1971-01-14 00:00:00,1.0
1971-01-15 00:00:00,1.0
1971-01-18 00:00:00,1.0
1971-01-19 00:00:00,1.0
1971-01-20 00:00:00,1.0
1971-01-21 00:00:00,1.0
1971-01-22 00:00:00,1.0
1971-01-25 00:00:00,1.0
1971-01-26 00:00:00,1.0
1971-01-27 00:00:00,1.0
1971-01-28 00:00:00,1.0
1971-01-29 00:00:00,1.0
1971-02-01 00:00:00,1.0
1971-02-02 00:00:00,1.0
1971-02-03 00:00:00,1.0
1971-02-04 00:00:00,1.0
1971-02-05 00:00:00,1.0
1971-02-08 00:00:00,1.0
1971-02-09 00:00:00,1.0
1971-02-10 00:00:00,1.0
1971-02-11 00:00:00,1.0
1971-02-16 00:00:00,1.0
1971-02-17 00:00:00,1.0
1971-02-18 00:00:00,1.0
1971-02-19 00:00:00,1.0
1971-02-22 00:00:00,1.0
1971-02-23 00:00:00,1.0
1971-02-24 00:00:00,1.0
1971-02-25 00:00:00,1.0
1971-02-26 00:00:00,1.0
1971-03-01 00:00:00,1.0
1971-03-02 00:00:00,1.0
1971-03-03 00:00:00,1.0
1971-03-04 00:00:00,1.0
1971-03-05 00:00:00,1.0
1971-03-08 00:00:00,1.0
1971-03-09 00:00:00,1.0
1971-03-10 00:00:00,1.0
1971-03-11 00:00:00,1.0
1971-03-12 00:00:00,1.0
1971-03-15 00:00:00,1.0
1971-03-16 00:00:00,1.0
1971-03-17 00:00:00,1.0
1971-03-18 00:00:00,1.0
1971-03-19 00:00:00,1.0
1971-03-22 00:00:00,1.0
1971-03-23 00:00:00,1.0
1971-03-24 00:00:00,1.0
1971-03-25 00:00:00,1.0
1971-03-26 00:00:00,1.0
1971-03-29 00:00:00,1.0
1971-03-30 00:00:00,1.0
1971-03-31 00:00:00,1.0
1971-04-01 00:00:00,1.0
1971-04-02 00:00:00,1.0
1971-04-05 00:00:00,1.0
1971-04-06 00:00:00,1.0
1971-04-07 00:00:00,1.0
1971-04-08 00:00:00,1.0
1971-04-09 00:00:00,1.0
1971-04-12 00:00:00,1.0
1971-04-13 00:00:00,1.0
1971-04-14 00:00:00,1.0
1971-04-15 00:00:00,1.0
1971-04-16 00:00:00,1.0
1971-04-19 00:00:00,1.0
1971-04-20 00:00:00,1.0
1971-04-21 00:00:00,1.0
1971-04-22 00:00:00,1.0
1971-04-23 00:00:00,1.0
1971-04-26 00:00:00,1.0
1971-04-27 00:00:00,1.0
1971-04-28 00:00:00,1.0
1971-04-29 00:00:00,1.0
1971-04-30 00:00:00,1.0
1971-05-03 00:00:00,1.0
1971-05-04 00:00:00,1.0
1971-05-05 00:00:00,1.0
1971-05-06 00:00:00,1.0
1971-05-07 00:00:00,1.0
1971-05-10 00:00:00,1.0
1971-05-11 00:00:00,1.0
1971-05-12 00:00:00,1.0
1971-05-13 00:00:00,1.0
1971-05-14 00:00:00,1.0
1971-05-17 00:00:00,1.0
1971-05-18 00:00:00,1.0
1971-05-19 00:00:00,1.0
1971-05-20 00:00:00,1.0
1971-05-21 00:00:00,1.0
1971-05-24 00:00:00,1.0
1971-05-25 00:00:00,1.0
1971-05-26 00:00:00,1.0
1971-05-27 00:00:00,1.0
1971-05-28 00:00:00,1.0
1971-06-01 00:00:00,1.0
1971-06-02 00:00:00,1.0
1971-06-03 00:00:00,1.0
1971-06-04 00:00:00,1.0
1971-06-07 00:00:00,1.0
1971-06-08 00:00:00,1.0
1971-06-09 00:00:00,1.0
1971-06-10 00:00:00,1.0
1971-06-11 00:00:00,1.0
1971-06-14 00:00:00,1.0
1971-06-15 00:00:00,1.0
1971-06-16 00:00:00,1.0
1971-06-17 00:00:00,1.0
1971-06-18 00:00:00,1.0
1971-06-21 00:00:00,1.0
1971-06-22 00:00:00,1.0
1971-06-23 00:00:00,1.0
1971-06-24 00:00:00,1.0
1971-06-25 00:00:00,1.0
1971-06-28 00:00:00,1.0
1971-06-29 00:00:00,1.0
1971-06-30 00:00:00,1.0
1971-07-01 00:00:00,1.0
1971-07-02 00:00:00,1.0
1971-07-06 00:00:00,1.0
1971-07-07 00:00:00,1.0
1971-07-08 00:00:00,1.0
1971-07-09 00:00:00,1.0
1971-07-12 00:00:00,0.9996323529411765
1971-07-13 00:00:00,0.9995936689756589
1971-07-14 00:00:00,1.0003485467536744
1971-07-15 00:00:00,1.0010851661660691
1971-07-16 00:00:00,1.0007748784409447
1971-07-19 00:00:00,1.0005229112600225
1971-07-20 00:00:00,1.00091060564963
1971-07-21 00:00:00,1.0012986006124744
1971-07-22 00:00:00,1.0011821705426356
1971-07-23 00:00:00,1.0012403821927631
1971-07-26 00:00:00,1.00100757619795
1971-07-27 00:00:00,1.0010463696785319
1971-07-28 00:00:00,1.0012597875804325
1971-07-29 00:00:00,1.0012015736739084
1971-07-30 00:00:00,1.0013568258029502
1971-08-02 00:00:00,1.0011821705426356
1971-08-03 00:00:00,1.0008912137944395
1971-08-04 00:00:00,1.001318008256934
1971-08-05 00:00:00,1.0012597875804325
1971-08-06 00:00:00,1.0012403821927631
1971-08-09 00:00:00,1.0012209775572698
1971-08-10 00:00:00,1.0007167209050054
1971-08-11 00:00:00,1.00091060564963
1971-08-12 00:00:00,1.0006004261088515
1971-08-13 00:00:00,1.001318008256934
1971-08-23 00:00:00,1.01160919240789
1971-08-24 00:00:00,1.01160919240789
1971-08-25 00:00:00,1.01160919240789
1971-08-26 00:00:00,1.01160919240789
1971-08-27 00:00:00,1.01160919240789
1971-08-30 00:00:00,1.01160919240789
1971-08-31 00:00:00,1.01160919240789
1971-09-01 00:00:00,1.01160919240789
1971-09-02 00:00:00,1.01160919240789
1971-09-03 00:00:00,1.01160919240789
1971-09-07 00:00:00,1.01160919240789
1971-09-08 00:00:00,1.01160919240789
1971-09-09 00:00:00,1.01160919240789
1971-09-10 00:00:00,1.01160919240789
1971-09-13 00:00:00,1.01160919240789
1971-09-14 00:00:00,1.01160919240789
1971-09-15 00:00:00,1.01160919240789
1971-09-16 00:00:00,1.01160919240789
1971-09-17 00:00:00,1.01160919240789
1971-09-20 00:00:00,1.01160919240789
1971-09-21 00:00:00,1.01160919240789
1971-09-22 00:00:00,1.01160919240789
1971-09-23 00:00:00,1.01160919240789
1971-09-24 00:00:00,1.01160919240789
1971-09-27 00:00:00,1.01160919240789
1971-09-28 00:00:00,1.01160919240789
1971-09-29 00:00:00,1.01160919240789
1971-09-30 00:00:00,1.01160919240789
1971-10-01 00:00:00,1.01160919240789
1971-10-04 00:00:00,1.01160919240789
1971-10-05 00:00:00,1.01160919240789
1971-10-06 00:00:00,1.01160919240789
1971-10-07 00:00:00,1.01160919240789
1971-10-08 00:00:00,1.01160919240789
1971-10-12 00:00:00,1.01160919240789
1971-10-13 00:00:00,1.01160919240789
1971-10-14 00:00:00,1.01160919240789
1971-10-15 00:00:00,1.01160919240789
1971-10-18 00:00:00,1.01160919240789
1971-10-19 00:00:00,1.01160919240789
1971-10-20 00:00:00,1.01160919240789
1971-10-21 00:00:00,1.01160919240789
1971-10-22 00:00:00,1.01160919240789
1971-10-26 00:00:00,1.01160919240789
1971-10-27 00:00:00,1.01160919240789
1971-10-28 00:00:00,1.01160919240789
1971-10-29 00:00:00,1.01160919240789
1971-11-01 00:00:00,1.01160919240789
1971-11-03 00:00:00,1.01160919240789
1971-11-04 00:00:00,1.01160919240789
1971-11-05 00:00:00,1.01160919240789
1971-11-08 00:00:00,1.01160919240789
1971-11-09 00:00:00,1.01160919240789
1971-11-10 00:00:00,1.01160919240789
1971-11-11 00:00:00,1.01160919240789
1971-11-12 00:00:00,1.01160919240789
1971-11-15 00:00:00,1.01160919240789
1971-11-16 00:00:00,1.01160919240789
1971-11-17 00:00:00,1.01160919240789
1971-11-18 00:00:00,1.01160919240789
1971-11-19 00:00:00,1.01160919240789
1971-11-22 00:00:00,1.01160919240789
1971-11-23 00:00:00,1.01160919240789
1971-11-24 00:00:00,1.01160919240789
1971-11-26 00:00:00,1.01160919240789
1971-11-29 00:00:00,1.01160919240789
1971-11-30 00:00:00,1.01160919240789
1971-12-01 00:00:00,1.01160919240789
1971-12-02 00:00:00,1.01160919240789
1971-12-03 00:00:00,1.01160919240789
1971-12-06 00:00:00,1.01160919240789
1971-12-07 00:00:00,1.01160919240789
1971-12-08 00:00:00,1.01160919240789
1971-12-09 00:00:00,1.01160919240789
1971-12-10 00:00:00,1.01160919240789
1971-12-13 00:00:00,1.01160919240789
1971-12-14 00:00:00,1.01160919240789
1971-12-15 00:00:00,1.01160919240789
1971-12-16 00:00:00,1.01160919240789
1971-12-17 00:00:00,1.01160919240789
1971-12-21 00:00:00,1.01160919240789
1971-12-22 00:00:00,1.01160919240789
1971-12-23 00:00:00,1.01160919240789
1971-12-24 00:00:00,1.01160919240789
1971-12-27 00:00:00,1.01160919240789
1971-12-28 00:00:00,1.01160919240789
1971-12-29 00:00:00,1.01160919240789
1971-12-30 00:00:00,1.01160919240789
1971-12-31 00:00:00,1.01160919240789
1972-01-03 00:00:00,1.01160919240789
1972-01-04 00:00:00,1.01160919240789
1972-01-05 00:00:00,1.01160919240789
1972-01-06 00:00:00,1.01160919240789
1972-01-07 00:00:00,1.01160919240789
1972-01-10 00:00:00,1.01160919240789
1972-01-11 00:00:00,1.01160919240789
1972-01-12 00:00:00,1.01160919240789
1972-01-13 00:00:00,1.01160919240789
1972-01-14 00:00:00,1.01160919240789
1972-01-17 00:00:00,1.01160919240789
1972-01-18 00:00:00,1.01160919240789
1972-01-19 00:00:00,1.01160919240789
1972-01-20 00:00:00,1.01160919240789
1972-01-21 00:00:00,1.01160919240789
1972-01-24 00:00:00,1.01160919240789
1972-01-25 00:00:00,1.01160919240789
1972-01-26 00:00:00,1.01160919240789
1972-01-27 00:00:00,1.01160919240789
1972-01-28 00:00:00,1.01160919240789
1972-01-31 00:00:00,1.01160919240789
1972-02-01 00:00:00,1.01160919240789
1972-02-02 00:00:00,1.01160919240789
1972-02-03 00:00:00,1.01160919240789
1972-02-04 00:00:00,1.01160919240789
1972-02-07 00:00:00,1.01160919240789
1972-02-08 00:00:00,1.01160919240789
1972-02-09 00:00:00,1.01160919240789
1972-02-10 00:00:00,1.01160919240789
1972-02-11 00:00:00,1.01160919240789
1972-02-14 00:00:00,1.01160919240789
1972-02-15 00:00:00,1.01160919240789
1972-02-16 00:00:00,1.01160919240789
1972-02-17 00:00:00,1.01160919240789
1972-02-18 00:00:00,1.01160919240789
1972-02-22 00:00:00,1.01160919240789
1972-02-23 00:00:00,1.01160919240789
1972-02-24 00:00:00,1.01160919240789
1972-02-25 00:00:00,1.01160919240789
1972-02-28 00:00:00,1.01160919240789
1972-02-29 00:00:00,1.01160919240789
1972-03-01 00:00:00,1.01160919240789
1972-03-02 00:00:00,1.01160919240789
1972-03-03 00:00:00,1.01160919240789
1972-03-06 00:00:00,1.01160919240789
1972-03-07 00:00:00,1.01160919240789
1972-03-08 00:00:00,1.01160919240789
1972-03-09 00:00:00,1.01160919240789
1972-03-10 00:00:00,1.01160919240789
1972-03-13 00:00:00,1.01160919240789
1972-03-14 00:00:00,1.01160919240789
1972-03-15 00:00:00,1.01160919240789
1972-03-16 00:00:00,1.01160919240789
1972-03-17 00:00:00,1.01160919240789
1972-03-20 00:00:00,1.01160919240789
1972-03-21 00:00:00,1.01160919240789
1972-03-22 00:00:00,1.01160919240789
1972-03-23 00:00:00,1.01160919240789
1972-03-24 00:00:00,1.01160919240789
1972-03-27 00:00:00,1.01160919240789
1972-03-28 00:00:00,1.01160919240789
1972-03-29 00:00:00,1.01160919240789
1972-03-30 00:00:00,1.01160919240789
1972-03-31 00:00:00,1.01160919240789
1972-04-03 00:00:00,1.01160919240789
1972-04-04 00:00:00,1.01160919240789
1972-04-05 00:00:00,1.01160919240789
1972-04-06 00:00:00,1.01160919240789
1972-04-07 00:00:00,1.01160919240789
1972-04-10 00:00:00,1.01160919240789
1972-04-11 00:00:00,1.01160919240789
1972-04-12 00:00:00,1.01160919240789
1972-04-13 00:00:00,1.01160919240789
1972-04-14 00:00:00,1.01160919240789
1972-04-17 00:00:00,1.01160919240789
1972-04-18 00:00:00,1.01160919240789
1972-04-19 00:00:00,1.01160919240789
1972-04-20 00:00:00,1.01160919240789
1972-04-21 00:00:00,1.01160919240789
1972-04-24 00:00:00,1.01160919240789
1972-04-25 00:00:00,1.01160919240789
1972-04-26 00:00:00,1.01160919240789
1972-04-27 00:00:00,1.01160919240789
1972-04-28 00:00:00,1.01160919240789
1972-05-01 00:00:00,1.01160919240789
1972-05-02 00:00:00,1.01160919240789
1972-05-03 00:00:00,1.01160919240789
1972-05-04 00:00:00,1.01160919240789
1972-05-05 00:00:00,1.01160919240789
1972-05-08 00:00:00,1.01160919240789
1972-05-09 00:00:00,1.01160919240789
1972-05-10 00:00:00,1.01160919240789
1972-05-11 00:00:00,1.01160919240789
1972-05-12 00:00:00,1.01160919240789
1972-05-15 00:00:00,1.01160919240789
1972-05-16 00:00:00,1.01160919240789
1972-05-17 00:00:00,1.01160919240789
1972-05-18 00:00:00,1.01160919240789
1972-05-19 00:00:00,1.01160919240789
1972-05-22 00:00:00,1.01160919240789
1972-05-23 00:00:00,1.01160919240789
1972-05-24 00:00:00,1.01160919240789
1972-05-25 00:00:00,1.01160919240789
1972-05-26 00:00:00,1.01160919240789
1972-05-30 00:00:00,1.01160919240789
1972-05-31 00:00:00,1.01160919240789
1972-06-01 00:00:00,1.01160919240789
1972-06-02 00:00:00,1.01160919240789
1972-06-05 00:00:00,1.01160919240789
1972-06-06 00:00:00,1.01160919240789
1972-06-07 00:00:00,1.01160919240789
1972-06-08 00:00:00,1.01160919240789
1972-06-09 00:00:00,1.01160919240789
1972-06-12 00:00:00,1.01160919240789
1972-06-13 00:00:00,1.01160919240789
1972-06-14 00:00:00,1.01160919240789
1972-06-15 00:00:00,1.01160919240789
1972-06-16 00:00:00,1.01160919240789
1972-06-19 00:00:00,1.01160919240789
1972-06-20 00:00:00,1.01160919240789
1972-06-21 00:00:00,1.01160919240789
1972-06-22 00:00:00,1.01160919240789
1972-06-23 00:00:00,1.01160919240789
1972-06-26 00:00:00,1.01160919240789
1972-06-27 00:00:00,1.01160919240789
1972-06-28 00:00:00,1.01160919240789
1972-06-29 00:00:00,1.01160919240789
1972-06-30 00:00:00,1.01160919240789
1972-07-03 00:00:00,1.01160919240789
1972-07-05 00:00:00,1.01160919240789
1972-07-06 00:00:00,1.01160919240789
1972-07-07 00:00:00,1.01160919240789
1972-07-10 00:00:00,1.01160919240789
1972-07-11 00:00:00,1.01160919240789
1972-07-12 00:00:00,1.01160919240789
1972-07-13 00:00:00,1.01160919240789
1972-07-14 00:00:00,1.01160919240789
1972-07-17 00:00:00,1.01160919240789
1972-07-18 00:00:00,1.01160919240789
1972-07-19 00:00:00,1.01160919240789
1972-07-20 00:00:00,1.01160919240789
1972-07-21 00:00:00,1.01160919240789
1972-07-24 00:00:00,1.01160919240789
1972-07-25 00:00:00,1.01160919240789
1972-07-26 00:00:00,1.01160919240789
1972-07-27 00:00:00,1.01160919240789
1972-07-28 00:00:00,1.01160919240789
1972-07-31 00:00:00,1.01160919240789
1972-08-01 00:00:00,1.01160919240789
1972-08-02 00:00:00,1.01160919240789
1972-08-03 00:00:00,1.01160919240789
1972-08-04 00:00:00,1.01160919240789
1972-08-07 00:00:00,1.01160919240789
1972-08-08 00:00:00,1.01160919240789
1972-08-09 00:00:00,1.01160919240789
1972-08-10 00:00:00,1.01160919240789
1972-08-11 00:00:00,1.01160919240789
1972-08-14 00:00:00,1.01160919240789
1972-08-15 00:00:00,1.01160919240789
1972-08-16 00:00:00,1.01160919240789
1972-08-17 00:00:00,1.01160919240789
1972-08-18 00:00:00,1.01160919240789
1972-08-21 00:00:00,1.01160919240789
1972-08-22 00:00:00,1.01160919240789
1972-08-23 00:00:00,1.01160919240789
1972-08-24 00:00:00,1.01160919240789
1972-08-25 00:00:00,1.01160919240789
1972-08-28 00:00:00,1.01160919240789
1972-08-29 00:00:00,1.01160919240789
1972-08-30 00:00:00,1.01160919240789
1972-08-31 00:00:00,1.01160919240789
1972-09-01 00:00:00,1.01160919240789
1972-09-05 00:00:00,1.01160919240789
1972-09-06 00:00:00,1.01160919240789
1972-09-07 00:00:00,1.01160919240789
1972-09-08 00:00:00,1.01160919240789
1972-09-11 00:00:00,1.01160919240789
1972-09-12 00:00:00,1.01160919240789
1972-09-13 00:00:00,1.01160919240789
1972-09-14 00:00:00,1.01160919240789
1972-09-15 00:00:00,1.01160919240789
1972-09-18 00:00:00,1.01160919240789
1972-09-19 00:00:00,1.01160919240789
1972-09-20 00:00:00,1.01160919240789
1972-09-21 00:00:00,1.01160919240789
1972-09-22 00:00:00,1.01160919240789
1972-09-25 00:00:00,1.01160919240789
1972-09-26 00:00:00,1.01160919240789
1972-09-27 00:00:00,1.01160919240789
1972-09-28 00:00:00,1.01160919240789
1972-09-29 00:00:00,1.01160919240789
1972-10-02 00:00:00,1.01160919240789
1972-10-03 00:00:00,1.01160919240789
1972-10-04 00:00:00,1.01160919240789
1972-10-05 00:00:00,1.01160919240789
1972-10-06 00:00:00,1.01160919240789
1972-10-10 00:00:00,1.01160919240789
1972-10-11 00:00:00,1.01160919240789
1972-10-12 00:00:00,1.01160919240789
1972-10-13 00:00:00,1.01160919240789
1972-10-16 00:00:00,1.01160919240789
1972-10-17 00:00:00,1.01160919240789
1972-10-18 00:00:00,1.01160919240789
1972-10-19 00:00:00,1.0101216247286444
1972-10-20 00:00:00,1.010533296330355
1972-10-24 00:00:00,1.011924546983692
1972-10-25 00:00:00,1.011376638570555
1972-10-26 00:00:00,1.0110840945433812
1972-10-27 00:00:00,1.0112603616518874
1972-10-30 00:00:00,1.0109678176247137
1972-10-31 00:00:00,1.0111440847332198
1972-11-01 00:00:00,1.0113415376057922
1972-11-02 00:00:00,1.0112833991464585
1972-11-03 00:00:00,1.0109696693552184
1972-11-06 00:00:00,1.0109115308958847
1972-11-08 00:00:00,1.0107468579160983
1972-11-09 00:00:00,1.010795253977217
1972-11-10 00:00:00,1.010268195726202
1972-11-13 00:00:00,1.009847412297907
1972-11-14 00:00:00,1.0096612194403483
1972-11-15 00:00:00,1.0093682304332834
1972-11-16 00:00:00,1.0095449425216807
1972-11-17 00:00:00,1.0092519535146158
1972-11-20 00:00:00,1.009321928857333
1972-11-21 00:00:00,1.0091356765959483
1972-11-22 00:00:00,1.0093123886843456
1972-11-24 00:00:00,1.0090193996772807
1972-11-27 00:00:00,1.009196111765678
1972-11-28 00:00:00,1.0091379733063441
1972-11-29 00:00:00,1.008610024785966
1972-11-30 00:00:00,1.0080602548979942
1972-12-01 00:00:00,1.008963557928343
1972-12-04 00:00:00,1.0093961188361953
1972-12-05 00:00:00,1.0093379803768614
1972-12-06 00:00:00,1.0087891425503415
1972-12-07 00:00:00,1.0092217034581938
1972-12-08 00:00:00,1.0090356023253126
1972-12-11 00:00:00,1.0082090077893973
1972-12-12 00:00:00,1.0088126651247826
1972-12-13 00:00:00,1.008754526665449
1972-12-14 00:00:00,1.008696388206115
1972-12-15 00:00:00,1.0086382497467814
1972-12-18 00:00:00,1.0083240348756712
1972-12-19 00:00:00,1.0082658964163373
1972-12-20 00:00:00,1.0079729074092725
1972-12-21 00:00:00,1.0076798094366255
1972-12-22 00:00:00,1.0076216709772916
1972-12-26 00:00:00,1.007563532517958
1972-12-27 00:00:00,1.007377188369323
1972-12-28 00:00:00,1.0076822151126035
1972-12-29 00:00:00,1.0078589272010008
1973-01-02 00:00:00,1.0078007887416671
1973-01-03 00:00:00,1.0077426502823332
1973-01-04 00:00:00,1.0076845118229996
1973-01-05 00:00:00,1.0075196366179855
1973-01-08 00:00:00,1.0084213195427467
1973-01-09 00:00:00,1.0085336255473694
1973-01-10 00:00:00,1.0079426573528505
1973-01-11 00:00:00,1.0079911297425668
1973-01-12 00:00:00,1.007826380434183
1973-01-15 00:00:00,1.008130627246078
1973-01-16 00:00:00,1.008434614639103
1973-01-17 00:00:00,1.007886479280023
1973-01-18 00:00:00,1.0078283408206892
1973-01-19 00:00:00,1.0080046079291953
1973-01-22 00:00:00,1.0074775496781803
1973-01-23 00:00:00,1.0069287118516603
1973-01-24 00:00:00,1.0068705733923264
1973-01-25 00:00:00,1.0057440538960563
1973-01-26 00:00:00,1.0057928549839765
1973-01-29 00:00:00,1.0033338496152646
1973-01-30 00:00:00,0.9989600376572123
1973-01-31 00:00:00,0.9983599903783733
1973-02-01 00:00:00,0.9983599903783733
1973-02-02 00:00:00,0.9983599903783733
1973-02-05 00:00:00,0.9978934769273351
1973-02-06 00:00:00,0.9983599903783733
1973-02-07 00:00:00,0.9988269402218649
1973-02-08 00:00:00,0.9984872970313446
1973-02-09 00:00:00,0.9988269402218649
1973-02-13 00:00:00,1.0335897654210948
1973-02-14 00:00:00,1.0426980008765876
1973-02-15 00:00:00,1.0426980008765876
1973-02-16 00:00:00,1.0426980008765876
1973-02-20 00:00:00,1.0426980008765876
1973-02-21 00:00:00,1.0426980008765876
1973-02-22 00:00:00,1.0426980008765876
1973-02-23 00:00:00,1.0426980008765876
1973-02-26 00:00:00,1.0426980008765876
1973-02-27 00:00:00,1.0426980008765876
1973-02-28 00:00:00,1.0426980008765876
1973-03-01 00:00:00,1.0426980008765876
1973-03-02 00:00:00,1.0426980008765876
1973-03-05 00:00:00,1.0426980008765876
1973-03-06 00:00:00,1.0426980008765876
1973-03-07 00:00:00,1.0426980008765876
1973-03-08 00:00:00,1.0426980008765876
1973-03-09 00:00:00,1.0426980008765876
1973-03-12 00:00:00,1.0426980008765876
1973-03-13 00:00:00,1.0426980008765876
1973-03-14 00:00:00,1.0426980008765876
1973-03-15 00:00:00,1.0426980008765876
1973-03-16 00:00:00,1.0426980008765876
1973-03-19 00:00:00,1.0426980008765876
1973-03-20 00:00:00,1.0426980008765876
1973-03-21 00:00:00,1.0426980008765876
1973-03-22 00:00:00,1.0426980008765876
1973-03-23 00:00:00,1.0426980008765876
1973-03-26 00:00:00,1.0426980008765876
1973-03-27 00:00:00,1.0426980008765876
1973-03-28 00:00:00,1.0426980008765876
1973-03-29 00:00:00,1.0426980008765876
1973-03-30 00:00:00,1.0426980008765876
1973-04-02 00:00:00,1.0426980008765876
1973-04-03 00:00:00,1.0426980008765876
1973-04-04 00:00:00,1.0426980008765876
1973-04-05 00:00:00,1.0426980008765876
1973-04-06 00:00:00,1.0426980008765876
1973-04-09 00:00:00,1.0426980008765876
1973-04-10 00:00:00,1.0426980008765876
1973-04-11 00:00:00,1.0426980008765876
1973-04-12 00:00:00,1.0426980008765876
1973-04-13 00:00:00,1.0426980008765876
1973-04-16 00:00:00,1.0426980008765876
1973-04-17 00:00:00,1.0426980008765876
1973-04-18 00:00:00,1.0426980008765876
1973-04-19 00:00:00,1.0426980008765876
1973-04-20 00:00:00,1.0426980008765876
1973-04-23 00:00:00,1.0426980008765876
1973-04-24 00:00:00,1.0426980008765876
1973-04-25 00:00:00,1.0426980008765876
1973-04-26 00:00:00,1.0426980008765876
1973-04-27 00:00:00,1.0426980008765876
1973-04-30 00:00:00,1.0426980008765876
1973-05-01 00:00:00,1.0426980008765876
1973-05-02 00:00:00,1.0426980008765876
1973-05-03 00:00:00,1.0426980008765876
1973-05-04 00:00:00,1.0426980008765876
1973-05-07 00:00:00,1.0426980008765876
1973-05-08 00:00:00,1.0426980008765876
1973-05-09 00:00:00,1.0426980008765876
1973-05-10 00:00:00,1.0426980008765876
1973-05-11 00:00:00,1.0426980008765876
1973-05-14 00:00:00,1.0426980008765876
1973-05-15 00:00:00,1.0426980008765876
1973-05-16 00:00:00,1.0426980008765876
1973-05-17 00:00:00,1.0426980008765876
1973-05-18 00:00:00,1.0426980008765876
1973-05-21 00:00:00,1.0426980008765876
1973-05-22 00:00:00,1.0426980008765876
1973-05-23 00:00:00,1.0426980008765876
1973-05-24 00:00:00,1.0426980008765876
1973-05-25 00:00:00,1.0426980008765876
1973-05-29 00:00:00,1.0426980008765876
1973-05-30 00:00:00,1.0426980008765876
1973-05-31 00:00:00,1.0426980008765876
1973-06-01 00:00:00,1.0426980008765876
1973-06-04 00:00:00,1.0426980008765876
1973-06-05 00:00:00,1.0426980008765876
1973-06-06 00:00:00,1.0426980008765876
1973-06-07 00:00:00,1.0426980008765876
1973-06-08 00:00:00,1.0426980008765876
1973-06-11 00:00:00,1.0426980008765876
1973-06-12 00:00:00,1.0426980008765876
1973-06-13 00:00:00,1.0426980008765876
1973-06-14 00:00:00,1.0426980008765876
1973-06-15 00:00:00,1.0426980008765876
1973-06-18 00:00:00,1.0426980008765876
1973-06-19 00:00:00,1.0426980008765876
1973-06-20 00:00:00,1.0426980008765876
1973-06-21 00:00:00,1.0426980008765876
1973-06-22 00:00:00,1.0426980008765876
1973-06-25 00:00:00,1.0426980008765876
1973-06-26 00:00:00,1.0426980008765876
1973-06-27 00:00:00,1.0426980008765876
1973-06-28 00:00:00,1.0426980008765876
1973-06-29 00:00:00,1.0426980008765876
1973-07-02 00:00:00,1.0426980008765876
1973-07-03 00:00:00,1.0426980008765876
1973-07-05 00:00:00,1.0426980008765876
1973-07-06 00:00:00,1.0426980008765876
1973-07-09 00:00:00,1.0426980008765876
1973-07-10 00:00:00,1.0426980008765876
1973-07-11 00:00:00,1.0426980008765876
1973-07-12 00:00:00,1.0426980008765876
1973-07-13 00:00:00,1.0426980008765876
1973-07-16 00:00:00,1.0426980008765876
1973-07-17 00:00:00,1.0426980008765876
1973-07-18 00:00:00,1.0426980008765876
1973-07-19 00:00:00,1.0426980008765876
1973-07-20 00:00:00,1.0426980008765876
1973-07-23 00:00:00,1.0426980008765876
1973-07-24 00:00:00,1.0426980008765876
1973-07-25 00:00:00,1.0426980008765876
1973-07-26 00:00:00,1.0426980008765876
1973-07-27 00:00:00,1.0426980008765876
1973-07-30 00:00:00,1.0426980008765876
1973-07-31 00:00:00,1.0426980008765876
1973-08-01 00:00:00,1.0426980008765876
1973-08-02 00:00:00,1.0426980008765876
1973-08-03 00:00:00,1.0426980008765876
1973-08-06 00:00:00,1.0426980008765876
1973-08-07 00:00:00,1.0426980008765876
1973-08-08 00:00:00,1.0426980008765876
1973-08-09 00:00:00,1.0426980008765876
1973-08-10 00:00:00,1.0426980008765876
1973-08-13 00:00:00,1.0426980008765876
1973-08-14 00:00:00,1.0426980008765876
1973-08-15 00:00:00,1.0426980008765876
1973-08-16 00:00:00,1.0426980008765876
1973-08-17 00:00:00,1.0426980008765876
1973-08-20 00:00:00,1.0426980008765876
1973-08-21 00:00:00,1.0426980008765876
1973-08-22 00:00:00,1.0426980008765876
1973-08-23 00:00:00,1.0426980008765876
1973-08-24 00:00:00,1.0426980008765876
1973-08-27 00:00:00,1.0426980008765876
1973-08-28 00:00:00,1.0426980008765876
1973-08-29 00:00:00,1.0426980008765876
1973-08-30 00:00:00,1.0426980008765876
1973-08-31 00:00:00,1.0426980008765876
1973-09-04 00:00:00,1.0426980008765876
1973-09-05 00:00:00,1.0426980008765876
1973-09-06 00:00:00,1.0426980008765876
1973-09-07 00:00:00,1.0426980008765876
1973-09-10 00:00:00,1.0426980008765876
1973-09-11 00:00:00,1.0426980008765876
1973-09-12 00:00:00,1.0426980008765876
1973-09-13 00:00:00,1.0426980008765876
1973-09-14 00:00:00,1.0426980008765876
1973-09-17 00:00:00,1.0426980008765876
1973-09-18 00:00:00,1.0426980008765876
1973-09-19 00:00:00,1.0426980008765876
1973-09-20 00:00:00,1.0426980008765876
1973-09-21 00:00:00,1.0426980008765876
1973-09-24 00:00:00,1.0426980008765876
1973-09-25 00:00:00,1.0426980008765876
1973-09-26 00:00:00,1.0426980008765876
1973-09-27 00:00:00,1.0426980008765876
1973-09-28 00:00:00,1.0426980008765876
1973-10-01 00:00:00,1.0426980008765876
1973-10-02 00:00:00,1.0426980008765876
1973-10-03 00:00:00,1.0426980008765876
1973-10-04 00:00:00,1.0426980008765876
1973-10-05 00:00:00,1.0426980008765876
1973-10-09 00:00:00,1.0426980008765876
1973-10-10 00:00:00,1.0426980008765876
1973-10-11 00:00:00,1.0426980008765876
1973-10-12 00:00:00,1.0426980008765876
1973-10-15 00:00:00,1.0426980008765876
1973-10-16 00:00:00,1.0426980008765876
1973-10-17 00:00:00,1.0426980008765876
1973-10-18 00:00:00,1.0426980008765876
1973-10-19 00:00:00,1.0426980008765876
1973-10-23 00:00:00,1.0426980008765876
1973-10-24 00:00:00,1.0426980008765876
1973-10-25 00:00:00,1.0426980008765876
1973-10-26 00:00:00,1.0426980008765876
1973-10-29 00:00:00,1.0426980008765876
1973-10-30 00:00:00,1.0426980008765876
1973-10-31 00:00:00,1.0426980008765876
1973-11-01 00:00:00,1.0426980008765876
1973-11-02 00:00:00,1.0426980008765876
1973-11-05 00:00:00,1.0426980008765876
1973-11-07 00:00:00,1.0426980008765876
1973-11-08 00:00:00,1.0426980008765876
1973-11-09 00:00:00,1.0426980008765876
1973-11-12 00:00:00,1.0426980008765876
1973-11-13 00:00:00,1.0380655700245605
1973-11-14 00:00:00,1.0192082946146839
1973-11-15 00:00:00,1.027850964191555
1973-11-16 00:00:00,1.0259591518707118
1973-11-19 00:00:00,1.0304792226513324
1973-11-20 00:00:00,1.0322595625210276
1973-11-21 00:00:00,1.0395445923824984
1973-11-23 00:00:00,1.058740099499574
1973-11-26 00:00:00,1.053161855010467
1973-11-27 00:00:00,1.045313523882041
1973-11-28 00:00:00,1.0489168102052473
1973-11-29 00:00:00,1.048412106053431
1973-11-30 00:00:00,1.048352180880967
1973-12-03 00:00:00,1.0570007535148205
1973-12-04 00:00:00,1.0693169132036087
1973-12-05 00:00:00,1.063765740785487
1973-12-06 00:00:00,1.0623180136615105
1973-12-07 00:00:00,1.066387620853328
1973-12-10 00:00:00,1.070916916756916
1973-12-11 00:00:00,1.069937973694355
1973-12-12 00:00:00,1.0703265580843786
1973-12-13 00:00:00,1.0702666329119144
1973-12-14 00:00:00,1.0738918313814823
1973-12-17 00:00:00,1.0807054654648154
1973-12-18 00:00:00,1.0811063013415614
1973-12-19 00:00:00,1.0838020791626763
1973-12-20 00:00:00,1.080986450996633
1973-12-21 00:00:00,1.0767864899112451
1973-12-24 00:00:00,1.0758191400006165
1973-12-26 00:00:00,1.0817269290677691
1973-12-27 00:00:00,1.08120708832525
1973-12-28 00:00:00,1.081607078722841
1973-12-31 00:00:00,1.0824657196691632
1974-01-02 00:00:00,1.1039360281914283
1974-01-03 00:00:00,1.108933577079199
1974-01-04 00:00:00,1.1084179249054376
1974-01-07 00:00:00,1.1358687980862348
1974-01-08 00:00:00,1.1367278320200127
1974-01-09 00:00:00,1.1270386417119909
1974-01-10 00:00:00,1.1237587156021254
1974-01-11 00:00:00,1.1616297287561068
1974-01-14 00:00:00,1.1337258896596947
1974-01-15 00:00:00,1.1396208693033172
1974-01-16 00:00:00,1.1281124080173064
1974-01-17 00:00:00,1.1312615131097332
1974-01-18 00:00:00,1.131655442895899
1974-01-21 00:00:00,1.141684343128759
1974-01-22 00:00:00,1.1370457582160554
1974-01-23 00:00:00,1.1411008929519217
1974-01-24 00:00:00,1.1332464882799813
1974-01-25 00:00:00,1.1363978587524204
1974-01-28 00:00:00,1.1271756478977706
1974-01-29 00:00:00,1.1293981446059465
1974-01-30 00:00:00,1.1261397641250284
1974-01-31 00:00:00,1.114601866712755
1974-02-01 00:00:00,1.1168432782622357
1974-02-04 00:00:00,1.10715949628369
1974-02-05 00:00:00,1.112130265640443
1974-02-06 00:00:00,1.1157483542835278
1974-02-07 00:00:00,1.1166035775723788
1974-02-08 00:00:00,1.1119504901230506
1974-02-11 00:00:00,1.1118905649505864
1974-02-13 00:00:00,1.1003747104406099
1974-02-14 00:00:00,1.096647363832256
1974-02-15 00:00:00,1.0979606555784407
1974-02-19 00:00:00,1.0965275134873278
1974-02-20 00:00:00,1.0937096185680717
1974-02-21 00:00:00,1.0918166857754563
1974-02-22 00:00:00,1.0844212024950461
1974-02-25 00:00:00,1.0967530229954536
1974-02-26 00:00:00,1.090268389850241
1974-02-27 00:00:00,1.0952574172737508
1974-02-28 00:00:00,1.0915170599131354
1974-03-01 00:00:00,1.096513322305597
1974-03-04 00:00:00,1.0955225368504484
1974-03-05 00:00:00,1.0890471612936758
1974-03-06 00:00:00,1.0903583016506428
1974-03-07 00:00:00,1.0930504416709659
1974-03-08 00:00:00,1.0920748623642451
1974-03-11 00:00:00,1.0888074606038192
1974-03-12 00:00:00,1.0882968270486237
1974-03-13 00:00:00,1.0868607843585085
1974-03-14 00:00:00,1.0918351616743884
1974-03-15 00:00:00,1.0890180590313039
1974-03-18 00:00:00,1.0871329679560509
1974-03-19 00:00:00,1.0838573657865525
1974-03-20 00:00:00,1.0728084627440702
1974-03-21 00:00:00,1.055322180064741
1974-03-22 00:00:00,1.0598454001777171
1974-03-25 00:00:00,1.0446504976840172
1974-03-26 00:00:00,1.0468765817348862
1974-03-27 00:00:00,1.0537063850125834
1974-03-28 00:00:00,1.0362231567094566
1974-03-29 00:00:00,1.043498241911369
1974-04-01 00:00:00,1.0457283530392647
1974-04-02 00:00:00,1.0387913796771737
1974-04-03 00:00:00,1.0451419707458953
1974-04-04 00:00:00,1.0487562143466074
1974-04-05 00:00:00,1.0482326479720447
1974-04-08 00:00:00,1.0454287271769438
1974-04-09 00:00:00,1.0545431528227067
1974-04-10 00:00:00,1.0512665817539661
1974-04-11 00:00:00,1.047528888798835
1974-04-12 00:00:00,1.0474689636263708
1974-04-15 00:00:00,1.0465029220708997
1974-04-16 00:00:00,1.0469078707021826
1974-04-17 00:00:00,1.041805049523062
1974-04-18 00:00:00,1.0385210020654196
1974-04-19 00:00:00,1.0384610768929554
1974-04-22 00:00:00,1.035655525243943
1974-04-23 00:00:00,1.0209155670442496
1974-04-24 00:00:00,1.0204161819998738
1974-04-25 00:00:00,1.023084756791705
1974-04-26 00:00:00,1.015709137257927
1974-04-29 00:00:00,1.0037156943383898
1974-04-30 00:00:00,1.006419885419174
1974-05-01 00:00:00,1.0068109171603323
1974-05-02 00:00:00,1.011785833715672
1974-05-03 00:00:00,1.0112791802433436
1974-05-06 00:00:00,1.0006629842876125
1974-05-07 00:00:00,1.0065712164704756
1974-05-08 00:00:00,0.995045600548672
1974-05-09 00:00:00,0.9940639613957842
1974-05-10 00:00:00,0.9967644836370196
1974-05-13 00:00:00,0.9824721145112238
1974-05-14 00:00:00,0.9824121893387596
1974-05-15 00:00:00,1.0085106438701419
1974-05-16 00:00:00,1.0047726233527834
1974-05-17 00:00:00,1.003808079654646
1974-05-20 00:00:00,1.0097005522466849
1974-05-21 00:00:00,1.0045928478353907
1974-05-22 00:00:00,1.0031502513274562
1974-05-23 00:00:00,0.9998839570455783
1974-05-24 00:00:00,1.003030400982528
1974-05-28 00:00:00,1.017202883149426
1974-05-29 00:00:00,1.0318142451346202
1974-05-30 00:00:00,1.0257853545323863
1974-05-31 00:00:00,1.017929178760513
1974-06-03 00:00:00,1.0123600314309147
1974-06-04 00:00:00,1.0219282524178295
1974-06-05 00:00:00,1.022329399196205
1974-06-06 00:00:00,1.0181541562168765
1974-06-07 00:00:00,1.0208494419796121
1974-06-10 00:00:00,1.0262812082100492
1974-06-11 00:00:00,1.0248476897769785
1974-06-12 00:00:00,1.0279872447312577
1974-06-13 00:00:00,1.0251861028077447
1974-06-14 00:00:00,1.0264985750709266
1974-06-17 00:00:00,1.029196644499863
1974-06-18 00:00:00,1.030975292720122
1974-06-19 00:00:00,1.0258617320028
1974-06-20 00:00:00,1.0258018068303358
1974-06-21 00:00:00,1.031248198593146
1974-06-24 00:00:00,1.038072786942664
1974-06-25 00:00:00,1.030675666857801
1974-06-26 00:00:00,1.0374826785056628
1974-06-27 00:00:00,1.032839042138127
1974-06-28 00:00:00,1.035076018984395
1974-07-01 00:00:00,1.0350160938119308
1974-07-02 00:00:00,1.03037604099548
1974-07-03 00:00:00,1.027088367144295
1974-07-05 00:00:00,1.0334641304386427
1974-07-08 00:00:00,1.0329301977649277
1974-07-09 00:00:00,1.034243708062471
1974-07-10 00:00:00,1.033734263038534
1974-07-11 00:00:00,1.0341238577175424
1974-07-12 00:00:00,1.0308615357085509
1974-07-15 00:00:00,1.0266688909370458
1974-07-16 00:00:00,1.0266089657645816
1974-07-17 00:00:00,1.0256368912591352
1974-07-18 00:00:00,1.0251202961042505
1974-07-19 00:00:00,1.0269086323236973
1974-07-22 00:00:00,1.0254571157417425
1974-07-23 00:00:00,1.0217326696472935
1974-07-24 00:00:00,1.007451417872191
1974-07-25 00:00:00,1.019309470926462
1974-07-26 00:00:00,1.0233883476338195
1974-07-29 00:00:00,1.0247008198970013
1974-07-30 00:00:00,1.0246408947245371
1974-07-31 00:00:00,1.0250376395344933
1974-08-01 00:00:00,1.0268243698551398
1974-08-02 00:00:00,1.0267644446826756
1974-08-05 00:00:00,1.0257700133500833
1974-08-06 00:00:00,1.0234267356730353
1974-08-07 00:00:00,1.0265846691652831
1974-08-08 00:00:00,1.031101212136666
1974-08-09 00:00:00,1.0287580613389475
1974-08-12 00:00:00,1.0300550052647897
1974-08-13 00:00:00,1.0341389868375714
1974-08-14 00:00:00,1.0349980826511596
1974-08-15 00:00:00,1.0363019064639036
1974-08-16 00:00:00,1.0385381300926717
1974-08-19 00:00:00,1.043989355772236
1974-08-20 00:00:00,1.043929430599772
1974-08-21 00:00:00,1.0443087883823448
1974-08-22 00:00:00,1.0465547158737702
1974-08-23 00:00:00,1.046034446953877
1974-08-26 00:00:00,1.0423000558980917
1974-08-27 00:00:00,1.0500428945632887
1974-08-28 00:00:00,1.0499829693908245
1974-08-29 00:00:00,1.0508359429966487
1974-08-30 00:00:00,1.0498631190458962
1974-09-03 00:00:00,1.0511719315831745
1974-09-04 00:00:00,1.0511120064107102
1974-09-05 00:00:00,1.0542768877029207
1974-09-06 00:00:00,1.050992156065782
1974-09-09 00:00:00,1.053681412168423
1974-09-10 00:00:00,1.0513277384059057
1974-09-11 00:00:00,1.0517228402149237
1974-09-12 00:00:00,1.0521402573274377
1974-09-13 00:00:00,1.0497804455503503
1974-09-16 00:00:00,1.0483493370191126
1974-09-17 00:00:00,1.0455359879418795
1974-09-18 00:00:00,1.0440937924617961
1974-09-19 00:00:00,1.0458760690624043
1974-09-20 00:00:00,1.0471934701255827
1974-09-23 00:00:00,1.0452962872520226
1974-09-24 00:00:00,1.0452363620795586
1974-09-25 00:00:00,1.0470136946081903
1974-09-26 00:00:00,1.046953769435726
1974-09-27 00:00:00,1.0464351463260428
1974-09-30 00:00:00,1.044996661389702
1974-10-01 00:00:00,1.0408019265864874
1974-10-02 00:00:00,1.0412056426161218
1974-10-03 00:00:00,1.0360928232979145
1974-10-04 00:00:00,1.0291549118996848
1974-10-07 00:00:00,1.0300189023457553
1974-10-08 00:00:00,1.029958977173291
1974-10-09 00:00:00,1.0244026307027292
1974-10-10 00:00:00,1.0316820547665404
1974-10-11 00:00:00,1.032070060767459
1974-10-15 00:00:00,1.0278935577369368
1974-10-16 00:00:00,1.023708260887003
1974-10-17 00:00:00,1.0231932716309187
1974-10-18 00:00:00,1.0240430796679443
1974-10-21 00:00:00,1.0276538570470801
1974-10-22 00:00:00,1.0280450283409932
1974-10-23 00:00:00,1.0224741288645538
1974-10-24 00:00:00,1.0228936457685978
1974-10-25 00:00:00,1.0232887846797536
1974-10-28 00:00:00,1.0245916840666076
1974-10-29 00:00:00,1.0222344281746971
1974-10-30 00:00:00,1.0244718337216792
1974-10-31 00:00:00,1.0244119085492152
1974-11-01 00:00:00,1.0215987762569247
1974-11-04 00:00:00,1.0183365843310526
1974-11-06 00:00:00,1.0159773309150029
1974-11-07 00:00:00,1.0145572988708742
1974-11-08 00:00:00,1.0172382817124805
1974-11-12 00:00:00,1.0157975553976104
1974-11-13 00:00:00,1.0175778952673056
1974-11-14 00:00:00,1.0097257555363188
1974-11-15 00:00:00,1.0064425152242813
1974-11-18 00:00:00,0.9848539373984226
1974-11-19 00:00:00,0.9989918210352315
1974-11-20 00:00:00,1.008577633965337
1974-11-21 00:00:00,1.015378079190361
1974-11-22 00:00:00,1.0038674504638558
1974-11-25 00:00:00,0.9983015426704199
1974-11-26 00:00:00,0.9950265443310848
1974-11-27 00:00:00,0.999557268499323
1974-11-29 00:00:00,0.9944530264027575
1974-12-02 00:00:00,1.0003608204150145
1974-12-03 00:00:00,0.9952401285621855
1974-12-04 00:00:00,0.9906046898810142
1974-12-05 00:00:00,0.99054476470855
1974-12-06 00:00:00,0.9932449154464181
1974-12-09 00:00:00,0.9867567947950145
1974-12-10 00:00:00,0.9816638865085154
1974-12-11 00:00:00,0.9820423482894247
1974-12-12 00:00:00,0.9801491647429006
1974-12-13 00:00:00,0.9796493726021882
1974-12-16 00:00:00,0.9786567904488273
1974-12-17 00:00:00,0.9639337371449306
1974-12-18 00:00:00,0.9666100526878392
1974-12-19 00:00:00,0.9697736323033564
1974-12-20 00:00:00,0.9655884767238342
1974-12-23 00:00:00,0.9623074666972831
1974-12-24 00:00:00,0.9599467164210486
1974-12-26 00:00:00,0.9589745211378614
1974-12-27 00:00:00,0.9497632407505335
1974-12-30 00:00:00,0.9392815045275799
1974-12-31 00:00:00,0.9392815045275799
1975-01-02 00:00:00,0.9392815045275799
1975-01-03 00:00:00,0.9392815045275799
1975-01-06 00:00:00,0.9392815045275799
1975-01-07 00:00:00,0.9392815045275799
1975-01-08 00:00:00,0.9392815045275799
1975-01-09 00:00:00,0.9392815045275799
1975-01-10 00:00:00,0.9392815045275799
1975-01-13 00:00:00,0.9392815045275799
1975-01-14 00:00:00,0.9392815045275799
1975-01-15 00:00:00,0.9392815045275799
1975-01-16 00:00:00,0.9392815045275799
1975-01-17 00:00:00,0.9392815045275799
1975-01-20 00:00:00,0.9392815045275799
1975-01-21 00:00:00,0.9392815045275799
1975-01-22 00:00:00,0.9392815045275799
1975-01-23 00:00:00,0.9392815045275799
1975-01-24 00:00:00,0.9392815045275799
1975-01-27 00:00:00,0.9392815045275799
1975-01-28 00:00:00,0.9392815045275799
1975-01-29 00:00:00,0.9392815045275799
1975-01-30 00:00:00,0.9392815045275799
1975-01-31 00:00:00,0.9392815045275799
1975-02-03 00:00:00,0.9392815045275799
1975-02-04 00:00:00,0.9392815045275799
1975-02-05 00:00:00,0.9392815045275799
1975-02-06 00:00:00,0.9392815045275799
1975-02-07 00:00:00,0.9392815045275799
1975-02-10 00:00:00,0.9392815045275799
1975-02-11 00:00:00,0.9392815045275799
1975-02-13 00:00:00,0.9392815045275799
1975-02-14 00:00:00,0.9392815045275799
1975-02-18 00:00:00,0.9392815045275799
1975-02-19 00:00:00,0.9392815045275799
1975-02-20 00:00:00,0.9392815045275799
1975-02-21 00:00:00,0.9392815045275799
1975-02-24 00:00:00,0.9392815045275799
1975-02-25 00:00:00,0.9392815045275799
1975-02-26 00:00:00,0.9392815045275799
1975-02-27 00:00:00,0.9392815045275799
1975-02-28 00:00:00,0.9392815045275799
1975-03-03 00:00:00,0.9392815045275799
1975-03-04 00:00:00,0.9392815045275799
1975-03-05 00:00:00,0.9392815045275799
1975-03-06 00:00:00,0.9392815045275799
1975-03-07 00:00:00,0.9392815045275799
1975-03-10 00:00:00,0.9392815045275799
1975-03-11 00:00:00,0.9392815045275799
1975-03-12 00:00:00,0.9392815045275799
1975-03-13 00:00:00,0.9392815045275799
1975-03-14 00:00:00,0.9392815045275799
1975-03-17 00:00:00,0.9392815045275799
1975-03-18 00:00:00,0.9392815045275799
1975-03-19 00:00:00,0.9392815045275799
1975-03-20 00:00:00,0.9392815045275799
1975-03-21 00:00:00,0.9392815045275799
1975-03-24 00:00:00,0.9392815045275799
1975-03-25 00:00:00,0.9392815045275799
1975-03-26 00:00:00,0.9392815045275799
1975-03-27 00:00:00,0.9392815045275799
1975-03-28 00:00:00,0.9392815045275799
1975-03-31 00:00:00,0.9392815045275799
1975-04-01 00:00:00,0.9392815045275799
1975-04-02 00:00:00,0.9392815045275799
1975-04-03 00:00:00,0.9392815045275799
1975-04-04 00:00:00,0.9392815045275799
1975-04-07 00:00:00,0.9392815045275799
1975-04-08 00:00:00,0.9392815045275799
1975-04-09 00:00:00,0.9392815045275799
1975-04-10 00:00:00,0.9392815045275799
1975-04-11 00:00:00,0.9392815045275799
1975-04-14 00:00:00,0.9392815045275799
1975-04-15 00:00:00,0.9392815045275799
1975-04-16 00:00:00,0.9392815045275799
1975-04-17 00:00:00,0.9392815045275799
1975-04-18 00:00:00,0.9392815045275799
1975-04-21 00:00:00,0.9392815045275799
1975-04-22 00:00:00,0.9392815045275799
1975-04-23 00:00:00,0.9392815045275799
1975-04-24 00:00:00,0.9392815045275799
1975-04-25 00:00:00,0.9392815045275799
1975-04-28 00:00:00,0.9392815045275799
1975-04-29 00:00:00,0.9392815045275799
1975-04-30 00:00:00,0.9392815045275799
1975-05-01 00:00:00,0.9392815045275799
1975-05-02 00:00:00,0.9392815045275799
1975-05-05 00:00:00,0.9392815045275799
1975-05-06 00:00:00,0.9392815045275799
1975-05-07 00:00:00,0.9392815045275799
1975-05-08 00:00:00,0.9392815045275799
1975-05-09 00:00:00,0.9392815045275799
1975-05-12 00:00:00,0.9392815045275799
1975-05-13 00:00:00,0.9392815045275799
1975-05-14 00:00:00,0.9392815045275799
1975-05-15 00:00:00,0.9392815045275799
1975-05-16 00:00:00,0.9392815045275799
1975-05-19 00:00:00,0.9392815045275799
1975-05-20 00:00:00,0.9392815045275799
1975-05-21 00:00:00,0.9392815045275799
1975-05-22 00:00:00,0.9392815045275799
1975-05-23 00:00:00,0.9392815045275799
1975-05-27 00:00:00,0.9392815045275799
1975-05-28 00:00:00,0.9392815045275799
1975-05-29 00:00:00,0.9392815045275799
1975-05-30 00:00:00,0.9392815045275799
1975-06-02 00:00:00,0.9392815045275799
1975-06-03 00:00:00,0.9392815045275799
1975-06-04 00:00:00,0.9392815045275799
1975-06-05 00:00:00,0.9392815045275799
1975-06-06 00:00:00,0.9392815045275799
1975-06-09 00:00:00,0.9392815045275799
1975-06-10 00:00:00,0.9392815045275799
1975-06-11 00:00:00,0.9392815045275799
1975-06-12 00:00:00,0.9392815045275799
1975-06-13 00:00:00,0.9392815045275799
1975-06-16 00:00:00,0.9392815045275799
1975-06-17 00:00:00,0.9392815045275799
1975-06-18 00:00:00,0.9392815045275799
1975-06-19 00:00:00,0.9392815045275799
1975-06-20 00:00:00,0.9392815045275799
1975-06-23 00:00:00,0.9392815045275799
1975-06-24 00:00:00,0.9392815045275799
1975-06-25 00:00:00,0.9392815045275799
1975-06-26 00:00:00,0.9392815045275799
1975-06-27 00:00:00,0.9392815045275799
1975-06-30 00:00:00,0.9392815045275799
1975-07-01 00:00:00,0.9392815045275799
1975-07-02 00:00:00,0.9392815045275799
1975-07-03 00:00:00,0.9392815045275799
1975-07-07 00:00:00,0.9392815045275799
1975-07-08 00:00:00,0.9392815045275799
1975-07-09 00:00:00,0.9392815045275799
1975-07-10 00:00:00,0.9392815045275799
1975-07-11 00:00:00,0.9392815045275799
1975-07-14 00:00:00,0.9441880315110851
1975-07-15 00:00:00,0.9460490157448406
1975-07-16 00:00:00,0.954002100998578
1975-07-17 00:00:00,0.9604539056247374
1975-07-18 00:00:00,0.96231408070101
1975-07-21 00:00:00,0.9668477494185203
1975-07-22 00:00:00,0.9687025770265375
1975-07-23 00:00:00,0.9747546695864518
1975-07-24 00:00:00,0.9762357009176
1975-07-25 00:00:00,0.9735134228739547
1975-07-28 00:00:00,0.9799425441231726
1975-07-29 00:00:00,0.9833362851905757
1975-07-30 00:00:00,0.9878659345723909
1975-07-31 00:00:00,0.9874179477754575
1975-08-01 00:00:00,0.9877579711810659
1975-08-04 00:00:00,0.986936394460689
1975-08-05 00:00:00,0.9822908513863466
1975-08-06 00:00:00,0.98949891876517
1975-08-07 00:00:00,0.9928988696694806
1975-08-08 00:00:00,0.9909156482969091
1975-08-11 00:00:00,0.9931593777063408
1975-08-12 00:00:00,0.994249791122449
1975-08-13 00:00:00,0.9922936675323399
1975-08-14 00:00:00,0.9906997215142591
1975-08-15 00:00:00,0.9891210468955325
1975-08-18 00:00:00,0.9886954006592681
1975-08-19 00:00:00,0.9859686922513295
1975-08-20 00:00:00,0.9859147105556672
1975-08-21 00:00:00,0.9889051201128825
1975-08-22 00:00:00,0.9888511384172199
1975-08-25 00:00:00,0.998352465189991
1975-08-26 00:00:00,0.9971659571198718
1975-08-27 00:00:00,0.9982445017986661
1975-08-28 00:00:00,1.000487033154485
1975-08-29 00:00:00,1.001957401619439
1975-09-02 00:00:00,1.0038213506232812
1975-09-03 00:00:00,0.9995609189092245
1975-09-04 00:00:00,1.0029552129020727
1975-09-05 00:00:00,1.0032804829508266
1975-09-08 00:00:00,1.0028472495107477
1975-09-09 00:00:00,1.0012529213402688
1975-09-10 00:00:00,1.0038760543041614
1975-09-11 00:00:00,1.00497575122147
1975-09-12 00:00:00,1.0079702307181035
1975-09-15 00:00:00,1.0102180653714057
1975-09-16 00:00:00,1.0181733622640765
1975-09-17 00:00:00,1.0238587812917639
1975-09-18 00:00:00,1.0257198244246613
1975-09-19 00:00:00,1.0256658427289989
1975-09-22 00:00:00,1.029809753523478
1975-09-23 00:00:00,1.0354860562608128
1975-09-24 00:00:00,1.031608117318889
1975-09-25 00:00:00,1.023534891117789
1975-09-26 00:00:00,1.029593826740828
1975-09-29 00:00:00,1.0310730599670725
1975-09-30 00:00:00,1.0260440192883482
1975-10-01 00:00:00,1.0156685577979496
1975-10-02 00:00:00,1.0171594822106411
1975-10-03 00:00:00,1.0228307644187857
1975-10-06 00:00:00,1.0166658130002906
1975-10-07 00:00:00,1.0131637156075632
1975-10-08 00:00:00,1.014643489263572
1975-10-09 00:00:00,1.010382947260895
1975-10-10 00:00:00,1.001930940559264
1975-10-14 00:00:00,1.01027498386957
1975-10-15 00:00:00,1.001822977167939
1975-10-16 00:00:00,0.9990872226059816
1975-10-17 00:00:00,1.0024725302169362
1975-10-20 00:00:00,0.9993605124219225
1975-10-21 00:00:00,0.9985436921106349
1975-10-22 00:00:00,0.9969600380716427
1975-10-23 00:00:00,0.9980538106754782
1975-10-24 00:00:00,0.9983817470236473
1975-10-27 00:00:00,0.998709350736344
1975-10-28 00:00:00,0.9997981337929389
1975-10-29 00:00:00,0.9993635619920811
1975-10-30 00:00:00,0.9962528949529752
1975-10-31 00:00:00,0.9950471437540668
1975-11-03 00:00:00,0.9938586530057993
1975-11-05 00:00:00,1.0006879816842476
1975-11-06 00:00:00,0.9979498934583473
1975-11-07 00:00:00,0.9978959117626848
1975-11-10 00:00:00,0.9982235154753816
1975-11-12 00:00:00,0.9989317084267811
1975-11-13 00:00:00,0.9988777267311186
1975-11-14 00:00:00,1.007238901059082
1975-11-17 00:00:00,1.0121490006169926
1975-11-18 00:00:00,1.0082695002400293
1975-11-19 00:00:00,1.0082155185443666
1975-11-20 00:00:00,1.0031928169494284
1975-11-21 00:00:00,1.005058136275044
1975-11-24 00:00:00,1.0046091153350494
1975-11-25 00:00:00,1.003030871862441
1975-11-26 00:00:00,1.0041255316876352
1975-11-28 00:00:00,1.0094180904154435
1975-12-01 00:00:00,1.006305781469416
1975-12-02 00:00:00,1.0054838320130448
1975-12-03 00:00:00,1.006197818078091
1975-12-04 00:00:00,1.0061438363824287
1975-12-05 00:00:00,1.007249072109968
1975-12-08 00:00:00,1.0068024827802105
1975-12-09 00:00:00,1.00790567097646
1975-12-10 00:00:00,1.0070871270229804
1975-12-11 00:00:00,1.007797707585135
1975-12-12 00:00:00,1.0077437258894726
1975-12-15 00:00:00,1.0092148254178077
1975-12-16 00:00:00,1.0083989758031244
1975-12-17 00:00:00,1.0064246109105728
1975-12-18 00:00:00,1.0059973220588445
1975-12-19 00:00:00,1.0059433403631821
1975-12-22 00:00:00,1.0054960560344786
1975-12-23 00:00:00,1.0035294814217994
1975-12-24 00:00:00,1.0034754997261368
1975-12-26 00:00:00,1.0038165572748063
1975-12-29 00:00:00,1.0026159709581743
1975-12-30 00:00:00,1.0037085938834813
1975-12-31 00:00:00,1.0028839526873976
1976-01-02 00:00:00,1.0039755852390781
1976-01-05 00:00:00,0.9974229391837887
1976-01-06 00:00:00,1.000043747594325
1976-01-07 00:00:00,0.9954087075880155
1976-01-08 00:00:00,0.9961182293445439
1976-01-09 00:00:00,0.9995035369554985
1976-01-12 00:00:00,0.9998278208116749
1976-01-13 00:00:00,1.0024520991220975
1976-01-14 00:00:00,1.0000977950960261
1976-01-15 00:00:00,0.9996658757246873
1976-01-16 00:00:00,0.9988550346223306
1976-01-19 00:00:00,0.9988010529266681
1976-01-20 00:00:00,0.999125665085861
1976-01-21 00:00:00,1.0006026280040696
1976-01-22 00:00:00,0.9982601852542138
1976-01-23 00:00:00,0.9985851261440182
1976-01-26 00:00:00,0.9977729701184723
1976-01-27 00:00:00,0.9988557566075484
1976-01-28 00:00:00,0.9991800404637248
1976-01-29 00:00:00,0.9999014718291948
1976-01-30 00:00:00,0.9983152176657056
1976-02-02 00:00:00,0.9940547859516491
1976-02-03 00:00:00,0.9951465588226188
1976-02-04 00:00:00,0.994710991718597
1976-02-05 00:00:00,0.9965616193862614
1976-02-06 00:00:00,0.9968875664221898
1976-02-09 00:00:00,0.9964536559949364
1976-02-10 00:00:00,0.9967796030308648
1976-02-11 00:00:00,0.9948226686486438
1976-02-13 00:00:00,0.9993616548725697
1976-02-17 00:00:00,0.9981539945639358
1976-02-18 00:00:00,0.997721419013418
1976-02-19 00:00:00,0.9976674373177555
1976-02-20 00:00:00,0.9987482527044634
1976-02-23 00:00:00,0.9975594739264305
1976-02-24 00:00:00,0.9971265696453011
1976-02-25 00:00:00,0.9974515105351055
1976-02-26 00:00:00,0.9981543882461372
1976-02-27 00:00:00,0.9988758196116071
1976-03-01 00:00:00,1.0014953443613186
1976-03-02 00:00:00,1.001441362665656
1976-03-03 00:00:00,1.0006167214695723
1976-03-04 00:00:00,1.0024769846653725
1976-03-05 00:00:00,1.0020290034906445
1976-03-08 00:00:00,1.0004547763825848
1976-03-09 00:00:00,1.0015464089342654
1976-03-10 00:00:00,1.0007224332473492
1976-03-11 00:00:00,1.0029743471017443
1976-03-12 00:00:00,1.0036862801962427
1976-03-15 00:00:00,1.0032396908664851
1976-03-16 00:00:00,1.0031857091708225
1976-03-17 00:00:00,1.0015971499253444
1976-03-18 00:00:00,1.0003985430733742
1976-03-19 00:00:00,1.0007396006220435
1976-03-22 00:00:00,1.001060573673303
1976-03-23 00:00:00,1.003308408326605
1976-03-24 00:00:00,1.0028618189968475
1976-03-25 00:00:00,1.0024345301451192
1976-03-26 00:00:00,1.0019872458164159
1976-03-29 00:00:00,1.00269987390986
1976-03-30 00:00:00,1.0022725850581318
1976-03-31 00:00:00,1.0018253007294282
1976-04-01 00:00:00,0.9998587261167491
1976-04-02 00:00:00,1.0032492025434163
1976-04-05 00:00:00,1.0028225730656426
1976-04-06 00:00:00,1.0020026765798191
1976-04-07 00:00:00,1.0030872574564287
1976-04-08 00:00:00,1.0015014105554532
1976-04-09 00:00:00,1.0026066462829926
1976-04-12 00:00:00,1.002160056953235
1976-04-13 00:00:00,1.0021060752575726
1976-04-14 00:00:00,1.0012854837728031
1976-04-15 00:00:00,1.0008575337954972
1976-04-16 00:00:00,1.0008035520998348
1976-04-19 00:00:00,1.0003555709251069
1976-04-20 00:00:00,0.9999269580643902
1976-04-21 00:00:00,0.9994980216218059
1976-04-22 00:00:00,0.9994440399261434
1976-04-23 00:00:00,0.9993900582304809
1976-04-26 00:00:00,0.9985654170343972
1976-04-27 00:00:00,0.9988870555948239
1976-04-28 00:00:00,0.9980815085225239
1976-04-29 00:00:00,0.997254830426553
1976-04-30 00:00:00,0.9968239093076943
1976-05-03 00:00:00,0.9952389829981606
1976-05-04 00:00:00,0.9948064074476428
1976-05-05 00:00:00,0.993594682986777
1976-05-06 00:00:00,0.9939402697264345
1976-05-07 00:00:00,0.9946444623606553
1976-05-10 00:00:00,0.995347340071687
1976-05-11 00:00:00,0.9960687714371569
1976-05-12 00:00:00,0.9998318815779097
1976-05-13 00:00:00,0.9997778998822472
1976-05-14 00:00:00,1.002784879454224
1976-05-17 00:00:00,1.007688142673844
1976-05-18 00:00:00,1.0076341609781814
1976-05-19 00:00:00,1.0037554823945558
1976-05-20 00:00:00,1.004480840707279
1976-05-21 00:00:00,1.006717735325541
1976-05-24 00:00:00,1.005131380180867
1976-05-25 00:00:00,1.0077506524400277
1976-05-26 00:00:00,1.007696670744365
1976-05-27 00:00:00,1.0061143813488964
1976-05-28 00:00:00,1.006815559709299
1976-06-01 00:00:00,1.0098266404901988
1976-06-02 00:00:00,1.0078667966073023
1976-06-03 00:00:00,1.0085646204361507
1976-06-04 00:00:00,1.0077588332159773
1976-06-07 00:00:00,1.0065456512309865
1976-06-08 00:00:00,1.0061239366732533
1976-06-09 00:00:00,1.0052947514381372
1976-06-10 00:00:00,1.0067704538475815
1976-06-11 00:00:00,1.0055745643922713
1976-06-14 00:00:00,1.005520582696609
1976-06-15 00:00:00,1.0058540281949409
1976-06-16 00:00:00,1.005412619305284
1976-06-17 00:00:00,1.0061137976656864
1976-06-18 00:00:00,1.0072190162593522
1976-06-21 00:00:00,1.0090708967509237
1976-06-22 00:00:00,1.0094009109462267
1976-06-23 00:00:00,1.0089629333595986
1976-06-24 00:00:00,1.007388795295728
1976-06-25 00:00:00,1.0073348136000653
1976-06-28 00:00:00,1.0072808319044029
1976-06-29 00:00:00,1.0075929499142255
1976-06-30 00:00:00,1.006401110048465
1976-07-01 00:00:00,1.0059607284126437
1976-07-02 00:00:00,1.0066791993027273
1976-07-06 00:00:00,1.0092987275170124
1976-07-07 00:00:00,1.0100110191551952
1976-07-08 00:00:00,1.0099570374595328
1976-07-09 00:00:00,1.009136782430025
1976-07-12 00:00:00,1.0106139767009212
1976-07-13 00:00:00,1.0105599950052588
1976-07-14 00:00:00,1.0089748373430374
1976-07-15 00:00:00,1.0100697514052503
1976-07-16 00:00:00,1.010015769709588
1976-07-19 00:00:00,1.0095791655898951
1976-07-20 00:00:00,1.0102900865269462
1976-07-21 00:00:00,1.0109996404374217
1976-07-22 00:00:00,1.0105640615878657
1976-07-23 00:00:00,1.012414661811313
1976-07-26 00:00:00,1.0127405776205285
1976-07-27 00:00:00,1.0119264618949597
1976-07-28 00:00:00,1.0103481348052157
1976-07-29 00:00:00,1.007613390968036
1976-07-30 00:00:00,1.0048810944993938
1976-08-02 00:00:00,1.0013922618948539
1976-08-03 00:00:00,1.0036312233484213
1976-08-04 00:00:00,1.0012842985035288
1976-08-05 00:00:00,1.0016198108371663
1976-08-06 00:00:00,1.0019355229097624
1976-08-09 00:00:00,1.0011223534165414
1976-08-10 00:00:00,1.0018275595184374
1976-08-11 00:00:00,1.0010143900252164
1976-08-12 00:00:00,1.0013499023588537
1976-08-13 00:00:00,1.000145900546507
1976-08-16 00:00:00,0.998938827780444
1976-08-17 00:00:00,0.9912443375191353
1976-08-18 00:00:00,0.992344034436444
1976-08-19 00:00:00,0.9930442581648776
1976-08-20 00:00:00,0.9964271311631777
1976-08-23 00:00:00,0.9929362947735526
1976-08-24 00:00:00,0.9932589263472489
1976-08-25 00:00:00,0.9962651860761902
1976-08-26 00:00:00,0.995443236619819
1976-08-27 00:00:00,0.9950146237591023
1976-08-30 00:00:00,0.994585687316518
1976-08-31 00:00:00,0.9964425619265812
1976-09-01 00:00:00,0.9933311193042235
1976-09-02 00:00:00,0.9944237422295304
1976-09-03 00:00:00,0.9955133459249094
1976-09-07 00:00:00,0.9943157788382054
1976-09-08 00:00:00,0.9934911376421217
1976-09-09 00:00:00,0.9911368336160503
1976-09-10 00:00:00,0.9903266486928727
1976-09-13 00:00:00,0.9906509325490491
1976-09-14 00:00:00,0.989081917116809
1976-09-15 00:00:00,0.9840473158394273
1976-09-16 00:00:00,0.9820906433513733
1976-09-17 00:00:00,0.9808788831128408
1976-09-20 00:00:00,0.9789293433056243
1976-09-21 00:00:00,0.9792428797282728
1976-09-22 00:00:00,0.9757467918157453
1976-09-23 00:00:00,0.9799097846918824
1976-09-24 00:00:00,0.9790809346412853
1976-09-27 00:00:00,0.9763657645011811
1976-09-28 00:00:00,0.9736345075694293
1976-09-29 00:00:00,0.9709077991614908
1976-09-30 00:00:00,0.9643436685797907
1976-10-01 00:00:00,0.9681109800495918
1976-10-04 00:00:00,0.9676805186066181
1976-10-05 00:00:00,0.9641817234928032
1976-10-06 00:00:00,0.9606987807863897
1976-10-07 00:00:00,0.9636940537287587
1976-10-08 00:00:00,0.9655564125881909
1976-10-12 00:00:00,0.9643451821213702
1976-10-13 00:00:00,0.9616287480698575
1976-10-14 00:00:00,0.9619560836803631
1976-10-15 00:00:00,0.9653404858055409
1976-10-18 00:00:00,0.9710075122940562
1976-10-19 00:00:00,0.9698110204506035
1976-10-20 00:00:00,0.9651785407185534
1976-10-21 00:00:00,0.9658804159049452
1976-10-22 00:00:00,0.9654486652242572
1976-10-25 00:00:00,0.9581346783872904
1976-10-26 00:00:00,0.9596144052970808
1976-10-27 00:00:00,0.955351594590905
1976-10-28 00:00:00,0.9518502422395869
1976-10-29 00:00:00,0.9537170926624495
1976-11-01 00:00:00,0.9548031260654518
1976-11-03 00:00:00,0.9539966257765325
1976-11-04 00:00:00,0.9627223832068337
1976-11-05 00:00:00,0.9622883737694753
1976-11-08 00:00:00,0.9591825517317807
1976-11-09 00:00:00,0.9595111834818146
1976-11-10 00:00:00,0.9583083858322021
1976-11-12 00:00:00,0.9567180850235447
1976-11-15 00:00:00,0.958583686435961
1976-11-16 00:00:00,0.9569946917134878
1976-11-17 00:00:00,0.9565561399365572
1976-11-18 00:00:00,0.9565021582408947
1976-11-19 00:00:00,0.9537899927424357
1976-11-22 00:00:00,0.9487638813715813
1976-11-23 00:00:00,0.947556405011158
1976-11-24 00:00:00,0.9494160623404505
1976-11-26 00:00:00,0.9482105105335896
1976-11-29 00:00:00,0.9473944599241705
1976-11-30 00:00:00,0.9484939728932688
1976-12-01 00:00:00,0.9488093626103958
1976-12-02 00:00:00,0.949146153862138
1976-12-03 00:00:00,0.9479406020552772
1976-12-06 00:00:00,0.9440634943014782
1976-12-07 00:00:00,0.9447767005410941
1976-12-08 00:00:00,0.9454886222006145
1976-12-09 00:00:00,0.945434640504952
1976-12-10 00:00:00,0.9446147554541066
1976-12-13 00:00:00,0.9437935858231656
1976-12-14 00:00:00,0.9437396041275031
1976-12-15 00:00:00,0.9433125238278083
1976-12-16 00:00:00,0.9413443853602108
1976-12-17 00:00:00,0.9412904036645483
1976-12-20 00:00:00,0.9362710029298329
1976-12-21 00:00:00,0.9346766539514013
1976-12-22 00:00:00,0.9369201746249746
1976-12-23 00:00:00,0.935730023846888
1976-12-24 00:00:00,0.9352966966756949
1976-12-27 00:00:00,0.9336998128789324
1976-12-28 00:00:00,0.9313555535947338
1976-12-29 00:00:00,0.932448126364026
1976-12-30 00:00:00,0.9312475902034087
1976-12-31 00:00:00,0.9319582932633016
1977-01-03 00:00:00,0.9269339138442481
1977-01-04 00:00:00,0.9280369022776057
1977-01-05 00:00:00,0.9333219410092949
1977-01-06 00:00:00,0.9332679593136324
1977-01-07 00:00:00,0.9362723942770245
1977-01-10 00:00:00,0.9476886480792504
1977-01-11 00:00:00,0.9453504197786581
1977-01-12 00:00:00,0.946059125854747
1977-01-13 00:00:00,0.9532626230935476
1977-01-14 00:00:00,0.9543428904143945
1977-01-17 00:00:00,0.9550577217345275
1977-01-18 00:00:00,0.9580659561561322
1977-01-19 00:00:00,0.9591549577718508
1977-01-20 00:00:00,0.9583393100709753
1977-01-21 00:00:00,0.9575223703462487
1977-01-24 00:00:00,0.9612913232874505
1977-01-25 00:00:00,0.9650488008843187
1977-01-26 00:00:00,0.965390851322573
1977-01-27 00:00:00,0.9641894959178691
1977-01-28 00:00:00,0.965282887931248
1977-01-31 00:00:00,0.9587231042065507
1977-02-01 00:00:00,0.9605887061797336
1977-02-02 00:00:00,0.9609134514178129
1977-02-03 00:00:00,0.961993733817245
1977-02-04 00:00:00,0.9615619831365568
1977-02-07 00:00:00,0.9618857704259199
1977-02-08 00:00:00,0.9622301993466186
1977-02-09 00:00:00,0.9610219501525405
1977-02-10 00:00:00,0.9598107196857197
1977-02-11 00:00:00,0.9605355795481754
1977-02-14 00:00:00,0.954362004026333
1977-02-15 00:00:00,0.955457814731068
1977-02-16 00:00:00,0.9554038330354054
1977-02-17 00:00:00,0.9553498513397429
1977-02-18 00:00:00,0.9541460772436829
1977-02-22 00:00:00,0.9521906530872655
1977-02-23 00:00:00,0.9528853846315068
1977-02-24 00:00:00,0.9566624320689071
1977-02-25 00:00:00,0.9516431722236725
1977-02-28 00:00:00,0.9500652557417228
1977-03-01 00:00:00,0.9500112740460603
1977-03-02 00:00:00,0.950322645325464
1977-03-03 00:00:00,0.9502686636298014
1977-03-04 00:00:00,0.9494621633408822
1977-03-07 00:00:00,0.9501607002384764
1977-03-08 00:00:00,0.9504932419812797
1977-03-09 00:00:00,0.9523455676748819
1977-03-10 00:00:00,0.9522915859792194
1977-03-11 00:00:00,0.9518527066375678
1977-03-14 00:00:00,0.949890791760164
1977-03-15 00:00:00,0.9513809276523278
1977-03-16 00:00:00,0.949782828368839
1977-03-17 00:00:00,0.9493634936981104
1977-03-18 00:00:00,0.9493095120024478
1977-03-21 00:00:00,0.9484808681831866
1977-03-22 00:00:00,0.948426886487524
1977-03-23 00:00:00,0.9476184905510593
1977-03-24 00:00:00,0.9475645088553968
1977-03-25 00:00:00,0.9475105271597343
1977-03-28 00:00:00,0.9466792663957403
1977-03-29 00:00:00,0.9462361458906864
1977-03-30 00:00:00,0.9458143380656355
1977-03-31 00:00:00,0.945760356369973
1977-04-01 00:00:00,0.9468521454299186
1977-04-04 00:00:00,0.9830934951562984
1977-04-05 00:00:00,0.9822826540539418
1977-04-06 00:00:00,0.9822286723582793
1977-04-07 00:00:00,0.9814165163327334
1977-04-08 00:00:00,0.9813625346370709
1977-04-11 00:00:00,0.9809089845060884
1977-04-12 00:00:00,0.9774237109362883
1977-04-13 00:00:00,0.9739316910273522
1977-04-14 00:00:00,0.9746485481882404
1977-04-15 00:00:00,0.9742093157846476
1977-04-18 00:00:00,0.9729975555461151
1977-04-19 00:00:00,0.9748715168112574
1977-04-20 00:00:00,0.9767169021982034
1977-04-21 00:00:00,0.9751278980546026
1977-04-22 00:00:00,0.9762256858621859
1977-04-25 00:00:00,0.9754041933818881
1977-04-26 00:00:00,0.9761177224708609
1977-04-27 00:00:00,0.9749119712719526
1977-04-28 00:00:00,0.9733378923750646
1977-04-29 00:00:00,0.9728979846465515
1977-05-02 00:00:00,0.971317302818745
1977-05-03 00:00:00,0.9712633211230824
1977-05-04 00:00:00,0.9708217352049221
1977-05-05 00:00:00,0.9726820578639015
1977-05-06 00:00:00,0.9741697547676448
1977-05-09 00:00:00,0.9748643764252631
1977-05-10 00:00:00,0.9748103947296006
1977-05-11 00:00:00,0.9774368491065956
1977-05-12 00:00:00,0.977382867410933
1977-05-13 00:00:00,0.9777104711236297
1977-05-16 00:00:00,0.9784186640750294
1977-05-17 00:00:00,0.9776025077323047
1977-05-18 00:00:00,0.9769860735720874
1977-05-19 00:00:00,0.976167607079768
1977-05-20 00:00:00,0.977058977236958
1977-05-23 00:00:00,0.9773865809496548
1977-05-24 00:00:00,0.9777138524612582
1977-05-25 00:00:00,0.9772786175583298
1977-05-26 00:00:00,0.9753133781109783
1977-05-27 00:00:00,0.9782132957280062
1977-05-31 00:00:00,0.9824638458150268
1977-06-01 00:00:00,0.9818344043791059
1977-06-02 00:00:00,0.9812042016141495
1977-06-03 00:00:00,0.9836482775893807
1977-06-06 00:00:00,0.9866477318246442
1977-06-07 00:00:00,0.9871626572359898
1977-06-08 00:00:00,0.9882638033210103
1977-06-09 00:00:00,0.9897322156317528
1977-06-10 00:00:00,0.988917707848706
1977-06-13 00:00:00,0.987710635082643
1977-06-14 00:00:00,0.9876566533869805
1977-06-15 00:00:00,0.9883652291070666
1977-06-16 00:00:00,0.9894623071534403
1977-06-17 00:00:00,0.989213446491766
1977-06-20 00:00:00,0.9897438377914153
1977-06-21 00:00:00,0.9915933052156827
1977-06-22 00:00:00,0.9907828358147558
1977-06-23 00:00:00,0.9910975654788984
1977-06-24 00:00:00,0.9925732678883427
1977-06-27 00:00:00,0.9902324321780158
1977-06-28 00:00:00,0.9880747048134967
1977-06-29 00:00:00,0.9828544919830602
1977-06-30 00:00:00,0.9839451354437055
1977-07-01 00:00:00,0.983891153748043
1977-07-05 00:00:00,0.9815448983884854
1977-07-06 00:00:00,0.9818869998237725
1977-07-07 00:00:00,0.9808818121569418
1977-07-08 00:00:00,0.9825306018090851
1977-07-11 00:00:00,0.9767479497450494
1977-07-12 00:00:00,0.9774541559836881
1977-07-13 00:00:00,0.9735859638497781
1977-07-15 00:00:00,0.9746797364536137
1977-07-18 00:00:00,0.9688975187767315
1977-07-19 00:00:00,0.9669242736143636
1977-07-20 00:00:00,0.9657229270381099
1977-07-21 00:00:00,0.9675931872164983
1977-07-22 00:00:00,0.9654302879474665
1977-07-25 00:00:00,0.9598415515506774
1977-07-26 00:00:00,0.9605350633355303
1977-07-27 00:00:00,0.9643026723352944
1977-07-28 00:00:00,0.9703766153926099
1977-07-29 00:00:00,0.9779641184009413
1977-08-01 00:00:00,0.9775312141198119
1977-08-02 00:00:00,0.9765184871702669
1977-08-03 00:00:00,0.9758842426144494
1977-08-04 00:00:00,0.9785050510249855
1977-08-05 00:00:00,0.9771157222139792
1977-08-08 00:00:00,0.979172500694793
1977-08-09 00:00:00,0.9779648403861592
1977-08-10 00:00:00,0.9821129984957637
1977-08-11 00:00:00,0.9805374574322099
1977-08-12 00:00:00,0.9850714137112206
1977-08-15 00:00:00,0.9808054391614331
1977-08-16 00:00:00,0.9849634503198956
1977-08-17 00:00:00,0.9826117206615708
1977-08-18 00:00:00,0.9836983170366584
1977-08-19 00:00:00,0.9858383641947926
1977-08-22 00:00:00,0.9835903536453334
1977-08-23 00:00:00,0.983163064793605
1977-08-24 00:00:00,0.9773710417338716
1977-08-25 00:00:00,0.9802746841834262
1977-08-26 00:00:00,0.9818398493128678
1977-08-29 00:00:00,1.0628038416926058
1977-08-30 00:00:00,1.062377064708026
1977-08-31 00:00:00,1.0617388676281803
1977-09-01 00:00:00,1.062269101316701
1977-09-02 00:00:00,1.0625879149099557
1977-09-06 00:00:00,1.0640700059806472
1977-09-07 00:00:00,1.0624799515186307
1977-09-08 00:00:00,1.0632028411377352
1977-09-09 00:00:00,1.0635205668820369
1977-09-12 00:00:00,1.0638540791979971
1977-09-13 00:00:00,1.0636063982861237
1977-09-14 00:00:00,1.0639397195143734
1977-09-15 00:00:00,1.0625446888576457
1977-09-16 00:00:00,1.0621020796489933
1977-09-19 00:00:00,1.061383303325338
1977-09-20 00:00:00,1.0612319403716644
1977-09-21 00:00:00,1.0609831238889051
1977-09-22 00:00:00,1.0607504589369432
1977-09-23 00:00:00,1.0618321711706806
1977-09-26 00:00:00,1.05987811677155
1977-09-27 00:00:00,1.0603934941929687
1977-09-28 00:00:00,1.059183668027995
1977-09-29 00:00:00,1.0581829564721392
1977-09-30 00:00:00,1.0566061929606858
1977-10-03 00:00:00,1.0531085387491494
1977-10-04 00:00:00,1.055348173059591
1977-10-05 00:00:00,1.0547179093616545
1977-10-06 00:00:00,1.0512218101177109
1977-10-07 00:00:00,1.0528926119664994
1977-10-11 00:00:00,1.055510490333038
1977-10-12 00:00:00,1.0539248623135264
1977-10-13 00:00:00,1.0531111017772157
1977-10-14 00:00:00,1.0500034097565776
1977-10-17 00:00:00,1.0476604586021196
1977-10-18 00:00:00,1.0487442469311776
1977-10-19 00:00:00,1.0490743673004035
1977-10-20 00:00:00,1.0520799591553602
1977-10-21 00:00:00,1.051263283827956
1977-10-24 00:00:00,1.048912422213416
1977-10-25 00:00:00,1.0492421734851909
1977-10-26 00:00:00,1.0495715561912775
1977-10-27 00:00:00,1.049900570862418
1977-10-28 00:00:00,1.0490802283982033
1977-10-31 00:00:00,1.0486425137351034
1977-11-01 00:00:00,1.0451519352514398
1977-11-02 00:00:00,1.0466271106131395
1977-11-03 00:00:00,1.048480568648116
1977-11-04 00:00:00,1.0514861605030728
1977-11-07 00:00:00,1.0516143456763953
1977-11-09 00:00:00,1.0513781971117477
1977-11-10 00:00:00,1.0501796263481005
1977-11-14 00:00:00,1.0508890696027846
1977-11-15 00:00:00,1.050254354287306
1977-11-16 00:00:00,1.0503995766973562
1977-11-17 00:00:00,1.051869522776978
1977-11-18 00:00:00,1.0514351061836118
1977-11-21 00:00:00,1.0502376316103685
1977-11-22 00:00:00,1.0494194925933982
1977-11-23 00:00:00,1.0501296682190435
1977-11-25 00:00:00,1.049693791087138
1977-11-28 00:00:00,1.0504032343418221
1977-11-29 00:00:00,1.0503492526461597
1977-11-30 00:00:00,1.051437669211678
1977-12-01 00:00:00,1.0500422759993722
1977-12-02 00:00:00,1.0498057780450685
1977-12-05 00:00:00,1.0468869827476373
1977-12-06 00:00:00,1.0447212439393654
1977-12-07 00:00:00,1.044667262243703
1977-12-08 00:00:00,1.0480600687127275
1977-12-09 00:00:00,1.048771712245448
1977-12-12 00:00:00,1.0477521350627623
1977-12-13 00:00:00,1.0436944294685522
1977-12-14 00:00:00,1.0432530322690499
1977-12-15 00:00:00,1.044343372069728
1977-12-16 00:00:00,1.0442893903740653
1977-12-19 00:00:00,1.0373542940142302
1977-12-20 00:00:00,1.032727557046173
1977-12-21 00:00:00,1.0349664026394103
1977-12-22 00:00:00,1.042541352166637
1977-12-23 00:00:00,1.0417275660439627
1977-12-27 00:00:00,1.0397592762594223
1977-12-28 00:00:00,1.0320598283208382
1977-12-29 00:00:00,1.0274290169734333
1977-12-30 00:00:00,1.0273750352777709
1978-01-03 00:00:00,1.0200645911266761
1978-01-04 00:00:00,1.0158033747641046
1978-01-05 00:00:00,1.0348585857840749
1978-01-06 00:00:00,1.032893722285757
1978-01-09 00:00:00,1.035419880045617
1978-01-10 00:00:00,1.0312470864770789
1978-01-11 00:00:00,1.025858056928394
1978-01-12 00:00:00,1.0311391230857538
1978-01-13 00:00:00,1.0268892000168082
1978-01-16 00:00:00,1.0264500295337784
1978-01-17 00:00:00,1.030214330026156
1978-01-18 00:00:00,1.030351194407541
1978-01-19 00:00:00,1.0278266665042664
1978-01-20 00:00:00,1.0247072947527023
1978-01-23 00:00:00,1.023120795893253
1978-01-24 00:00:00,1.0230668141975905
1978-01-25 00:00:00,1.0214922879595978
1978-01-26 00:00:00,1.0225880739276032
1978-01-27 00:00:00,1.0225340922319406
1978-01-30 00:00:00,1.023714733387365
1978-01-31 00:00:00,1.021648176310281
1978-02-01 00:00:00,1.0242754411874022
1978-02-02 00:00:00,1.023834466989468
1978-02-03 00:00:00,1.0226349606322904
1978-02-06 00:00:00,1.021432249527631
1978-02-07 00:00:00,1.0217674281685023
1978-02-08 00:00:00,1.0221022386666407
1978-02-09 00:00:00,1.0231948155444024
1978-02-10 00:00:00,1.02314083384874
1978-02-14 00:00:00,1.0246164779281564
1978-02-15 00:00:00,1.0257016027122332
1978-02-16 00:00:00,1.02068256252466
1978-02-17 00:00:00,1.0198661950520358
1978-02-21 00:00:00,1.017123769082205
1978-02-22 00:00:00,1.0166945067790236
1978-02-23 00:00:00,1.0105349020808758
1978-02-24 00:00:00,1.013157560211774
1978-02-27 00:00:00,1.0161569400015389
1978-02-28 00:00:00,1.0099917642832452
1978-03-01 00:00:00,1.0110803151054588
1978-03-02 00:00:00,1.0102649936025634
1978-03-03 00:00:00,1.0147941528361941
1978-03-06 00:00:00,1.0139678360051507
1978-03-07 00:00:00,1.0085761806928666
1978-03-08 00:00:00,1.0142372394452825
1978-03-09 00:00:00,1.0149548901079346
1978-03-10 00:00:00,1.0198728370897225
1978-03-13 00:00:00,1.0198188553940601
1978-03-14 00:00:00,1.0163140436472675
1978-03-15 00:00:00,1.016260061951605
1978-03-16 00:00:00,1.0135359824398507
1978-03-17 00:00:00,1.0161520985602799
1978-03-20 00:00:00,1.0126722531199532
1978-03-21 00:00:00,1.014325779069128
1978-03-22 00:00:00,1.0129423448939918
1978-03-23 00:00:00,1.0146122366499701
1978-03-24 00:00:00,1.0143610914556471
1978-03-27 00:00:00,1.0127803998070044
1978-03-28 00:00:00,1.0111940657240817
1978-03-29 00:00:00,1.0113387074040716
1978-03-30 00:00:00,1.0095662037025253
1978-03-31 00:00:00,1.0053036801579958
1978-04-03 00:00:00,1.0033410174778514
1978-04-04 00:00:00,1.007878788460762
1978-04-05 00:00:00,1.007442565083954
1978-04-06 00:00:00,1.0064223180001606
1978-04-07 00:00:00,1.008098734917505
1978-04-10 00:00:00,1.007662861678112
1978-04-11 00:00:00,1.003972555339796
1978-04-12 00:00:00,1.0044871204108123
1978-04-13 00:00:00,1.0067360826096623
1978-04-14 00:00:00,1.0076288316499245
1978-04-17 00:00:00,1.0090996552273002
1978-04-18 00:00:00,1.0096250855051285
1978-04-19 00:00:00,1.0111062557765986
1978-04-20 00:00:00,1.0198279124578402
1978-04-21 00:00:00,1.0180584916985882
1978-04-24 00:00:00,1.0201080232153386
1978-04-25 00:00:00,1.018711864180637
1978-04-26 00:00:00,1.0198060686074528
1978-04-27 00:00:00,1.0121142427744803
1978-04-28 00:00:00,1.0137817453923887
1978-05-01 00:00:00,1.0144786659947422
1978-05-02 00:00:00,1.0151920537324288
1978-05-03 00:00:00,1.0155301286910257
1978-05-04 00:00:00,1.0120239899231198
1978-05-05 00:00:00,1.0138874586045734
1978-05-08 00:00:00,1.016506597321936
1978-05-09 00:00:00,1.0183665813417646
1978-05-10 00:00:00,1.0156341088399812
1978-05-11 00:00:00,1.0167352567036105
1978-05-12 00:00:00,1.0187700306142176
1978-05-15 00:00:00,1.0208293682260248
1978-05-16 00:00:00,1.0234541491556035
1978-05-17 00:00:00,1.0234001674599411
1978-05-18 00:00:00,1.0183775016659278
1978-05-19 00:00:00,1.0198398215104427
1978-05-22 00:00:00,1.0222772875184591
1978-05-23 00:00:00,1.0222233058227965
1978-05-24 00:00:00,1.0238799634132516
1978-05-25 00:00:00,1.023076277285966
1978-05-26 00:00:00,1.0237720000219266
1978-05-29 00:00:00,1.0221997468890311
1978-05-31 00:00:00,1.0141124198191789
1978-06-01 00:00:00,1.0125401663921512
1978-06-02 00:00:00,1.0124861846964885
1978-06-05 00:00:00,1.0147164200137186
1978-06-06 00:00:00,1.017340929124177
1978-06-07 00:00:00,1.0149997861734341
1978-06-08 00:00:00,1.0122702579138385
1978-06-09 00:00:00,1.0129671785161922
1978-06-12 00:00:00,1.012341204562323
1978-06-13 00:00:00,1.0124839345173482
1978-06-14 00:00:00,1.0128052334292046
1978-06-15 00:00:00,1.0127512517335422
1978-06-16 00:00:00,1.0117494772410531
1978-06-19 00:00:00,1.010745525661506
1978-06-20 00:00:00,1.0082077690556464
1978-06-21 00:00:00,1.0056732286302448
1978-06-22 00:00:00,1.008677079471786
1978-06-23 00:00:00,1.007087945808991
1978-06-26 00:00:00,1.0051297416560674
1978-06-27 00:00:00,1.0065998343654707
1978-06-28 00:00:00,1.0038750527395495
1978-06-29 00:00:00,1.0034381276417585
1978-06-30 00:00:00,1.0027999369159246
1978-07-03 00:00:00,1.000639688856384
1978-07-05 00:00:00,0.996971318662439
1978-07-06 00:00:00,0.9997782255641261
1978-07-07 00:00:00,0.9993377796694678
1978-07-10 00:00:00,0.9939288937464608
1978-07-11 00:00:00,0.9969405543932666
1978-07-12 00:00:00,0.9987890139371585
1978-07-13 00:00:00,0.9991218528868178
1978-07-14 00:00:00,0.999454335390151
1978-07-17 00:00:00,1.0013090346789704
1978-07-18 00:00:00,0.9998243583677225
1978-07-19 00:00:00,0.9981503730028494
1978-07-20 00:00:00,0.9975242151812249
1978-07-21 00:00:00,0.9965087008279665
1978-07-24 00:00:00,0.9918759322530447
1978-07-25 00:00:00,0.9929619828293444
1978-07-26 00:00:00,0.9932811133985108
1978-07-27 00:00:00,0.9945676104028427
1978-07-28 00:00:00,0.9916600054703947
1978-07-31 00:00:00,0.9896928484922486
1978-08-01 00:00:00,0.9898268156531103
1978-08-02 00:00:00,0.9891899209950542
1978-08-03 00:00:00,0.9872311959074297
1978-08-04 00:00:00,0.9848839970234357
1978-08-07 00:00:00,0.979860330853927
1978-08-08 00:00:00,0.9762735557038721
1978-08-09 00:00:00,0.9721099250361791
1978-08-10 00:00:00,0.9722515991732205
1978-08-11 00:00:00,0.9693322235285946
1978-08-14 00:00:00,0.9643074713835454
1978-08-15 00:00:00,0.9619569651335231
1978-08-16 00:00:00,0.9580821202257626
1978-08-17 00:00:00,0.9767477552252839
1978-08-18 00:00:00,0.9709681485372385
1978-08-21 00:00:00,0.9797048543105212
1978-08-22 00:00:00,0.9742968947305599
1978-08-23 00:00:00,0.9780767345509879
1978-08-24 00:00:00,0.9753349103454471
1978-08-25 00:00:00,0.9796809685096763
1978-08-28 00:00:00,0.9823065491843678
1978-08-29 00:00:00,0.9748042538986544
1978-08-30 00:00:00,0.9747502722029919
1978-08-31 00:00:00,0.9746962905073294
1978-09-01 00:00:00,0.9746423088116669
1978-09-05 00:00:00,0.9728180063490866
1978-09-06 00:00:00,0.9726665433497044
1978-09-07 00:00:00,0.9780378174215435
1978-09-08 00:00:00,0.9793295107193104
1978-09-11 00:00:00,0.9795633388187669
1978-09-12 00:00:00,0.9761394923979793
1978-09-13 00:00:00,0.9723966348713919
1978-09-14 00:00:00,0.972927210925912
1978-09-15 00:00:00,0.9711171759662424
1978-09-18 00:00:00,0.9718445442727948
1978-09-19 00:00:00,0.9717905625771323
1978-09-20 00:00:00,0.9688974440932947
1978-09-21 00:00:00,0.9680569640640467
1978-09-22 00:00:00,0.9692803181293072
1978-09-25 00:00:00,0.967653695545002
1978-09-26 00:00:00,0.9687797293064205
1978-09-27 00:00:00,0.970294116951768
1978-09-28 00:00:00,0.9677476931853042
1978-09-29 00:00:00,0.9687159739524878
1978-10-02 00:00:00,0.9687601597347273
1978-10-03 00:00:00,0.9615807804908334
1978-10-04 00:00:00,0.9577187005517749
1978-10-05 00:00:00,0.9592721693089344
1978-10-06 00:00:00,0.9608197567015286
1978-10-10 00:00:00,0.9599657236130713
1978-10-11 00:00:00,0.9520337762772842
1978-10-12 00:00:00,0.9534042213871763
1978-10-13 00:00:00,0.9494731936618379
1978-10-16 00:00:00,0.9507494036658496
1978-10-17 00:00:00,0.9447296343385299
1978-10-18 00:00:00,0.9425997633278071
1978-10-19 00:00:00,0.9451391339334596
1978-10-20 00:00:00,0.9367328281139569
1978-10-23 00:00:00,0.9349895151672701
1978-10-24 00:00:00,0.9348297390771664
1978-10-25 00:00:00,0.9246104820945631
1978-10-26 00:00:00,0.9182365600171293
1978-10-27 00:00:00,0.9168640217074698
1978-10-30 00:00:00,0.8986305133040693
1978-10-31 00:00:00,0.9129994428641952
1978-11-01 00:00:00,0.9415394594138601
1978-11-02 00:00:00,0.9491271660198025
1978-11-03 00:00:00,0.951319858901221
1978-11-06 00:00:00,0.9556243156102221
1978-11-08 00:00:00,0.9514155728827866
1978-11-09 00:00:00,0.9524801380138548
1978-11-10 00:00:00,0.951918077797337
1978-11-13 00:00:00,0.9532852415728369
1978-11-14 00:00:00,0.9532312598771744
1978-11-15 00:00:00,0.9544928164299615
1978-11-16 00:00:00,0.9608584091205242
1978-11-17 00:00:00,0.9656563728054893
1978-11-20 00:00:00,0.9674692676047586
1978-11-21 00:00:00,0.9664337220654602
1978-11-22 00:00:00,0.9671651693649681
1978-11-24 00:00:00,0.9701413249401435
1978-11-27 00:00:00,0.970087343244481
1978-11-28 00:00:00,0.9696435683926041
1978-11-29 00:00:00,0.9720200319735393
1978-11-30 00:00:00,0.972934400485054
1978-12-01 00:00:00,0.9753879624655293
1978-12-04 00:00:00,0.975237807266919
1978-12-05 00:00:00,0.9720948392032153
1978-12-06 00:00:00,0.9696120560930007
1978-12-07 00:00:00,0.9704340208330543
1978-12-08 00:00:00,0.9698936219045026
1978-12-11 00:00:00,0.975544616352808
1978-12-12 00:00:00,0.9688111753617153
1978-12-13 00:00:00,0.9691472510440363
1978-12-14 00:00:00,0.9659629074737001
1978-12-15 00:00:00,0.9642366674286023
1978-12-18 00:00:00,0.9540119581936024
1978-12-19 00:00:00,0.9507178554245225
1978-12-20 00:00:00,0.9461694637837207
1978-12-21 00:00:00,0.9524353963801998
1978-12-22 00:00:00,0.9538969013490219
1978-12-26 00:00:00,0.9538429196533594
1978-12-27 00:00:00,0.9409979714518976
1978-12-28 00:00:00,0.9430155314014999
1978-12-29 00:00:00,0.9400586847684923
1979-01-02 00:00:00,0.9382329787101354
1979-01-03 00:00:00,0.9500287184491493
1979-01-04 00:00:00,0.9489568196245215
1979-01-05 00:00:00,0.9507333996613588
1979-01-08 00:00:00,0.948950753722033
1979-01-09 00:00:00,0.9518415977279122
1979-01-10 00:00:00,0.9499621116852474
1979-01-11 00:00:00,0.9568650676747352
1979-01-12 00:00:00,0.9542025655141966
1979-01-15 00:00:00,0.9559561369234794
1979-01-16 00:00:00,0.9520774324512229
1979-01-17 00:00:00,0.9506059016734393
1979-01-18 00:00:00,0.949942998317717
1979-01-19 00:00:00,0.9514097441626121
1979-01-22 00:00:00,0.9531737199425133
1979-01-23 00:00:00,0.9545285174926724
1979-01-24 00:00:00,0.95165244017414
1979-01-25 00:00:00,0.9566252356200832
1979-01-26 00:00:00,0.9554703016625169
1979-01-29 00:00:00,0.9567171478311782
1979-01-30 00:00:00,0.9579601326544266
1979-01-31 00:00:00,0.9619714834425942
1979-02-01 00:00:00,0.9633953698719072
1979-02-02 00:00:00,0.9633413881762447
1979-02-05 00:00:00,0.9568467164425937
1979-02-06 00:00:00,0.9557933564211987
1979-02-07 00:00:00,0.9476612589286214
1979-02-08 00:00:00,0.9536797599220387
1979-02-09 00:00:00,0.9521155053921593
1979-02-13 00:00:00,0.955777488214393
1979-02-14 00:00:00,0.9548225213145668
1979-02-15 00:00:00,0.9537652644135343
1979-02-16 00:00:00,0.9549149373077052
1979-02-20 00:00:00,0.9548609556120428
1979-02-21 00:00:00,0.9557075467938206
1979-02-22 00:00:00,0.9536497686529899
1979-02-23 00:00:00,0.9533949018837597
1979-02-26 00:00:00,0.9523351113142439
1979-02-27 00:00:00,0.954089926525334
1979-02-28 00:00:00,0.9528309101388686
1979-03-01 00:00:00,0.9536810151440234
1979-03-02 00:00:00,0.9538276884262181
1979-03-05 00:00:00,0.9556753530407668
1979-03-06 00:00:00,0.9548216858992736
1979-03-07 00:00:00,0.9521585858985369
1979-03-08 00:00:00,0.9521046042028743
1979-03-09 00:00:00,0.9531563780013701
1979-03-12 00:00:00,0.9533031432743858
1979-03-13 00:00:00,0.9565482523867509
1979-03-14 00:00:00,0.9522910931822436
1979-03-15 00:00:00,0.9526391581444847
1979-03-16 00:00:00,0.9537891068691126
1979-03-19 00:00:00,0.9541357004815207
1979-03-20 00:00:00,0.9542418462397779
1979-03-21 00:00:00,0.9550275726928167
1979-03-22 00:00:00,0.9543739641271679
1979-03-23 00:00:00,0.9544999568999966
1979-03-26 00:00:00,0.9518592396169435
1979-03-27 00:00:00,0.954011960464336
1979-03-28 00:00:00,0.9530565809545463
1979-03-29 00:00:00,0.953903997073011
1979-03-30 00:00:00,0.9534496234199236
1979-04-02 00:00:00,0.956290203775856
1979-04-03 00:00:00,0.9531413265211625
1979-04-04 00:00:00,0.9548870502286828
1979-04-05 00:00:00,0.9556305635604884
1979-04-06 00:00:00,0.9579603511545806
1979-04-09 00:00:00,0.960178623709797
1979-04-10 00:00:00,0.9576542379589376
1979-04-11 00:00:00,0.9556137829910433
1979-04-12 00:00:00,0.9581404534073246
1979-04-13 00:00:00,0.9580864717116621
1979-04-16 00:00:00,0.958428158697403
1979-04-17 00:00:00,0.9581763876745406
1979-04-18 00:00:00,0.9572312390341865
1979-04-19 00:00:00,0.9556879126271695
1979-04-20 00:00:00,0.9601851871872081
1979-04-23 00:00:00,0.9585535590381191
1979-04-24 00:00:00,0.958104268523428
1979-04-25 00:00:00,0.958643115261303
1979-04-26 00:00:00,0.9581940044937234
1979-04-27 00:00:00,0.9587325817028439
1979-04-30 00:00:00,0.9584811701743154
1979-05-01 00:00:00,0.9572407219210247
1979-05-02 00:00:00,0.9579780777110734
1979-05-03 00:00:00,0.958121705472819
1979-05-04 00:00:00,0.9584626732245314
1979-05-07 00:00:00,0.9577172941851362
1979-05-08 00:00:00,0.9578609668913205
1979-05-09 00:00:00,0.9582020244399899
1979-05-10 00:00:00,0.9579110623095753
1979-05-11 00:00:00,0.956610808763018
1979-05-14 00:00:00,0.9565568270673555
1979-05-15 00:00:00,0.956898874407087
1979-05-16 00:00:00,0.956052473794135
1979-05-17 00:00:00,0.9571865796971655
1979-05-18 00:00:00,0.9574291133260204
1979-05-21 00:00:00,0.958164851114824
1979-05-22 00:00:00,0.956826845282978
1979-05-23 00:00:00,0.9557825653158225
1979-05-24 00:00:00,0.9536415970014263
1979-05-25 00:00:00,0.955971928184537
1979-05-28 00:00:00,0.9565119900804429
1979-05-29 00:00:00,0.9575449843982689
1979-05-31 00:00:00,0.955115905615704
1979-06-01 00:00:00,0.9555578064686489
1979-06-04 00:00:00,0.9527195856114604
1979-06-05 00:00:00,0.9545568474726909
1979-06-06 00:00:00,0.9542047932334361
1979-06-07 00:00:00,0.9536535704849074
1979-06-08 00:00:00,0.9545935041739231
1979-06-11 00:00:00,0.9553330250454498
1979-06-12 00:00:00,0.9564665902325232
1979-06-13 00:00:00,0.9542329572987158
1979-06-14 00:00:00,0.95398028323249
1979-06-15 00:00:00,0.9496323879693355
1979-06-18 00:00:00,0.9477683642808553
1979-06-19 00:00:00,0.9440717591627741
1979-06-20 00:00:00,0.940139835368861
1979-06-21 00:00:00,0.937515908091399
1979-06-22 00:00:00,0.9332147531710785
1979-06-25 00:00:00,0.9281365365141963
1979-06-26 00:00:00,0.9328985707118934
1979-06-27 00:00:00,0.9328445890162309
1979-06-28 00:00:00,0.9318524171632636
1979-06-29 00:00:00,0.9299161228030507
1979-07-02 00:00:00,0.9286028515683621
1979-07-03 00:00:00,0.9281283187752771
1979-07-05 00:00:00,0.9242715404456188
1979-07-06 00:00:00,0.9242175587499563
1979-07-09 00:00:00,0.9287020793005194
1979-07-10 00:00:00,0.9268592854155725
1979-07-11 00:00:00,0.9247975705969733
1979-07-12 00:00:00,0.92251404071067
1979-07-13 00:00:00,0.9220341296985517
1979-07-16 00:00:00,0.9209135625928284
1979-07-17 00:00:00,0.9169989063573303
1979-07-18 00:00:00,0.9134854069615292
1979-07-19 00:00:00,0.9125624195076973
1979-07-20 00:00:00,0.915542726581525
1979-07-23 00:00:00,0.9139741296772768
1979-07-24 00:00:00,0.9113118823018663
1979-07-25 00:00:00,0.9125638996032536
1979-07-26 00:00:00,0.9118573859504734
1979-07-27 00:00:00,0.9108228524105165
1979-07-30 00:00:00,0.9137042211989642
1979-07-31 00:00:00,0.9173198659821676
1979-08-01 00:00:00,0.9155426946662013
1979-08-02 00:00:00,0.914948871732933
1979-08-03 00:00:00,0.9167277368703678
1979-08-06 00:00:00,0.9162431626180552
1979-08-07 00:00:00,0.9174797335779565
1979-08-08 00:00:00,0.9182840824973636
1979-08-09 00:00:00,0.9165118100877178
1979-08-10 00:00:00,0.9157040229686929
1979-08-13 00:00:00,0.9167265229830625
1979-08-14 00:00:00,0.9188178619548194
1979-08-15 00:00:00,0.9186996683926878
1979-08-16 00:00:00,0.9184958235422255
1979-08-17 00:00:00,0.9206845873069891
1979-08-20 00:00:00,0.9202042738102816
1979-08-21 00:00:00,0.9194032412668844
1979-08-22 00:00:00,0.9194560568099408
1979-08-23 00:00:00,0.9185469896033255
1979-08-24 00:00:00,0.9179577569737026
1979-08-27 00:00:00,0.9180108761514739
1979-08-28 00:00:00,0.9177426673476196
1979-08-29 00:00:00,0.917474357062426
1979-08-30 00:00:00,0.9163472076722047
1979-08-31 00:00:00,0.9162932259765422
1979-09-04 00:00:00,0.9169907286558351
1979-09-05 00:00:00,0.9167221643515909
1979-09-06 00:00:00,0.9135452657610356
1979-09-07 00:00:00,0.9108904670377159
1979-09-10 00:00:00,0.9114880842220165
1979-09-11 00:00:00,0.9132752497005181
1979-09-12 00:00:00,0.9132212680048556
1979-09-13 00:00:00,0.9141390007290653
1979-09-14 00:00:00,0.9166661282671412
1979-09-17 00:00:00,0.9162903107862909
1979-09-18 00:00:00,0.9160216447479663
1979-09-19 00:00:00,0.9152154656517071
1979-09-20 00:00:00,0.905158080756702
1979-09-21 00:00:00,0.9053239110956826
1979-09-24 00:00:00,0.9047202015221397
1979-09-25 00:00:00,0.9052159477043575
1979-09-26 00:00:00,0.9045022134007563
1979-09-27 00:00:00,0.8977980785141234
1979-09-28 00:00:00,0.8957302023165155
1979-10-01 00:00:00,0.8950029695861418
1979-10-02 00:00:00,0.8997524266004496
1979-10-03 00:00:00,0.8976937778678151
1979-10-04 00:00:00,0.9041783232267813
1979-10-05 00:00:00,0.9023603480229969
1979-10-09 00:00:00,0.913436966338187
1979-10-10 00:00:00,0.9062118680249621
1979-10-11 00:00:00,0.9111678374265477
1979-10-12 00:00:00,0.9119795557157112
1979-10-15 00:00:00,0.9141902180662488
1979-10-16 00:00:00,0.9167106227612773
1979-10-17 00:00:00,0.9184713377848265
1979-10-18 00:00:00,0.9167096082643966
1979-10-19 00:00:00,0.9176170292678508
1979-10-22 00:00:00,0.9185224076310096
1979-10-23 00:00:00,0.9235507822281825
1979-10-24 00:00:00,0.9213861278603189
1979-10-25 00:00:00,0.9187861908318836
1979-10-26 00:00:00,0.9195824613886401
1979-10-29 00:00:00,0.9221752133321773
1979-10-30 00:00:00,0.9228595323286932
1979-10-31 00:00:00,0.9220672499408523
1979-11-01 00:00:00,0.9214851664532101
1979-11-02 00:00:00,0.9210082559906815
1979-11-05 00:00:00,0.9188336456196473
1979-11-07 00:00:00,0.9184607065615806
1979-11-08 00:00:00,0.920846310903694
1979-11-09 00:00:00,0.9224816604590557
1979-11-13 00:00:00,0.923480291040084
1979-11-14 00:00:00,0.9196253003769448
1979-11-15 00:00:00,0.918722268340516
1979-11-16 00:00:00,0.9179240526957128
1979-11-19 00:00:00,0.9096016123286139
1979-11-20 00:00:00,0.9108461809779103
1979-11-21 00:00:00,0.9084086854576051
1979-11-23 00:00:00,0.9122485171390299
1979-11-26 00:00:00,0.9103599458410546
1979-11-27 00:00:00,0.9083553531170996
1979-11-28 00:00:00,0.9086270543519038
1979-11-29 00:00:00,0.907160095636394
1979-11-30 00:00:00,0.9050330889144103
1979-12-03 00:00:00,0.8945828842038531
1979-12-04 00:00:00,0.9036109845983978
1979-12-05 00:00:00,0.9094410759313887
1979-12-06 00:00:00,0.9085201567999354
1979-12-07 00:00:00,0.911493250522737
1979-12-10 00:00:00,0.9101444189342978
1979-12-11 00:00:00,0.9055292170797707
1979-12-12 00:00:00,0.9056934743414731
1979-12-13 00:00:00,0.9036715792888812
1979-12-14 00:00:00,0.904274510522847
1979-12-17 00:00:00,0.9053132902971207
1979-12-18 00:00:00,0.9056956822453055
1979-12-19 00:00:00,0.903236471737136
1979-12-20 00:00:00,0.9049330019071035
1979-12-21 00:00:00,0.9064052346885604
1979-12-24 00:00:00,0.9030745266501484
1979-12-26 00:00:00,0.9030205449544859
1979-12-27 00:00:00,0.8961194914335385
1979-12-28 00:00:00,0.8975096607469552
1979-12-31 00:00:00,0.8980099180427189
1980-01-02 00:00:00,0.894620456984202
1980-01-03 00:00:00,0.8923293554897777
1980-01-04 00:00:00,0.8950700850992949
1980-01-07 00:00:00,0.8919970838424003
1980-01-08 00:00:00,0.8945161023959376
1980-01-09 00:00:00,0.8928976525010394
1980-01-10 00:00:00,0.8941849676497524
1980-01-11 00:00:00,0.8946887121932742
1980-01-14 00:00:00,0.8949690430386658
1980-01-15 00:00:00,0.8961388048619809
1980-01-16 00:00:00,0.8958625658412365
1980-01-17 00:00:00,0.8955862195793215
1980-01-18 00:00:00,0.8961990099364664
1980-01-21 00:00:00,0.8965890073827939
1980-01-22 00:00:00,0.8983066711714733
1980-01-23 00:00:00,0.8971462109121189
1980-01-24 00:00:00,0.8977564358383762
1980-01-25 00:00:00,0.8978130620299919
1980-01-28 00:00:00,0.8990843023293662
1980-01-29 00:00:00,0.8999116815237189
1980-01-30 00:00:00,0.8993070477049944
1980-01-31 00:00:00,0.8999137692694434
1980-02-01 00:00:00,0.8987580863183332
1980-02-04 00:00:00,0.8991451026180068
1980-02-05 00:00:00,0.8978773557292167
1980-02-06 00:00:00,0.8944967277436253
1980-02-07 00:00:00,0.8954432661971914
1980-02-08 00:00:00,0.8976049091278607
1980-02-11 00:00:00,0.89566832728579
1980-02-13 00:00:00,0.8943920771723384
1980-02-14 00:00:00,0.8954493824898917
1980-02-15 00:00:00,0.8980515930842174
1980-02-19 00:00:00,0.9018438776263458
1980-02-20 00:00:00,0.9002552619797834
1980-02-21 00:00:00,0.9000914664682522
1980-02-22 00:00:00,0.9046271102453092
1980-02-25 00:00:00,0.9055506435458194
1980-02-26 00:00:00,0.9062555031212598
1980-02-27 00:00:00,0.9060931929717273
1980-02-28 00:00:00,0.9050630931458438
1980-02-29 00:00:00,0.9089010726064728
1980-03-03 00:00:00,0.9138784881686374
1980-03-04 00:00:00,0.9183790515887054
1980-03-05 00:00:00,0.9168472527700726
1980-03-06 00:00:00,0.919954083466216
1980-03-07 00:00:00,0.9226215472049754
1980-03-10 00:00:00,0.9248574444488087
1980-03-11 00:00:00,0.9235558956558578
1980-03-12 00:00:00,0.9237100844326717
1980-03-13 00:00:00,0.9265603205218992
1980-03-14 00:00:00,0.9306225605734177
1980-03-17 00:00:00,0.9465604302435051
1980-03-18 00:00:00,0.9456167000136235
1980-03-19 00:00:00,0.9431811215263816
1980-03-20 00:00:00,0.9417318416570924
1980-03-21 00:00:00,0.944860576086924
1980-03-24 00:00:00,0.9477693971848321
1980-03-25 00:00:00,0.946828695025698
1980-03-26 00:00:00,0.9461825583738676
1980-03-27 00:00:00,0.9567616455573656
1980-03-28 00:00:00,0.9565149062371946
1980-03-31 00:00:00,0.9618256101786334
1980-04-01 00:00:00,0.9651850856402373
1980-04-02 00:00:00,0.9653199395878602
1980-04-03 00:00:00,0.9677132042143346
1980-04-04 00:00:00,0.9700924073149801
1980-04-07 00:00:00,0.9737546073239605
1980-04-08 00:00:00,0.9588277857842851
1980-04-09 00:00:00,0.9425703605811808
1980-04-10 00:00:00,0.9413212282425752
1980-04-11 00:00:00,0.943852610574409
1980-04-14 00:00:00,0.9400148330809417
1980-04-15 00:00:00,0.9476923668231856
1980-04-16 00:00:00,0.9367956384567334
1980-04-17 00:00:00,0.9366409257383761
1980-04-18 00:00:00,0.9345674551159108
1980-04-21 00:00:00,0.9339058128299977
1980-04-22 00:00:00,0.9366804195721176
1980-04-23 00:00:00,0.9237525060139286
1980-04-24 00:00:00,0.9199505646061079
1980-04-25 00:00:00,0.9188498751922373
1980-04-28 00:00:00,0.9142669763187566
1980-04-29 00:00:00,0.9059874923367613
1980-04-30 00:00:00,0.9055020992729754
1980-05-01 00:00:00,0.906956266215344
1980-05-02 00:00:00,0.9185799667139247
1980-05-05 00:00:00,0.9089941318920951
1980-05-06 00:00:00,0.9057175838584488
1980-05-07 00:00:00,0.9069553804149667
1980-05-08 00:00:00,0.9088321868051076
1980-05-09 00:00:00,0.9125090646647535
1980-05-12 00:00:00,0.9102202698848031
1980-05-13 00:00:00,0.9084561160192106
1980-05-14 00:00:00,0.9071152480107556
1980-05-15 00:00:00,0.9069538605102081
1980-05-16 00:00:00,0.9087223209927496
1980-05-19 00:00:00,0.9103768946637993
1980-05-20 00:00:00,0.9118126112957154
1980-05-21 00:00:00,0.9046923738380379
1980-05-22 00:00:00,0.9037743379750105
1980-05-23 00:00:00,0.8985013037392472
1980-05-27 00:00:00,0.894052110329125
1980-05-28 00:00:00,0.8972984852142605
1980-05-29 00:00:00,0.898995015384228
1980-05-30 00:00:00,0.9004672481656849
1980-06-02 00:00:00,0.9023680651098382
1980-06-03 00:00:00,0.9002504385915934
1980-06-04 00:00:00,0.8997608122336832
1980-06-05 00:00:00,0.8971937758093806
1980-06-06 00:00:00,0.89648193666514
1980-06-09 00:00:00,0.8940076971000328
1980-06-10 00:00:00,0.8935122933724999
1980-06-11 00:00:00,0.8947813062735568
1980-06-12 00:00:00,0.8940663039770832
1980-06-13 00:00:00,0.8889126707573861
1980-06-16 00:00:00,0.8918588090807386
1980-06-17 00:00:00,0.8953353679518826
1980-06-18 00:00:00,0.8931884031985249
1980-06-19 00:00:00,0.8946775447901805
1980-06-20 00:00:00,0.8939628598344064
1980-06-23 00:00:00,0.8944595302618059
1980-06-24 00:00:00,0.8960535472056472
1980-06-25 00:00:00,0.8959995655099847
1980-06-26 00:00:00,0.8935264870204582
1980-06-27 00:00:00,0.8911514116750845
1980-06-30 00:00:00,0.8927565496332248
1980-07-01 00:00:00,0.8915971536796538
1980-07-02 00:00:00,0.8891018709974129
1980-07-03 00:00:00,0.8899371332396159
1980-07-07 00:00:00,0.8840722163886048
1980-07-08 00:00:00,0.883343021543063
1980-07-09 00:00:00,0.8837392911785991
1980-07-10 00:00:00,0.8816557293395938
1980-07-11 00:00:00,0.8817147351450554
1980-07-14 00:00:00,0.8842519042511187
1980-07-15 00:00:00,0.8841979225554562
1980-07-16 00:00:00,0.883919197212342
1980-07-17 00:00:00,0.8800278244705173
1980-07-18 00:00:00,0.883136348285514
1980-07-21 00:00:00,0.8820681934409467
1980-07-22 00:00:00,0.8805453733186503
1980-07-23 00:00:00,0.8826365917304096
1980-07-24 00:00:00,0.8799845242690827
1980-07-25 00:00:00,0.8804965807683706
1980-07-28 00:00:00,0.8829250072788277
1980-07-29 00:00:00,0.8856759044195399
1980-07-30 00:00:00,0.8905175197664036
1980-07-31 00:00:00,0.8935520161892635
1980-08-01 00:00:00,0.8952535838054736
1980-08-04 00:00:00,0.8962934096602053
1980-08-05 00:00:00,0.8908546324681672
1980-08-06 00:00:00,0.8899154680368885
1980-08-07 00:00:00,0.8930621902002837
1980-08-08 00:00:00,0.8939970071766105
1980-08-11 00:00:00,0.8933939563542691
1980-08-12 00:00:00,0.8911370987633498
1980-08-13 00:00:00,0.8909726952323318
1980-08-14 00:00:00,0.8927922817219711
1980-08-15 00:00:00,0.8941658804941058
1980-08-18 00:00:00,0.8959720404271277
1980-08-19 00:00:00,0.8974442732085846
1980-08-20 00:00:00,0.8953177617745448
1980-08-21 00:00:00,0.8937306153811564
1980-08-22 00:00:00,0.9002113870565038
1980-08-25 00:00:00,0.897663471504846
1980-08-26 00:00:00,0.896956646380929
1980-08-27 00:00:00,0.8947197503905837
1980-08-28 00:00:00,0.891812313012119
1980-08-29 00:00:00,0.8932970166210522
1980-09-02 00:00:00,0.8878349186360539
1980-09-03 00:00:00,0.8875588403316608
1980-09-04 00:00:00,0.8871715128395732
1980-09-05 00:00:00,0.8890033079113867
1980-09-08 00:00:00,0.8863961337153623
1980-09-09 00:00:00,0.885896670955779
1980-09-10 00:00:00,0.8877330180234019
1980-09-11 00:00:00,0.8873460118478157
1980-09-12 00:00:00,0.8885119439496633
1980-09-15 00:00:00,0.8890114011410504
1980-09-16 00:00:00,0.8876280459028181
1980-09-17 00:00:00,0.8869079349036927
1980-09-18 00:00:00,0.8898439699709596
1980-09-19 00:00:00,0.8907823531825295
1980-09-22 00:00:00,0.8929259678655975
1980-09-23 00:00:00,0.891774505484394
1980-09-24 00:00:00,0.8879693226494931
1980-09-25 00:00:00,0.8885795475757503
1980-09-26 00:00:00,0.8867522131955281
1980-09-29 00:00:00,0.8903483061484128
1980-09-30 00:00:00,0.8895224851695417
1980-10-01 00:00:00,0.8889163942492408
1980-10-02 00:00:00,0.890626829869768
1980-10-03 00:00:00,0.8896914872840904
1980-10-06 00:00:00,0.8875374690841931
1980-10-07 00:00:00,0.8884794378590171
1980-10-08 00:00:00,0.8878724166789409
1980-10-09 00:00:00,0.8895858232370953
1980-10-10 00:00:00,0.8879857489234628
1980-10-14 00:00:00,0.8910187617451188
1980-10-15 00:00:00,0.8914040879940521
1980-10-16 00:00:00,0.892774952755045
1980-10-17 00:00:00,0.8958835556435397
1980-10-20 00:00:00,0.8999406905279788
1980-10-21 00:00:00,0.8985924741434985
1980-10-22 00:00:00,0.9013380150290524
1980-10-23 00:00:00,0.8988084154764336
1980-10-24 00:00:00,0.9000477464854005
1980-10-27 00:00:00,0.9050239713160184
1980-10-28 00:00:00,0.9081516876245714
1980-10-29 00:00:00,0.9049160079246934
1980-10-30 00:00:00,0.9070915744196718
1980-10-31 00:00:00,0.9079897425375839
1980-11-03 00:00:00,0.9137109448152235
1980-11-05 00:00:00,0.9173970613211004
1980-11-06 00:00:00,0.9199219901457856
1980-11-07 00:00:00,0.9245743267165897
1980-11-10 00:00:00,0.9131819225046572
1980-11-12 00:00:00,0.9141707397129702
1980-11-13 00:00:00,0.9124471089090197
1980-11-14 00:00:00,0.9140627763216453
1980-11-17 00:00:00,0.9201120880511704
1980-11-18 00:00:00,0.919544118276148
1980-11-19 00:00:00,0.9179445884627131
1980-11-20 00:00:00,0.918715569019472
1980-11-21 00:00:00,0.920204268170056
1980-11-24 00:00:00,0.9193281914934981
1980-11-25 00:00:00,0.9195826741734225
1980-11-26 00:00:00,0.9206578945506951
1980-11-28 00:00:00,0.9229556987762849
1980-12-01 00:00:00,0.9304845158483087
1980-12-02 00:00:00,0.9304305341526462
1980-12-03 00:00:00,0.9293730473139452
1980-12-04 00:00:00,0.9309235713466438
1980-12-05 00:00:00,0.9365381971046312
1980-12-08 00:00:00,0.9345036169412327
1980-12-09 00:00:00,0.9402666063113418
1980-12-10 00:00:00,0.9470141278005938
1980-12-11 00:00:00,0.953275762640917
1980-12-12 00:00:00,0.9507449376737421
1980-12-15 00:00:00,0.941126616584241
1980-12-16 00:00:00,0.9529238010317616
1980-12-17 00:00:00,0.9397468032738884
1980-12-18 00:00:00,0.9426222295605705
1980-12-19 00:00:00,0.9388543003376997
1980-12-22 00:00:00,0.9370298928147
1980-12-23 00:00:00,0.9334132571850757
1980-12-24 00:00:00,0.9222898619672443
1980-12-26 00:00:00,0.923253797400547
1980-12-29 00:00:00,0.9304600729486784
1980-12-30 00:00:00,0.9331973304024257
1980-12-31 00:00:00,0.9326462210756791
1981-01-02 00:00:00,0.936060269524592
1981-01-05 00:00:00,0.926830652459211
1981-01-06 00:00:00,0.915754775091935
1981-01-07 00:00:00,0.9269242205191253
1981-01-08 00:00:00,0.9314800521149205
1981-01-09 00:00:00,0.9342084050630786
1981-01-12 00:00:00,0.937902199387468
1981-01-13 00:00:00,0.9438941808743704
1981-01-14 00:00:00,0.9408278029742242
1981-01-15 00:00:00,0.9430108393383334
1981-01-16 00:00:00,0.9452788102620937
1981-01-19 00:00:00,0.9457069933486226
1981-01-20 00:00:00,0.9434305588064253
1981-01-21 00:00:00,0.9408503384145304
1981-01-22 00:00:00,0.9473723468871077
1981-01-23 00:00:00,0.9522798349676402
1981-01-26 00:00:00,0.9557212696843014
1981-01-27 00:00:00,0.9656160485852512
1981-01-28 00:00:00,0.9637202638854342
1981-01-29 00:00:00,0.9667925482042684
1981-01-30 00:00:00,0.9727412371233972
1981-02-02 00:00:00,0.966317997341364
1981-02-03 00:00:00,0.9703696954397966
1981-02-04 00:00:00,0.9627113653764181
1981-02-05 00:00:00,0.9716213568769114
1981-02-06 00:00:00,0.9728323600372035
1981-02-09 00:00:00,0.9683340050054642
1981-02-10 00:00:00,0.9720020197847449
1981-02-11 00:00:00,0.9723093835580972
1981-02-13 00:00:00,0.985145323619894
1981-02-17 00:00:00,0.9842152376805168
1981-02-18 00:00:00,0.9824034043138902
1981-02-19 00:00:00,0.967918917914818
1981-02-20 00:00:00,0.9610606217767202
1981-02-23 00:00:00,0.9642386667436896
1981-02-24 00:00:00,0.9728335021697467
1981-02-25 00:00:00,0.973679554359967
1981-02-26 00:00:00,0.9764926066769221
1981-02-27 00:00:00,0.9789310599916895
1981-03-02 00:00:00,0.9846930139724395
1981-03-03 00:00:00,0.9858621713001509
1981-03-04 00:00:00,0.9778806880008455
1981-03-05 00:00:00,0.9803094858996988
1981-03-06 00:00:00,0.9821957941737848
1981-03-09 00:00:00,0.979936225879912
1981-03-10 00:00:00,0.9742711860083173
1981-03-11 00:00:00,0.9820338490867973
1981-03-12 00:00:00,0.973983839357623
1981-03-13 00:00:00,0.9748259974079
1981-03-16 00:00:00,0.9702718144853488
1981-03-17 00:00:00,0.9661255776335563
1981-03-18 00:00:00,0.9577650636607358
1981-03-19 00:00:00,0.956310579795556
1981-03-20 00:00:00,0.9604442306188736
1981-03-23 00:00:00,0.9662750369879203
1981-03-24 00:00:00,0.9655814197212408
1981-03-25 00:00:00,0.96625837021471
1981-03-26 00:00:00,0.9707439143838845
1981-03-27 00:00:00,0.9756267590339366
1981-03-30 00:00:00,0.9706359509925595
1981-03-31 00:00:00,0.9723839936640669
1981-04-01 00:00:00,0.9689900953039995
1981-04-02 00:00:00,0.9704740059055721
1981-04-03 00:00:00,0.9762481580644417
1981-04-06 00:00:00,0.984915407129315
1981-04-07 00:00:00,0.9731915520950671
1981-04-08 00:00:00,0.9791906945343761
1981-04-09 00:00:00,0.9809002334778847
1981-04-10 00:00:00,0.981549542603161
1981-04-13 00:00:00,0.9881171442003438
1981-04-14 00:00:00,0.9871980228164752
1981-04-15 00:00:00,0.9900780282161487
1981-04-16 00:00:00,0.9927661805608876
1981-04-17 00:00:00,0.9935653152766857
1981-04-20 00:00:00,0.9943626501688311
1981-04-21 00:00:00,0.9915438629563822
1981-04-22 00:00:00,0.9875663916195595
1981-04-23 00:00:00,0.9886348216445083
1981-04-24 00:00:00,0.9907306352139182
1981-04-27 00:00:00,0.9929003948363925
1981-04-28 00:00:00,0.9957360164341277
1981-04-29 00:00:00,0.9965279858974712
1981-04-30 00:00:00,0.9956280530428027
1981-05-01 00:00:00,0.9955740713471402
1981-05-04 00:00:00,1.0093362416965477
1981-05-05 00:00:00,1.0136749455573832
1981-05-06 00:00:00,1.0099637977472409
1981-05-07 00:00:00,1.0143750918419197
1981-05-08 00:00:00,1.0115667363253136
1981-05-11 00:00:00,1.015073578763672
1981-05-12 00:00:00,1.0185483941656654
1981-05-13 00:00:00,1.0189731544664442
1981-05-14 00:00:00,1.0225701240024192
1981-05-15 00:00:00,1.0237780467554753
1981-05-18 00:00:00,1.0184122984875148
1981-05-19 00:00:00,1.0201899392538942
1981-05-20 00:00:00,1.0183841498853194
1981-05-21 00:00:00,1.0229316805093145
1981-05-22 00:00:00,1.023193046579417
1981-05-26 00:00:00,1.0271374095073451
1981-05-27 00:00:00,1.030809122024244
1981-05-28 00:00:00,1.0203424517112378
1981-05-29 00:00:00,1.0270534515422691
1981-06-01 00:00:00,1.0274670619240156
1981-06-02 00:00:00,1.0332355148346055
1981-06-03 00:00:00,1.0332355148346055
1981-06-04 00:00:00,1.0332355148346055
1981-06-05 00:00:00,1.0332355148346055
1981-06-08 00:00:00,1.0332355148346055
1981-06-09 00:00:00,1.0332355148346055
1981-06-10 00:00:00,1.0332355148346055
1981-06-11 00:00:00,1.0332355148346055
1981-06-12 00:00:00,1.0332355148346055
1981-06-15 00:00:00,1.0332355148346055
1981-06-16 00:00:00,1.0332355148346055
1981-06-17 00:00:00,1.0332355148346055
1981-06-18 00:00:00,1.0332355148346055
1981-06-19 00:00:00,1.0332355148346055
1981-06-22 00:00:00,1.0332355148346055
1981-06-23 00:00:00,1.0332355148346055
1981-06-24 00:00:00,1.0332355148346055
1981-06-25 00:00:00,1.0332355148346055
1981-06-26 00:00:00,1.0332355148346055
1981-06-29 00:00:00,1.0332355148346055
1981-06-30 00:00:00,1.0332355148346055
1981-07-01 00:00:00,1.0332355148346055
1981-07-02 00:00:00,1.0332355148346055
1981-07-03 00:00:00,1.0332355148346055
1981-07-06 00:00:00,1.0332355148346055
1981-07-07 00:00:00,1.0332355148346055
1981-07-08 00:00:00,1.0332355148346055
1981-07-09 00:00:00,1.0332355148346055
1981-07-10 00:00:00,1.0332355148346055
1981-07-13 00:00:00,1.0332355148346055
1981-07-14 00:00:00,1.0332355148346055
1981-07-15 00:00:00,1.0332355148346055
1981-07-16 00:00:00,1.0332355148346055
1981-07-17 00:00:00,1.0332355148346055
1981-07-20 00:00:00,1.0332355148346055
1981-07-21 00:00:00,1.0332355148346055
1981-07-22 00:00:00,1.0332355148346055
1981-07-23 00:00:00,1.0332355148346055
1981-07-24 00:00:00,1.0332355148346055
1981-07-27 00:00:00,1.0332355148346055
1981-07-28 00:00:00,1.0332355148346055
1981-07-29 00:00:00,1.0332355148346055
1981-07-30 00:00:00,1.0332355148346055
1981-07-31 00:00:00,1.0332355148346055
1981-08-03 00:00:00,1.0332355148346055
1981-08-04 00:00:00,1.0332355148346055
1981-08-05 00:00:00,1.0332355148346055
1981-08-06 00:00:00,1.0332355148346055
1981-08-07 00:00:00,1.0332355148346055
1981-08-10 00:00:00,1.0332355148346055
1981-08-11 00:00:00,1.0332355148346055
1981-08-12 00:00:00,1.0332355148346055
1981-08-13 00:00:00,1.0332355148346055
1981-08-14 00:00:00,1.0332355148346055
1981-08-17 00:00:00,1.0332355148346055
1981-08-18 00:00:00,1.0332355148346055
1981-08-19 00:00:00,1.0332355148346055
1981-08-20 00:00:00,1.0332355148346055
1981-08-21 00:00:00,1.0332355148346055
1981-08-24 00:00:00,1.0332355148346055
1981-08-25 00:00:00,1.0332355148346055
1981-08-26 00:00:00,1.0332355148346055
1981-08-27 00:00:00,1.0332355148346055
1981-08-28 00:00:00,1.0332355148346055
1981-08-31 00:00:00,1.0332355148346055
1981-09-01 00:00:00,1.0332355148346055
1981-09-02 00:00:00,1.0332355148346055
1981-09-03 00:00:00,1.0332355148346055
1981-09-04 00:00:00,1.0332355148346055
1981-09-08 00:00:00,1.0332355148346055
1981-09-09 00:00:00,1.0332355148346055
1981-09-10 00:00:00,1.0332355148346055
1981-09-11 00:00:00,1.0332355148346055
1981-09-14 00:00:00,1.0332355148346055
1981-09-15 00:00:00,1.0332355148346055
1981-09-16 00:00:00,1.0332355148346055
1981-09-17 00:00:00,1.0332355148346055
1981-09-18 00:00:00,1.0332355148346055
1981-09-21 00:00:00,1.0332355148346055
1981-09-22 00:00:00,1.0332355148346055
1981-09-23 00:00:00,1.0332355148346055
1981-09-24 00:00:00,1.0332355148346055
1981-09-25 00:00:00,1.0332355148346055
1981-09-28 00:00:00,1.0332355148346055
1981-09-29 00:00:00,1.0332355148346055
1981-09-30 00:00:00,1.0332355148346055
1981-10-01 00:00:00,1.0332355148346055
1981-10-02 00:00:00,1.0332355148346055
1981-10-05 00:00:00,1.0332355148346055
1981-10-06 00:00:00,1.0332355148346055
1981-10-07 00:00:00,1.0332355148346055
1981-10-08 00:00:00,1.0332355148346055
1981-10-09 00:00:00,1.0332355148346055
1981-10-13 00:00:00,1.0332355148346055
1981-10-14 00:00:00,1.0332355148346055
1981-10-15 00:00:00,1.0332355148346055
1981-10-16 00:00:00,1.0332355148346055
1981-10-19 00:00:00,1.0332355148346055
1981-10-20 00:00:00,1.0332355148346055
1981-10-21 00:00:00,1.0332355148346055
1981-10-22 00:00:00,1.0332355148346055
1981-10-23 00:00:00,1.0332355148346055
1981-10-26 00:00:00,1.0332355148346055
1981-10-27 00:00:00,1.0332355148346055
1981-10-28 00:00:00,1.0332355148346055
1981-10-29 00:00:00,1.0332355148346055
1981-10-30 00:00:00,1.0332355148346055
1981-11-02 00:00:00,1.0332355148346055
1981-11-04 00:00:00,1.0332355148346055
1981-11-05 00:00:00,1.0332355148346055
1981-11-06 00:00:00,1.0332355148346055
1981-11-09 00:00:00,1.0332355148346055
1981-11-10 00:00:00,1.0332355148346055
1981-11-12 00:00:00,1.0332355148346055
1981-11-13 00:00:00,1.0332355148346055
1981-11-16 00:00:00,1.0332355148346055
1981-11-17 00:00:00,1.0332355148346055
1981-11-18 00:00:00,1.0332355148346055
1981-11-19 00:00:00,1.0332355148346055
1981-11-20 00:00:00,1.0332355148346055
1981-11-23 00:00:00,1.0332355148346055
1981-11-24 00:00:00,1.0332355148346055
1981-11-25 00:00:00,1.0332355148346055
1981-11-27 00:00:00,1.0332355148346055
1981-11-30 00:00:00,1.0332355148346055
1981-12-01 00:00:00,1.0332355148346055
1981-12-02 00:00:00,1.0332355148346055
1981-12-03 00:00:00,1.0332355148346055
1981-12-04 00:00:00,1.0332355148346055
1981-12-07 00:00:00,1.0332355148346055
1981-12-08 00:00:00,1.0332355148346055
1981-12-09 00:00:00,1.0332355148346055
1981-12-10 00:00:00,1.0332355148346055
1981-12-11 00:00:00,1.0332355148346055
1981-12-14 00:00:00,1.0332355148346055
1981-12-15 00:00:00,1.0332355148346055
1981-12-16 00:00:00,1.0332355148346055
1981-12-17 00:00:00,1.0332355148346055
1981-12-18 00:00:00,1.0332355148346055
1981-12-21 00:00:00,1.0332355148346055
1981-12-22 00:00:00,1.0332355148346055
1981-12-23 00:00:00,1.0332355148346055
1981-12-24 00:00:00,1.0332355148346055
1981-12-28 00:00:00,1.0332355148346055
1981-12-29 00:00:00,1.0332355148346055
1981-12-30 00:00:00,1.0332355148346055
1981-12-31 00:00:00,1.0332355148346055
1982-01-04 00:00:00,1.0332355148346055
1982-01-05 00:00:00,1.0332355148346055
1982-01-06 00:00:00,1.0332355148346055
1982-01-07 00:00:00,1.0332355148346055
1982-01-08 00:00:00,1.0332355148346055
1982-01-11 00:00:00,1.0332355148346055
1982-01-12 00:00:00,1.0332355148346055
1982-01-13 00:00:00,1.0332355148346055
1982-01-14 00:00:00,1.0332355148346055
1982-01-15 00:00:00,1.0332355148346055
1982-01-18 00:00:00,1.0332355148346055
1982-01-19 00:00:00,1.0332355148346055
1982-01-20 00:00:00,1.0332355148346055
1982-01-21 00:00:00,1.0332355148346055
1982-01-22 00:00:00,1.0332355148346055
1982-01-25 00:00:00,1.0332355148346055
1982-01-26 00:00:00,1.0332355148346055
1982-01-27 00:00:00,1.0332355148346055
1982-01-28 00:00:00,1.0332355148346055
1982-01-29 00:00:00,1.0332355148346055
1982-02-01 00:00:00,1.0332355148346055
1982-02-02 00:00:00,1.0332355148346055
1982-02-03 00:00:00,1.0332355148346055
1982-02-04 00:00:00,1.0332355148346055
1982-02-05 00:00:00,1.0332355148346055
1982-02-08 00:00:00,1.0332355148346055
1982-02-09 00:00:00,1.0332355148346055
1982-02-10 00:00:00,1.0332355148346055
1982-02-11 00:00:00,1.0332355148346055
1982-02-16 00:00:00,1.0332355148346055
1982-02-17 00:00:00,1.0332355148346055
1982-02-18 00:00:00,1.0332355148346055
1982-02-19 00:00:00,1.0332355148346055
1982-02-22 00:00:00,1.0332355148346055
1982-02-23 00:00:00,1.0332355148346055
1982-02-24 00:00:00,1.0332355148346055
1982-02-25 00:00:00,1.0332355148346055
1982-02-26 00:00:00,1.0332355148346055
1982-03-01 00:00:00,1.0332355148346055
1982-03-02 00:00:00,1.0332355148346055
1982-03-03 00:00:00,1.0332355148346055
1982-03-04 00:00:00,1.0332355148346055
1982-03-05 00:00:00,1.0332355148346055
1982-03-08 00:00:00,1.0332355148346055
1982-03-09 00:00:00,1.0332355148346055
1982-03-10 00:00:00,1.0332355148346055
1982-03-11 00:00:00,1.0332355148346055
1982-03-12 00:00:00,1.0332355148346055
1982-03-15 00:00:00,1.0332355148346055
1982-03-16 00:00:00,1.0332355148346055
1982-03-17 00:00:00,1.0332355148346055
1982-03-18 00:00:00,1.0332355148346055
1982-03-19 00:00:00,1.0332355148346055
1982-03-22 00:00:00,1.0332355148346055
1982-03-23 00:00:00,1.0332355148346055
1982-03-24 00:00:00,1.0332355148346055
1982-03-25 00:00:00,1.0332355148346055
1982-03-26 00:00:00,1.0332355148346055
1982-03-29 00:00:00,1.0332355148346055
1982-03-30 00:00:00,1.0332355148346055
1982-03-31 00:00:00,1.0332355148346055
1982-04-01 00:00:00,1.0332355148346055
1982-04-02 00:00:00,1.0332355148346055
1982-04-05 00:00:00,1.0332355148346055
1982-04-06 00:00:00,1.0332355148346055
1982-04-07 00:00:00,1.0332355148346055
1982-04-08 00:00:00,1.0332355148346055
1982-04-09 00:00:00,1.0332355148346055
1982-04-12 00:00:00,1.0332355148346055
1982-04-13 00:00:00,1.0332355148346055
1982-04-14 00:00:00,1.0332355148346055
1982-04-15 00:00:00,1.0332355148346055
1982-04-16 00:00:00,1.0332355148346055
1982-04-19 00:00:00,1.0332355148346055
1982-04-20 00:00:00,1.0332355148346055
1982-04-21 00:00:00,1.0332355148346055
1982-04-22 00:00:00,1.0332355148346055
1982-04-23 00:00:00,1.0332355148346055
1982-04-26 00:00:00,1.0332355148346055
1982-04-27 00:00:00,1.0332355148346055
1982-04-28 00:00:00,1.0332355148346055
1982-04-29 00:00:00,1.0332355148346055
1982-04-30 00:00:00,1.0332355148346055
1982-05-03 00:00:00,1.0332355148346055
1982-05-04 00:00:00,1.0332355148346055
1982-05-05 00:00:00,1.0332355148346055
1982-05-06 00:00:00,1.0332355148346055
1982-05-07 00:00:00,1.0332355148346055
1982-05-10 00:00:00,1.0332355148346055
1982-05-11 00:00:00,1.0332355148346055
1982-05-12 00:00:00,1.0332355148346055
1982-05-13 00:00:00,1.0332355148346055
1982-05-14 00:00:00,1.0332355148346055
1982-05-17 00:00:00,1.0332355148346055
1982-05-18 00:00:00,1.0332355148346055
1982-05-19 00:00:00,1.0332355148346055
1982-05-20 00:00:00,1.0332355148346055
1982-05-21 00:00:00,1.0332355148346055
1982-05-24 00:00:00,1.0332355148346055
1982-05-25 00:00:00,1.0332355148346055
1982-05-26 00:00:00,1.0332355148346055
1982-05-27 00:00:00,1.0332355148346055
1982-05-28 00:00:00,1.0332355148346055
1982-06-01 00:00:00,1.0332355148346055
1982-06-02 00:00:00,1.0332355148346055
1982-06-03 00:00:00,1.0332355148346055
1982-06-04 00:00:00,1.0332355148346055
1982-06-07 00:00:00,1.0332355148346055
1982-06-08 00:00:00,1.0332355148346055
1982-06-09 00:00:00,1.0332355148346055
1982-06-10 00:00:00,1.0332355148346055
1982-06-11 00:00:00,1.0332355148346055
1982-06-14 00:00:00,1.0332355148346055
1982-06-15 00:00:00,1.0332355148346055
1982-06-16 00:00:00,1.0332355148346055
1982-06-17 00:00:00,1.0332355148346055
1982-06-18 00:00:00,1.0332355148346055
1982-06-21 00:00:00,1.0332355148346055
1982-06-22 00:00:00,1.0332355148346055
1982-06-23 00:00:00,1.0332355148346055
1982-06-24 00:00:00,1.0332355148346055
1982-06-25 00:00:00,1.0332355148346055
1982-06-28 00:00:00,1.0332355148346055
1982-06-29 00:00:00,1.0332355148346055
1982-06-30 00:00:00,1.0332355148346055
1982-07-01 00:00:00,1.0332355148346055
1982-07-02 00:00:00,1.0332355148346055
1982-07-06 00:00:00,1.0332355148346055
1982-07-07 00:00:00,1.0332355148346055
1982-07-08 00:00:00,1.0332355148346055
1982-07-09 00:00:00,1.0332355148346055
1982-07-12 00:00:00,1.0332355148346055
1982-07-13 00:00:00,1.0332355148346055
1982-07-14 00:00:00,1.0332355148346055
1982-07-15 00:00:00,1.0332355148346055
1982-07-16 00:00:00,1.0332355148346055
1982-07-19 00:00:00,1.0332355148346055
1982-07-20 00:00:00,1.0332355148346055
1982-07-21 00:00:00,1.0332355148346055
1982-07-22 00:00:00,1.0332355148346055
1982-07-23 00:00:00,1.0332355148346055
1982-07-26 00:00:00,1.0332355148346055
1982-07-27 00:00:00,1.0332355148346055
1982-07-28 00:00:00,1.0332355148346055
1982-07-29 00:00:00,1.0332355148346055
1982-07-30 00:00:00,1.0332355148346055
1982-08-02 00:00:00,1.0332355148346055
1982-08-03 00:00:00,1.0332355148346055
1982-08-04 00:00:00,1.0332355148346055
1982-08-05 00:00:00,1.0332355148346055
1982-08-06 00:00:00,1.0332355148346055
1982-08-09 00:00:00,1.0332355148346055
1982-08-10 00:00:00,1.0332355148346055
1982-08-11 00:00:00,1.0332355148346055
1982-08-12 00:00:00,1.0332355148346055
1982-08-13 00:00:00,1.0332355148346055
1982-08-16 00:00:00,1.0332355148346055
1982-08-17 00:00:00,1.0332355148346055
1982-08-18 00:00:00,1.0332355148346055
1982-08-19 00:00:00,1.0332355148346055
1982-08-20 00:00:00,1.0332355148346055
1982-08-23 00:00:00,1.0332355148346055
1982-08-24 00:00:00,1.0332355148346055
1982-08-25 00:00:00,1.0332355148346055
1982-08-26 00:00:00,1.0332355148346055
1982-08-27 00:00:00,1.0332355148346055
1982-08-30 00:00:00,1.0332355148346055
1982-08-31 00:00:00,1.0332355148346055
1982-09-01 00:00:00,1.0332355148346055
1982-09-02 00:00:00,1.0332355148346055
1982-09-03 00:00:00,1.0332355148346055
1982-09-07 00:00:00,1.0332355148346055
1982-09-08 00:00:00,1.0332355148346055
1982-09-09 00:00:00,1.0332355148346055
1982-09-10 00:00:00,1.0332355148346055
1982-09-13 00:00:00,1.0332355148346055
1982-09-14 00:00:00,1.0332355148346055
1982-09-15 00:00:00,1.0332355148346055
1982-09-16 00:00:00,1.0332355148346055
1982-09-17 00:00:00,1.0332355148346055
1982-09-20 00:00:00,1.0332355148346055
1982-09-21 00:00:00,1.0332355148346055
1982-09-22 00:00:00,1.0332355148346055
1982-09-23 00:00:00,1.0332355148346055
1982-09-24 00:00:00,1.0332355148346055
1982-09-27 00:00:00,1.0332355148346055
1982-09-28 00:00:00,1.0332355148346055
1982-09-29 00:00:00,1.0332355148346055
1982-09-30 00:00:00,1.0332355148346055
1982-10-01 00:00:00,1.0332355148346055
1982-10-04 00:00:00,1.0332355148346055
1982-10-05 00:00:00,1.0332355148346055
1982-10-06 00:00:00,1.0332355148346055
1982-10-08 00:00:00,1.0332355148346055
1982-10-12 00:00:00,1.0332355148346055
1982-10-13 00:00:00,1.0332355148346055
1982-10-14 00:00:00,1.0332355148346055
1982-10-15 00:00:00,1.0332355148346055
1982-10-18 00:00:00,1.0332355148346055
1982-10-19 00:00:00,1.0332355148346055
1982-10-20 00:00:00,1.0332355148346055
1982-10-21 00:00:00,1.0332355148346055
1982-10-22 00:00:00,1.0332355148346055
1982-10-25 00:00:00,1.0332355148346055
1982-10-26 00:00:00,1.0332355148346055
1982-10-27 00:00:00,1.0332355148346055
1982-10-28 00:00:00,1.0332355148346055
1982-10-29 00:00:00,1.0332355148346055
1982-11-01 00:00:00,1.0332355148346055
1982-11-03 00:00:00,1.0332355148346055
1982-11-04 00:00:00,1.0332355148346055
1982-11-05 00:00:00,1.0332355148346055
1982-11-08 00:00:00,1.0332355148346055
1982-11-09 00:00:00,1.0332355148346055
1982-11-10 00:00:00,1.0332355148346055
1982-11-12 00:00:00,1.0332355148346055
1982-11-15 00:00:00,1.0332355148346055
1982-11-16 00:00:00,1.0332355148346055
1982-11-17 00:00:00,1.0332355148346055
1982-11-18 00:00:00,1.0332355148346055
1982-11-19 00:00:00,1.0332355148346055
1982-11-22 00:00:00,1.0332355148346055
1982-11-23 00:00:00,1.0332355148346055
1982-11-24 00:00:00,1.0332355148346055
1982-11-26 00:00:00,1.0332355148346055
1982-11-29 00:00:00,1.0332355148346055
1982-11-30 00:00:00,1.0332355148346055
1982-12-01 00:00:00,1.0332355148346055
1982-12-02 00:00:00,1.0332355148346055
1982-12-03 00:00:00,1.0332355148346055
1982-12-06 00:00:00,1.0332355148346055
1982-12-07 00:00:00,1.0332355148346055
1982-12-08 00:00:00,1.0332355148346055
1982-12-09 00:00:00,1.0332355148346055
1982-12-10 00:00:00,1.0332355148346055
1982-12-13 00:00:00,1.0332355148346055
1982-12-14 00:00:00,1.0332355148346055
1982-12-15 00:00:00,1.0332355148346055
1982-12-16 00:00:00,1.0332355148346055
1982-12-17 00:00:00,1.0332355148346055
1982-12-20 00:00:00,1.0332355148346055
1982-12-21 00:00:00,1.0332355148346055
1982-12-22 00:00:00,1.0332355148346055
1982-12-23 00:00:00,1.0332355148346055
1982-12-24 00:00:00,1.0332355148346055
1982-12-27 00:00:00,1.0332355148346055
1982-12-28 00:00:00,1.0332355148346055
1982-12-29 00:00:00,1.0332355148346055
1982-12-30 00:00:00,1.0332355148346055
1982-12-31 00:00:00,1.0332355148346055
1983-01-03 00:00:00,1.0332355148346055
1983-01-04 00:00:00,1.0332355148346055
1983-01-05 00:00:00,1.0332355148346055
1983-01-06 00:00:00,1.0332355148346055
1983-01-07 00:00:00,1.0332355148346055
1983-01-10 00:00:00,1.0332355148346055
1983-01-11 00:00:00,1.0332355148346055
1983-01-12 00:00:00,1.0332355148346055
1983-01-13 00:00:00,1.0332355148346055
1983-01-14 00:00:00,1.0332355148346055
1983-01-17 00:00:00,1.0332355148346055
1983-01-18 00:00:00,1.0332355148346055
1983-01-19 00:00:00,1.0332355148346055
1983-01-20 00:00:00,1.0332355148346055
1983-01-21 00:00:00,1.0332355148346055
1983-01-24 00:00:00,1.0332355148346055
1983-01-25 00:00:00,1.0332355148346055
1983-01-26 00:00:00,1.0332355148346055
1983-01-27 00:00:00,1.0332355148346055
1983-01-28 00:00:00,1.0332355148346055
1983-01-31 00:00:00,1.0332355148346055
1983-02-01 00:00:00,1.0332355148346055
1983-02-02 00:00:00,1.0332355148346055
1983-02-03 00:00:00,1.0332355148346055
1983-02-04 00:00:00,1.0332355148346055
1983-02-07 00:00:00,1.0332355148346055
1983-02-08 00:00:00,1.0332355148346055
1983-02-09 00:00:00,1.0332355148346055
1983-02-10 00:00:00,1.0332355148346055
1983-02-11 00:00:00,1.0332355148346055
1983-02-14 00:00:00,1.0332355148346055
1983-02-15 00:00:00,1.0332355148346055
1983-02-16 00:00:00,1.0332355148346055
1983-02-17 00:00:00,1.0332355148346055
1983-02-18 00:00:00,1.0332355148346055
1983-02-22 00:00:00,1.0332355148346055
1983-02-23 00:00:00,1.0332355148346055
1983-02-24 00:00:00,1.0332355148346055
1983-02-25 00:00:00,1.0332355148346055
1983-02-28 00:00:00,1.0332355148346055
1983-03-01 00:00:00,1.0332355148346055
1983-03-02 00:00:00,1.0332355148346055
1983-03-03 00:00:00,1.0332355148346055
1983-03-04 00:00:00,1.0332355148346055
1983-03-07 00:00:00,1.0332355148346055
1983-03-08 00:00:00,1.0332355148346055
1983-03-09 00:00:00,1.0332355148346055
1983-03-10 00:00:00,1.0332355148346055
1983-03-11 00:00:00,1.0332355148346055
1983-03-14 00:00:00,1.0332355148346055
1983-03-15 00:00:00,1.0332355148346055
1983-03-16 00:00:00,1.0332355148346055
1983-03-17 00:00:00,1.0332355148346055
1983-03-18 00:00:00,1.0332355148346055
1983-03-21 00:00:00,1.0332355148346055
1983-03-22 00:00:00,1.0332355148346055
1983-03-23 00:00:00,1.0332355148346055
1983-03-24 00:00:00,1.0332355148346055
1983-03-25 00:00:00,1.0332355148346055
1983-03-28 00:00:00,1.0332355148346055
1983-03-29 00:00:00,1.0332355148346055
1983-03-30 00:00:00,1.0332355148346055
1983-03-31 00:00:00,1.0332355148346055
1983-04-01 00:00:00,1.0332355148346055
1983-04-04 00:00:00,1.0332355148346055
1983-04-05 00:00:00,1.0332355148346055
1983-04-06 00:00:00,1.0332355148346055
1983-04-07 00:00:00,1.0332355148346055
1983-04-08 00:00:00,1.0332355148346055
1983-04-11 00:00:00,1.0332355148346055
1983-04-12 00:00:00,1.0332355148346055
1983-04-13 00:00:00,1.0332355148346055
1983-04-14 00:00:00,1.0332355148346055
1983-04-15 00:00:00,1.0332355148346055
1983-04-18 00:00:00,1.0332355148346055
1983-04-19 00:00:00,1.0332355148346055
1983-04-20 00:00:00,1.0332355148346055
1983-04-21 00:00:00,1.0332355148346055
1983-04-22 00:00:00,1.0332355148346055
1983-04-25 00:00:00,1.0332355148346055
1983-04-26 00:00:00,1.0332355148346055
1983-04-27 00:00:00,1.0332355148346055
1983-04-28 00:00:00,1.0332355148346055
1983-04-29 00:00:00,1.0332355148346055
1983-05-02 00:00:00,1.0332355148346055
1983-05-03 00:00:00,1.0332355148346055
1983-05-04 00:00:00,1.0332355148346055
1983-05-05 00:00:00,1.0332355148346055
1983-05-06 00:00:00,1.0332355148346055
1983-05-09 00:00:00,1.0332355148346055
1983-05-10 00:00:00,1.0332355148346055
1983-05-11 00:00:00,1.0332355148346055
1983-05-12 00:00:00,1.0332355148346055
1983-05-13 00:00:00,1.0332355148346055
1983-05-16 00:00:00,1.0332355148346055
1983-05-17 00:00:00,1.0332355148346055
1983-05-18 00:00:00,1.0332355148346055
1983-05-19 00:00:00,1.0332355148346055
1983-05-20 00:00:00,1.0332355148346055
1983-05-23 00:00:00,1.0332355148346055
1983-05-24 00:00:00,1.0332355148346055
1983-05-25 00:00:00,1.0332355148346055
1983-05-26 00:00:00,1.0332355148346055
1983-05-27 00:00:00,1.0332355148346055
1983-05-31 00:00:00,1.0332355148346055
1983-06-01 00:00:00,1.0332355148346055
1983-06-02 00:00:00,1.0332355148346055
1983-06-03 00:00:00,1.0332355148346055
1983-06-06 00:00:00,1.0332355148346055
1983-06-07 00:00:00,1.0332355148346055
1983-06-08 00:00:00,1.0332355148346055
1983-06-09 00:00:00,1.0332355148346055
1983-06-10 00:00:00,1.0332355148346055
1983-06-13 00:00:00,1.0332355148346055
1983-06-14 00:00:00,1.0332355148346055
1983-06-15 00:00:00,1.0332355148346055
1983-06-16 00:00:00,1.0332355148346055
1983-06-17 00:00:00,1.0332355148346055
1983-06-20 00:00:00,1.0332355148346055
1983-06-21 00:00:00,1.0332355148346055
1983-06-22 00:00:00,1.0332355148346055
1983-06-23 00:00:00,1.0332355148346055
1983-06-24 00:00:00,1.0332355148346055
1983-06-27 00:00:00,1.0332355148346055
1983-06-28 00:00:00,1.0332355148346055
1983-06-29 00:00:00,1.0332355148346055
1983-06-30 00:00:00,1.0332355148346055
1983-07-01 00:00:00,1.0332355148346055
1983-07-05 00:00:00,1.0332355148346055
1983-07-06 00:00:00,1.0332355148346055
1983-07-07 00:00:00,1.0332355148346055
1983-07-08 00:00:00,1.0332355148346055
1983-07-11 00:00:00,1.0332355148346055
1983-07-12 00:00:00,1.0332355148346055
1983-07-13 00:00:00,1.0332355148346055
1983-07-14 00:00:00,1.0332355148346055
1983-07-15 00:00:00,1.0332355148346055
1983-07-18 00:00:00,1.0332355148346055
1983-07-19 00:00:00,1.0332355148346055
1983-07-20 00:00:00,1.0332355148346055
1983-07-21 00:00:00,1.0332355148346055
1983-07-22 00:00:00,1.0332355148346055
1983-07-25 00:00:00,1.0332355148346055
1983-07-26 00:00:00,1.0332355148346055
1983-07-27 00:00:00,1.0332355148346055
1983-07-28 00:00:00,1.0332355148346055
1983-07-29 00:00:00,1.0332355148346055
1983-08-01 00:00:00,1.0332355148346055
1983-08-02 00:00:00,1.0332355148346055
1983-08-03 00:00:00,1.0332355148346055
1983-08-04 00:00:00,1.0332355148346055
1983-08-05 00:00:00,1.0332355148346055
1983-08-08 00:00:00,1.0332355148346055
1983-08-09 00:00:00,1.0332355148346055
1983-08-10 00:00:00,1.0332355148346055
1983-08-11 00:00:00,1.0332355148346055
1983-08-12 00:00:00,1.0332355148346055
1983-08-15 00:00:00,1.0332355148346055
1983-08-16 00:00:00,1.0332355148346055
1983-08-17 00:00:00,1.0332355148346055
1983-08-18 00:00:00,1.0332355148346055
1983-08-19 00:00:00,1.0332355148346055
1983-08-22 00:00:00,1.0332355148346055
1983-08-23 00:00:00,1.0332355148346055
1983-08-24 00:00:00,1.0332355148346055
1983-08-25 00:00:00,1.0332355148346055
1983-08-26 00:00:00,1.0332355148346055
1983-08-29 00:00:00,1.0332355148346055
1983-08-30 00:00:00,1.0332355148346055
1983-08-31 00:00:00,1.0332355148346055
1983-09-01 00:00:00,1.0332355148346055
1983-09-02 00:00:00,1.0332355148346055
1983-09-06 00:00:00,1.0332355148346055
1983-09-07 00:00:00,1.0332355148346055
1983-09-08 00:00:00,1.0332355148346055
1983-09-09 00:00:00,1.0332355148346055
1983-09-12 00:00:00,1.0332355148346055
1983-09-13 00:00:00,1.0332355148346055
1983-09-14 00:00:00,1.0332355148346055
1983-09-15 00:00:00,1.0332355148346055
1983-09-16 00:00:00,1.0332355148346055
1983-09-19 00:00:00,1.0332355148346055
1983-09-20 00:00:00,1.0332355148346055
1983-09-21 00:00:00,1.0332355148346055
1983-09-22 00:00:00,1.0332355148346055
1983-09-23 00:00:00,1.0332355148346055
1983-09-26 00:00:00,1.0332355148346055
1983-09-27 00:00:00,1.0332355148346055
1983-09-28 00:00:00,1.0332355148346055
1983-09-29 00:00:00,1.0332355148346055
1983-09-30 00:00:00,1.0332355148346055
1983-10-03 00:00:00,1.0332355148346055
1983-10-04 00:00:00,1.0332355148346055
1983-10-05 00:00:00,1.0332355148346055
1983-10-06 00:00:00,1.0332355148346055
1983-10-07 00:00:00,1.0332355148346055
1983-10-11 00:00:00,1.0332355148346055
1983-10-12 00:00:00,1.0332355148346055
1983-10-13 00:00:00,1.0332355148346055
1983-10-14 00:00:00,1.0332355148346055
1983-10-17 00:00:00,1.0332355148346055
1983-10-18 00:00:00,1.0332355148346055
1983-10-19 00:00:00,1.0332355148346055
1983-10-20 00:00:00,1.0332355148346055
1983-10-21 00:00:00,1.0332355148346055
1983-10-24 00:00:00,1.0332355148346055
1983-10-25 00:00:00,1.0332355148346055
1983-10-26 00:00:00,1.0332355148346055
1983-10-27 00:00:00,1.0332355148346055
1983-10-28 00:00:00,1.0332355148346055
1983-10-31 00:00:00,1.0332355148346055
1983-11-01 00:00:00,1.0332355148346055
1983-11-02 00:00:00,1.0332355148346055
1983-11-03 00:00:00,1.0332355148346055
1983-11-04 00:00:00,1.0332355148346055
1983-11-07 00:00:00,1.0332355148346055
1983-11-09 00:00:00,1.0332355148346055
1983-11-10 00:00:00,1.0332355148346055
1983-11-14 00:00:00,1.0332355148346055
1983-11-15 00:00:00,1.0332355148346055
1983-11-16 00:00:00,1.0332355148346055
1983-11-17 00:00:00,1.0332355148346055
1983-11-18 00:00:00,1.0332355148346055
1983-11-21 00:00:00,1.0332355148346055
1983-11-22 00:00:00,1.0332355148346055
1983-11-23 00:00:00,1.0332355148346055
1983-11-25 00:00:00,1.0332355148346055
1983-11-28 00:00:00,1.0332355148346055
1983-11-29 00:00:00,1.0332355148346055
1983-11-30 00:00:00,1.0332355148346055
1983-12-01 00:00:00,1.0332355148346055
1983-12-02 00:00:00,1.0332355148346055
1983-12-05 00:00:00,1.0332355148346055
1983-12-06 00:00:00,1.0332355148346055
1983-12-07 00:00:00,1.0332355148346055
1983-12-08 00:00:00,1.0332355148346055
1983-12-09 00:00:00,1.0332355148346055
1983-12-12 00:00:00,1.0332355148346055
1983-12-13 00:00:00,1.0332355148346055
1983-12-14 00:00:00,1.0332355148346055
1983-12-15 00:00:00,1.0332355148346055
1983-12-16 00:00:00,1.0332355148346055
1983-12-19 00:00:00,1.0332355148346055
1983-12-20 00:00:00,1.0332355148346055
1983-12-21 00:00:00,1.0332355148346055
1983-12-22 00:00:00,1.0332355148346055
1983-12-23 00:00:00,1.0332355148346055
1983-12-27 00:00:00,1.0332355148346055
1983-12-28 00:00:00,1.0332355148346055
1983-12-29 00:00:00,1.0332355148346055
1983-12-30 00:00:00,1.0332355148346055
1984-01-03 00:00:00,1.0332355148346055
1984-01-04 00:00:00,1.0332355148346055
1984-01-05 00:00:00,1.0332355148346055
1984-01-06 00:00:00,1.0332355148346055
1984-01-09 00:00:00,1.0332355148346055
1984-01-10 00:00:00,1.0332355148346055
1984-01-11 00:00:00,1.0332355148346055
1984-01-12 00:00:00,1.0332355148346055
1984-01-13 00:00:00,1.0332355148346055
1984-01-16 00:00:00,1.0332355148346055
1984-01-17 00:00:00,1.0332355148346055
1984-01-18 00:00:00,1.0332355148346055
1984-01-19 00:00:00,1.0332355148346055
1984-01-20 00:00:00,1.0332355148346055
1984-01-23 00:00:00,1.0332355148346055
1984-01-24 00:00:00,1.0332355148346055
1984-01-25 00:00:00,1.0332355148346055
1984-01-26 00:00:00,1.0332355148346055
1984-01-27 00:00:00,1.0332355148346055
1984-01-30 00:00:00,1.0332355148346055
1984-01-31 00:00:00,1.0332355148346055
1984-02-01 00:00:00,1.0332355148346055
1984-02-02 00:00:00,1.0332355148346055
1984-02-03 00:00:00,1.0332355148346055
1984-02-06 00:00:00,1.0332355148346055
1984-02-07 00:00:00,1.0332355148346055
1984-02-08 00:00:00,1.0332355148346055
1984-02-09 00:00:00,1.0332355148346055
1984-02-10 00:00:00,1.0332355148346055
1984-02-14 00:00:00,1.0332355148346055
1984-02-15 00:00:00,1.0332355148346055
1984-02-16 00:00:00,1.0332355148346055
1984-02-17 00:00:00,1.0332355148346055
1984-02-21 00:00:00,1.0332355148346055
1984-02-22 00:00:00,1.0332355148346055
1984-02-23 00:00:00,1.0332355148346055
1984-02-24 00:00:00,1.0332355148346055
1984-02-27 00:00:00,1.0332355148346055
1984-02-28 00:00:00,1.0332355148346055
1984-02-29 00:00:00,1.0332355148346055
1984-03-01 00:00:00,1.0332355148346055
1984-03-02 00:00:00,1.0384283221900887
1984-03-05 00:00:00,1.043944005725494
1984-03-06 00:00:00,1.054738714685221
1984-03-07 00:00:00,1.0543936905718139
1984-03-08 00:00:00,1.0468598610191735
1984-03-09 00:00:00,1.0468598610191735
1984-03-12 00:00:00,1.0387629752104528
1984-03-13 00:00:00,1.0481534573614841
1984-03-14 00:00:00,1.0526719503847275
1984-03-15 00:00:00,1.0455016257145753
1984-03-16 00:00:00,1.0364249234977605
1984-03-19 00:00:00,1.0357588406420422
1984-03-20 00:00:00,1.032308964923788
1984-03-21 00:00:00,1.02914479951406
1984-03-22 00:00:00,1.033765719075701
1984-03-23 00:00:00,1.0364249234977605
1984-03-26 00:00:00,1.0417845869676905
1984-03-27 00:00:00,1.0458408540162347
1984-03-28 00:00:00,1.043133175429785
1984-03-29 00:00:00,1.0463161436337194
1984-03-30 00:00:00,1.043808779818017
1984-04-02 00:00:00,1.0417845869676905
1984-04-03 00:00:00,1.0357588406420422
1984-04-04 00:00:00,1.0357588406420422
1984-04-05 00:00:00,1.03409737314021
1984-04-06 00:00:00,1.034960670459169
1984-04-09 00:00:00,1.032838218430542
1984-04-10 00:00:00,1.0350936133840831
1984-04-11 00:00:00,1.037425655641466
1984-04-12 00:00:00,1.0347613200892571
1984-04-13 00:00:00,1.0331030487429602
1984-04-16 00:00:00,1.02914479951406
1984-04-17 00:00:00,1.027177027430859
1984-04-18 00:00:00,1.027177027430859
1984-04-19 00:00:00,1.020995094101373
1984-04-20 00:00:00,1.0213186033200365
1984-04-23 00:00:00,1.0219662371839047
1984-04-24 00:00:00,1.0174499722468546
1984-04-25 00:00:00,1.0174499722468546
1984-04-26 00:00:00,1.0148871259691548
1984-04-27 00:00:00,1.0117016673189063
1984-04-30 00:00:00,1.0091676618904306
1984-05-01 00:00:00,1.0060179500867776
1984-05-02 00:00:00,1.0071495788270326
1984-05-03 00:00:00,1.0087255154528494
1984-05-04 00:00:00,1.0041375427034378
1984-05-07 00:00:00,0.99422625295436
1984-05-08 00:00:00,0.9920231170989892
1984-05-09 00:00:00,0.9916568767161074
1984-05-10 00:00:00,0.9887366601466366
1984-05-11 00:00:00,0.9917789267932416
1984-05-14 00:00:00,0.9923896281028435
1984-05-15 00:00:00,0.9973024480439465
1984-05-16 00:00:00,1.0010812820914452
1984-05-17 00:00:00,0.9958235022485279
1984-05-18 00:00:00,0.9919010069171699
1984-05-21 00:00:00,0.9960696885284411
1984-05-22 00:00:00,0.998847695097005
1984-05-23 00:00:00,0.9930010819710521
1984-05-24 00:00:00,1.001641240546313
1984-05-25 00:00:00,1.001641240546313
1984-05-29 00:00:00,0.9984145434512561
1984-05-30 00:00:00,0.9966856870989594
1984-05-31 00:00:00,0.9970556520904587
1984-06-01 00:00:00,1.0064577256223177
1984-06-04 00:00:00,1.0137380526097735
1984-06-05 00:00:00,1.0056413054031061
1984-06-06 00:00:00,1.0100531186005375
1984-06-07 00:00:00,1.0045130616049722
1984-06-08 00:00:00,1.0043878574342626
1984-06-11 00:00:00,1.001330075202869
1984-06-12 00:00:00,0.996192827320446
1984-06-13 00:00:00,0.9996531175034225
1984-06-14 00:00:00,0.9973024480439465
1984-06-15 00:00:00,0.993245874546418
1984-06-18 00:00:00,0.9919010069171699
1984-06-19 00:00:00,0.992695260880208
1984-06-20 00:00:00,0.9860748629705197
1984-06-21 00:00:00,0.9857130006354847
1984-06-22 00:00:00,0.9866181549060409
1984-06-25 00:00:00,0.9834273590670108
1984-06-26 00:00:00,0.9853514037900571
1984-06-27 00:00:00,0.981749973220649
1984-06-28 00:00:00,0.9842080952910031
1984-06-29 00:00:00,0.9851707048346583
1984-07-02 00:00:00,0.9833073557285037
1984-07-03 00:00:00,0.9782341463059288
1984-07-05 00:00:00,0.9753923355559025
1984-07-06 00:00:00,0.9716874207397913
1984-07-09 00:00:00,0.9719218164509815
1984-07-10 00:00:00,0.9748613331956313
1984-07-11 00:00:00,0.9696996125385184
1984-07-12 00:00:00,0.9699914270472573
1984-07-13 00:00:00,0.9726256825823885
1984-07-16 00:00:00,0.9752742850463042
1984-07-17 00:00:00,0.9702834172420335
1984-07-18 00:00:00,0.9670231345487925
1984-07-19 00:00:00,0.9729779980916552
1984-07-20 00:00:00,0.969349666810428
1984-07-23 00:00:00,0.9655168679840747
1984-07-24 00:00:00,0.9668490947501455
1984-07-25 00:00:00,0.9696996125385184
1984-07-26 00:00:00,0.9704586957542107
1984-07-27 00:00:00,0.9626333508774444
1984-07-30 00:00:00,0.9599385049967345
1984-07-31 00:00:00,0.9558960593351232
1984-08-01 00:00:00,0.9548766181058286
1984-08-02 00:00:00,0.9588533769865645
1984-08-03 00:00:00,0.9679524060294401
1984-08-06 00:00:00,0.9635542006690287
1984-08-07 00:00:00,0.9561796238736384
1984-08-08 00:00:00,0.9604533707026326
1984-08-09 00:00:00,0.9593670790160234
1984-08-10 00:00:00,0.9611407180576201
1984-08-13 00:00:00,0.957201850709163
1984-08-14 00:00:00,0.9653433698945897
1984-08-15 00:00:00,0.9655168679840747
1984-08-16 00:00:00,0.9694079735573037
1984-08-17 00:00:00,0.9692330743559163
1984-08-20 00:00:00,0.9667910954043296
1984-08-21 00:00:00,0.9643613906408675
1984-08-22 00:00:00,0.9687669848755818
1984-08-23 00:00:00,0.9722736221277857
1984-08-24 00:00:00,0.9694079735573037
1984-08-27 00:00:00,0.9672552851032395
1984-08-28 00:00:00,0.9704586957542107
1984-08-29 00:00:00,0.9708679253247093
1984-08-30 00:00:00,0.9720390567183461
1984-08-31 00:00:00,0.9685341081965249
1984-09-04 00:00:00,0.9578845503946614
1984-09-05 00:00:00,0.9544807557234335
1984-09-06 00:00:00,0.9536335834550401
1984-09-07 00:00:00,0.9463218977972487
1984-09-10 00:00:00,0.9463218977972487
1984-09-11 00:00:00,0.9463218977972487
1984-09-12 00:00:00,0.9463218977972487
1984-09-13 00:00:00,0.9463218977972487
1984-09-14 00:00:00,0.9463218977972487
1984-09-17 00:00:00,0.9463218977972487
1984-09-18 00:00:00,0.9463218977972487
1984-09-19 00:00:00,0.9463218977972487
1984-09-20 00:00:00,0.9463218977972487
1984-09-21 00:00:00,0.9463218977972487
1984-09-24 00:00:00,0.9463218977972487
1984-09-25 00:00:00,0.9463218977972487
1984-09-26 00:00:00,0.9463218977972487
1984-09-27 00:00:00,0.9463218977972487
1984-09-28 00:00:00,0.9463218977972487
1984-10-01 00:00:00,0.9463218977972487
1984-10-02 00:00:00,0.9463218977972487
1984-10-03 00:00:00,0.9463218977972487
1984-10-04 00:00:00,0.9463218977972487
1984-10-05 00:00:00,0.9463218977972487
1984-10-09 00:00:00,0.9463218977972487
1984-10-10 00:00:00,0.9463218977972487
1984-10-11 00:00:00,0.9463218977972487
1984-10-12 00:00:00,0.9463218977972487
1984-10-15 00:00:00,0.9463218977972487
1984-10-16 00:00:00,0.9463218977972487
1984-10-17 00:00:00,0.9463218977972487
1984-10-18 00:00:00,0.9463218977972487
1984-10-19 00:00:00,0.9463218977972487
1984-10-22 00:00:00,0.9463218977972487
1984-10-23 00:00:00,0.9463218977972487
1984-10-24 00:00:00,0.9463218977972487
1984-10-25 00:00:00,0.9463218977972487
1984-10-26 00:00:00,0.9463218977972487
1984-10-29 00:00:00,0.9463218977972487
1984-10-30 00:00:00,0.9463218977972487
1984-10-31 00:00:00,0.9463218977972487
1984-11-01 00:00:00,0.9463218977972487
1984-11-02 00:00:00,0.9463218977972487
1984-11-05 00:00:00,0.9463218977972487
1984-11-07 00:00:00,0.9463218977972487
1984-11-08 00:00:00,0.9463218977972487
1984-11-09 00:00:00,0.9463218977972487
1984-11-13 00:00:00,0.9463218977972487
1984-11-14 00:00:00,0.9463218977972487
1984-11-15 00:00:00,0.9463218977972487
1984-11-16 00:00:00,0.9463218977972487
1984-11-19 00:00:00,0.9463218977972487
1984-11-20 00:00:00,0.9463218977972487
1984-11-21 00:00:00,0.9463218977972487
1984-11-23 00:00:00,0.9463218977972487
1984-11-26 00:00:00,0.9463218977972487
1984-11-27 00:00:00,0.9463218977972487
1984-11-28 00:00:00,0.9463218977972487
1984-11-29 00:00:00,0.9463218977972487
1984-11-30 00:00:00,0.9463218977972487
1984-12-03 00:00:00,0.9463218977972487
1984-12-04 00:00:00,0.9463218977972487
1984-12-05 00:00:00,0.9463218977972487
1984-12-06 00:00:00,0.9463218977972487
1984-12-07 00:00:00,0.9463218977972487
1984-12-10 00:00:00,0.9463218977972487
1984-12-11 00:00:00,0.9463218977972487
1984-12-12 00:00:00,0.9463218977972487
1984-12-13 00:00:00,0.9463218977972487
1984-12-14 00:00:00,0.9463218977972487
1984-12-17 00:00:00,0.9463218977972487
1984-12-18 00:00:00,0.9463218977972487
1984-12-19 00:00:00,0.9463218977972487
1984-12-20 00:00:00,0.9463218977972487
1984-12-21 00:00:00,0.9463218977972487
1984-12-24 00:00:00,0.9463218977972487
1984-12-26 00:00:00,0.9463218977972487
1984-12-27 00:00:00,0.9463218977972487
1984-12-28 00:00:00,0.9463218977972487
1984-12-31 00:00:00,0.9463218977972487
1985-01-02 00:00:00,0.9463218977972487
1985-01-03 00:00:00,0.9463218977972487
1985-01-04 00:00:00,0.9463218977972487
1985-01-07 00:00:00,0.9463218977972487
1985-01-08 00:00:00,0.9463218977972487
1985-01-09 00:00:00,0.9463218977972487
1985-01-10 00:00:00,0.9463218977972487
1985-01-11 00:00:00,0.9463218977972487
1985-01-14 00:00:00,0.9463218977972487
1985-01-15 00:00:00,0.9463218977972487
1985-01-16 00:00:00,0.9463218977972487
1985-01-17 00:00:00,0.9463218977972487
1985-01-18 00:00:00,0.9463218977972487
1985-01-22 00:00:00,0.9463218977972487
1985-01-23 00:00:00,0.9463218977972487
1985-01-24 00:00:00,0.9463218977972487
1985-01-25 00:00:00,0.9463218977972487
1985-01-28 00:00:00,0.9463218977972487
1985-01-29 00:00:00,0.9463218977972487
1985-01-30 00:00:00,0.9463218977972487
1985-01-31 00:00:00,0.9463218977972487
1985-02-01 00:00:00,0.9463218977972487
1985-02-04 00:00:00,0.9463218977972487
1985-02-05 00:00:00,0.9463218977972487
1985-02-06 00:00:00,0.9463218977972487
1985-02-07 00:00:00,0.9463218977972487
1985-02-08 00:00:00,0.9463218977972487
1985-02-11 00:00:00,0.9463218977972487
1985-02-13 00:00:00,0.9463218977972487
1985-02-14 00:00:00,0.9463218977972487
1985-02-15 00:00:00,0.9463218977972487
1985-02-19 00:00:00,0.9463218977972487
1985-02-20 00:00:00,0.9463218977972487
1985-02-21 00:00:00,0.9463218977972487
1985-02-22 00:00:00,0.9463218977972487
1985-02-25 00:00:00,0.9463218977972487
1985-02-26 00:00:00,0.9463218977972487
1985-02-27 00:00:00,0.9463218977972487
1985-02-28 00:00:00,0.9463218977972487
1985-03-01 00:00:00,0.9463218977972487
1985-03-04 00:00:00,0.9463218977972487
1985-03-05 00:00:00,0.9463218977972487
1985-03-06 00:00:00,0.9463218977972487
1985-03-07 00:00:00,0.9463218977972487
1985-03-08 00:00:00,0.9463218977972487
1985-03-11 00:00:00,0.9463218977972487
1985-03-12 00:00:00,0.9463218977972487
1985-03-13 00:00:00,0.9463218977972487
1985-03-14 00:00:00,0.9463218977972487
1985-03-15 00:00:00,0.9463218977972487
1985-03-18 00:00:00,0.9463218977972487
1985-03-19 00:00:00,0.9463218977972487
1985-03-20 00:00:00,0.9463218977972487
1985-03-21 00:00:00,0.9463218977972487
1985-03-22 00:00:00,0.9463218977972487
1985-03-25 00:00:00,0.9463218977972487
1985-03-26 00:00:00,0.9463218977972487
1985-03-27 00:00:00,0.9463218977972487
1985-03-28 00:00:00,0.9463218977972487
1985-03-29 00:00:00,0.9463218977972487
1985-04-01 00:00:00,0.9463218977972487
1985-04-02 00:00:00,0.9463218977972487
1985-04-03 00:00:00,0.9463218977972487
1985-04-04 00:00:00,0.9463218977972487
1985-04-05 00:00:00,0.9463218977972487
1985-04-08 00:00:00,0.9463218977972487
1985-04-09 00:00:00,0.9463218977972487
1985-04-10 00:00:00,0.9463218977972487
1985-04-11 00:00:00,0.9463218977972487
1985-04-12 00:00:00,0.9463218977972487
1985-04-15 00:00:00,0.9463218977972487
1985-04-16 00:00:00,0.9463218977972487
1985-04-17 00:00:00,0.9463218977972487
1985-04-18 00:00:00,0.9463218977972487
1985-04-19 00:00:00,0.9463218977972487
1985-04-22 00:00:00,0.9387265038628597
1985-04-23 00:00:00,0.9249762910800177
1985-04-24 00:00:00,0.9175662600188792
1985-04-25 00:00:00,0.909526248978188
1985-04-26 00:00:00,0.9155429606583084
1985-04-29 00:00:00,0.9195985219458315
1985-04-30 00:00:00,0.9213841501437845
1985-05-01 00:00:00,0.9112729386195728
1985-05-02 00:00:00,0.9085311436729603
1985-05-03 00:00:00,0.8977269895319847
1985-05-06 00:00:00,0.898601304314561
1985-05-07 00:00:00,0.909526248978188
1985-05-08 00:00:00,0.9060528808697063
1985-05-09 00:00:00,0.9180734829376292
1985-05-10 00:00:00,0.9165534937274676
1985-05-13 00:00:00,0.9319836872245632
1985-05-14 00:00:00,0.9383022206972721
1985-05-15 00:00:00,0.9330308599068379
1985-05-16 00:00:00,0.9273003521128819
1985-05-17 00:00:00,0.9351322807624839
1985-05-20 00:00:00,0.9409603006425902
1985-05-21 00:00:00,0.9372431888454693
1985-05-22 00:00:00,0.9309388624631006
1985-05-23 00:00:00,0.9293760104276282
1985-05-24 00:00:00,0.9293760104276282
1985-05-28 00:00:00,0.9267828853985332
1985-05-29 00:00:00,0.9330308599068379
1985-05-30 00:00:00,0.9304173280863706
1985-05-31 00:00:00,0.9361865448896121
1985-06-03 00:00:00,0.9393636485487395
1985-06-04 00:00:00,0.9377724057787529
1985-06-05 00:00:00,0.9327164610997256
1985-06-06 00:00:00,0.9361865448896121
1985-06-07 00:00:00,0.9330308599068379
1985-06-10 00:00:00,0.9278183970023305
1985-06-11 00:00:00,0.9298963777346986
1985-06-12 00:00:00,0.9294800372924623
1985-06-13 00:00:00,0.9289601357166191
1985-06-14 00:00:00,0.9372431888454693
1985-06-17 00:00:00,0.9377724057787529
1985-06-18 00:00:00,0.946861419973872
1985-06-19 00:00:00,0.9467534663289084
1985-06-20 00:00:00,0.9380372384265302
1985-06-21 00:00:00,0.9393636485487395
1985-06-24 00:00:00,0.9384082555284051
1985-06-25 00:00:00,0.9375077226272489
1985-06-26 00:00:00,0.9441699435100463
1985-06-27 00:00:00,0.9417606638129693
1985-06-28 00:00:00,0.9498398230678706
1985-07-01 00:00:00,0.9488088040643118
1985-07-02 00:00:00,0.9479423120058056
1985-07-03 00:00:00,0.9495682850967248
1985-07-05 00:00:00,0.9577825436183227
1985-07-08 00:00:00,0.9638972319409004
1985-07-09 00:00:00,0.9695241860094405
1985-07-10 00:00:00,0.9757902060130267
1985-07-11 00:00:00,0.9795888466640151
1985-07-12 00:00:00,0.9853425871457557
1985-07-15 00:00:00,0.9862202675974892
1985-07-16 00:00:00,0.9878627948097617
1985-07-17 00:00:00,0.9982538502339193
1985-07-18 00:00:00,0.9916377660820225
1985-07-19 00:00:00,0.9850503740416201
1985-07-22 00:00:00,0.9819635372992204
1985-07-23 00:00:00,0.9938928370042918
1985-07-24 00:00:00,0.9862202675974892
1985-07-25 00:00:00,0.9896877007533352
1985-07-26 00:00:00,0.9897466809500425
1985-07-29 00:00:00,1.0016857241460626
1985-07-30 00:00:00,1.0016857241460626
1985-07-31 00:00:00,1.0022902417828434
1985-08-01 00:00:00,0.9935955313396179
1985-08-02 00:00:00,0.9932984034893371
1985-08-05 00:00:00,0.9921116670455029
1985-08-06 00:00:00,0.9862202675974892
1985-08-07 00:00:00,0.9870995130069371
1985-08-08 00:00:00,0.9968757086639685
1985-08-09 00:00:00,0.9879803275634571
1985-08-12 00:00:00,0.9968757086639685
1985-08-13 00:00:00,0.999876538611783
1985-08-14 00:00:00,0.9980738765830356
1985-08-15 00:00:00,1.0065423822025283
1985-08-16 00:00:00,1.00745825334193
1985-08-19 00:00:00,1.0065423822025283
1985-08-20 00:00:00,1.0025927743037557
1985-08-21 00:00:00,1.0025927743037557
1985-08-22 00:00:00,1.0104617489864758
1985-08-23 00:00:00,1.008988414723069
1985-08-26 00:00:00,1.0031983875772705
1985-08-27 00:00:00,0.9992749281794051
1985-08-28 00:00:00,1.0045940785350662
1985-08-29 00:00:00,1.001806569329335
1985-08-30 00:00:00,0.9974744328133164
1985-09-03 00:00:00,0.98446646747728
1985-09-04 00:00:00,0.9856349736701313
1985-09-05 00:00:00,0.9845831934041804
1985-09-06 00:00:00,0.9660277632818586
1985-09-09 00:00:00,0.962779669932853
1985-09-10 00:00:00,0.9637853590031172
1985-09-11 00:00:00,0.9588885280797755
1985-09-12 00:00:00,0.9633381268179648
1985-09-13 00:00:00,0.9735023040059623
1985-09-16 00:00:00,0.9780888872992763
1985-09-17 00:00:00,0.9757902060130267
1985-09-18 00:00:00,0.9740732730992208
1985-09-19 00:00:00,0.976938194490689
1985-09-20 00:00:00,0.9911643176379634
1985-09-23 00:00:00,1.0152799429234451
1985-09-24 00:00:00,1.0217132763052426
1985-09-25 00:00:00,1.032896903186872
1985-09-26 00:00:00,1.0373484888408315
1985-09-27 00:00:00,1.0289931416568596
1985-09-30 00:00:00,1.0315496463566283
1985-10-01 00:00:00,1.0405983274650197
1985-10-02 00:00:00,1.0405983274650197
1985-10-03 00:00:00,1.045182461066187
1985-10-04 00:00:00,1.0491439865029508
1985-10-07 00:00:00,1.038645985387224
1985-10-08 00:00:00,1.0405983274650197
1985-10-09 00:00:00,1.0405983274650197
1985-10-10 00:00:00,1.0387759135815435
1985-10-11 00:00:00,1.038645985387224
1985-10-15 00:00:00,1.0402072720995688
1985-10-16 00:00:00,1.03347537687254
1985-10-17 00:00:00,1.0424271470211972
1985-10-18 00:00:00,1.0426889318396357
1985-10-21 00:00:00,1.047159477070726
1985-10-22 00:00:00,1.0455114451584335
1985-10-23 00:00:00,1.044393743324218
1985-10-24 00:00:00,1.0432128961269922
1985-10-25 00:00:00,1.0425580229969689
1985-10-28 00:00:00,1.046499641231362
1985-10-29 00:00:00,1.0538038899963016
1985-10-30 00:00:00,1.0544729718312198
1985-10-31 00:00:00,1.0543390875026482
1985-11-01 00:00:00,1.0564853248308979
1985-11-04 00:00:00,1.0606686234730947
1985-11-05 00:00:00,1.0595182970552928
1985-11-06 00:00:00,1.0625687336111143
1985-11-07 00:00:00,1.0554781891542242
1985-11-08 00:00:00,1.0518017293439974
1985-11-12 00:00:00,1.0531356567115864
1985-11-13 00:00:00,1.0551429038336542
1985-11-14 00:00:00,1.0558136876250297
1985-11-15 00:00:00,1.0544729718312198
1985-11-18 00:00:00,1.0578311660090263
1985-11-19 00:00:00,1.0629087556058698
1985-11-20 00:00:00,1.0578311660090263
1985-11-21 00:00:00,1.0528686006302597
1985-11-22 00:00:00,1.0712732571980723
1985-11-25 00:00:00,1.0759928283992042
1985-11-26 00:00:00,1.081387505296374
1985-11-27 00:00:00,1.0842113400144742
1985-11-29 00:00:00,1.0875482487290755
1985-12-02 00:00:00,1.084777877618662
1985-12-03 00:00:00,1.0792792634742472
1985-12-04 00:00:00,1.08534500760304
1985-12-05 00:00:00,1.08513226438038
1985-12-06 00:00:00,1.0812466996316221
1985-12-09 00:00:00,1.0785783417548847
1985-12-10 00:00:00,1.075226550973826
1985-12-11 00:00:00,1.070789768300562
1985-12-12 00:00:00,1.079419557152068
1985-12-13 00:00:00,1.0774587586831266
1985-12-16 00:00:00,1.0762020027437609
1985-12-17 00:00:00,1.0809651982779036
1985-12-18 00:00:00,1.0760625441455047
1985-12-19 00:00:00,1.0758534240034796
1985-12-20 00:00:00,1.0780882379968655
1985-12-23 00:00:00,1.0805432209721353
1985-12-24 00:00:00,1.0812466996316221
1985-12-26 00:00:00,1.0798406571093442
1985-12-27 00:00:00,1.0869076771166042
1985-12-30 00:00:00,1.0926282438382706
1985-12-31 00:00:00,1.0962342776463179
1986-01-02 00:00:00,1.0968134530670794
1986-01-03 00:00:00,1.093347551437901
1986-01-06 00:00:00,1.0985546571201028
1986-01-07 00:00:00,1.096379014149836
1986-01-08 00:00:00,1.0894030374773185
1986-01-09 00:00:00,1.095511167964493
1986-01-10 00:00:00,1.0915510552968593
1986-01-13 00:00:00,1.0861968153264692
1986-01-14 00:00:00,1.0874770368217463
1986-01-15 00:00:00,1.0891887005733025
1986-01-16 00:00:00,1.08719228242614
1986-01-17 00:00:00,1.086623220776087
1986-01-21 00:00:00,1.0876194699634394
1986-01-22 00:00:00,1.088688908970286
1986-01-23 00:00:00,1.0854868827674324
1986-01-24 00:00:00,1.0942840684154784
1986-01-27 00:00:00,1.097030801660725
1986-01-28 00:00:00,1.1020537031414541
1986-01-29 00:00:00,1.1027854785087459
1986-01-30 00:00:00,1.1058695769304645
1986-01-31 00:00:00,1.102419469388763
1986-02-03 00:00:00,1.0981188380284126
1986-02-04 00:00:00,1.0937795907759296
1986-02-05 00:00:00,1.1041051260697858
1986-02-06 00:00:00,1.104692650415173
1986-02-07 00:00:00,1.098409345657521
1986-02-10 00:00:00,1.1051337041749878
1986-02-11 00:00:00,1.109415451325432
1986-02-12 00:00:00,1.1108996191532918
1986-02-13 00:00:00,1.1146274702242762
1986-02-14 00:00:00,1.1165007937036449
1986-02-18 00:00:00,1.1174774126188747
1986-02-19 00:00:00,1.131331696617283
1986-02-20 00:00:00,1.131717158864853
1986-02-21 00:00:00,1.1299462039965786
1986-02-24 00:00:00,1.1387787511205234
1986-02-25 00:00:00,1.1526894299237727
1986-02-26 00:00:00,1.1577517815504854
1986-02-27 00:00:00,1.1605834595626634
1986-02-28 00:00:00,1.1532497261538583
1986-03-03 00:00:00,1.1549338877845419
1986-03-04 00:00:00,1.162207789107188
1986-03-05 00:00:00,1.146166273729587
1986-03-06 00:00:00,1.1477504703760686
1986-03-07 00:00:00,1.1501349935139693
1986-03-10 00:00:00,1.1384665002976222
1986-03-11 00:00:00,1.1445864442688984
1986-03-12 00:00:00,1.1404991969744345
1986-03-13 00:00:00,1.1379204731991581
1986-03-14 00:00:00,1.1493390523419873
1986-03-17 00:00:00,1.1525294452700705
1986-03-18 00:00:00,1.1525294452700705
1986-03-19 00:00:00,1.1501349935139693
1986-03-20 00:00:00,1.1521296778592933
1986-03-21 00:00:00,1.1573483837171927
1986-03-24 00:00:00,1.1430109639602006
1986-03-25 00:00:00,1.124438003137557
1986-03-26 00:00:00,1.1297924698191644
1986-03-27 00:00:00,1.1297924698191644
1986-03-28 00:00:00,1.1280275287877277
1986-03-31 00:00:00,1.126726547241636
1986-04-01 00:00:00,1.1271853743953926
1986-04-02 00:00:00,1.1198886922684905
1986-04-03 00:00:00,1.1135064905358174
1986-04-04 00:00:00,1.1079352439187269
1986-04-07 00:00:00,1.1042519485599542
1986-04-08 00:00:00,1.1248187813302888
1986-04-09 00:00:00,1.1225379727165743
1986-04-10 00:00:00,1.1251998175028264
1986-04-11 00:00:00,1.1340354596341218
1986-04-14 00:00:00,1.1340354596341218
1986-04-15 00:00:00,1.1342678122074659
1986-04-16 00:00:00,1.1549338877845419
1986-04-17 00:00:00,1.1654701267608218
1986-04-18 00:00:00,1.160178086366868
1986-04-21 00:00:00,1.1636735780788758
1986-04-22 00:00:00,1.1687508308474113
1986-04-23 00:00:00,1.170398118840149
1986-04-24 00:00:00,1.17287777587159
1986-04-25 00:00:00,1.178704705914955
1986-04-28 00:00:00,1.185858572391411
1986-04-29 00:00:00,1.1812197230684007
1986-04-30 00:00:00,1.1850969963138087
1986-05-01 00:00:00,1.1699034450790164
1986-05-02 00:00:00,1.1720500569048495
1986-05-05 00:00:00,1.182060448849944
1986-05-06 00:00:00,1.169573894812797
1986-05-07 00:00:00,1.1753679622322515
1986-05-08 00:00:00,1.1837454958190818
1986-05-09 00:00:00,1.1827338916352168
1986-05-12 00:00:00,1.1795418541435878
1986-05-13 00:00:00,1.169573894812797
1986-05-14 00:00:00,1.1741215486986014
1986-05-15 00:00:00,1.1732091908972673
1986-05-16 00:00:00,1.1679289244966045
1986-05-19 00:00:00,1.1654701267608218
1986-05-20 00:00:00,1.158559421439952
1986-05-21 00:00:00,1.1547732795398218
1986-05-22 00:00:00,1.143798161593782
1986-05-23 00:00:00,1.1425391652684174
1986-05-27 00:00:00,1.1433257129520662
1986-05-28 00:00:00,1.1423819855786017
1986-05-29 00:00:00,1.1348103386635953
1986-05-30 00:00:00,1.1236011979123006
1986-06-02 00:00:00,1.1241335661528167
1986-06-03 00:00:00,1.1398729791586628
1986-06-04 00:00:00,1.1373749696166082
1986-06-05 00:00:00,1.1469578250235992
1986-06-06 00:00:00,1.154612715958128
1986-06-09 00:00:00,1.1515704691680568
1986-06-10 00:00:00,1.1567035315741547
1986-06-11 00:00:00,1.1584786067481665
1986-06-12 00:00:00,1.159772996252913
1986-06-13 00:00:00,1.1584786067481665
1986-06-16 00:00:00,1.161232646227221
1986-06-17 00:00:00,1.1466410733458792
1986-06-18 00:00:00,1.1469578250235992
1986-06-19 00:00:00,1.1489414947313534
1986-06-20 00:00:00,1.1436406353354713
1986-06-23 00:00:00,1.146166273729587
1986-06-24 00:00:00,1.1557375996062433
1986-06-25 00:00:00,1.1581554606932856
1986-06-26 00:00:00,1.1565424308037406
1986-06-27 00:00:00,1.16285879473055
1986-06-30 00:00:00,1.1649796090307039
1986-07-01 00:00:00,1.1724637703029803
1986-07-02 00:00:00,1.1671081733198676
1986-07-03 00:00:00,1.1720500569048495
1986-07-07 00:00:00,1.170398118840149
1986-07-08 00:00:00,1.1687508308474113
1986-07-09 00:00:00,1.1669441614911267
1986-07-10 00:00:00,1.167518404663741
1986-07-11 00:00:00,1.1619638498804812
1986-07-14 00:00:00,1.1609079621376845
1986-07-15 00:00:00,1.168257548279524
1986-07-16 00:00:00,1.1768671560616295
1986-07-17 00:00:00,1.1778687451306182
1986-07-18 00:00:00,1.1825654590103756
1986-07-21 00:00:00,1.182902372246561
1986-07-22 00:00:00,1.1745367260496262
1986-07-23 00:00:00,1.1766170248913719
1986-07-24 00:00:00,1.1757007862340163
1986-07-25 00:00:00,1.17287777587159
1986-07-28 00:00:00,1.180715861392131
1986-07-29 00:00:00,1.183239477510809
1986-07-30 00:00:00,1.1845898221356432
1986-07-31 00:00:00,1.1903633390439876
1986-08-01 00:00:00,1.1905340004546034
1986-08-04 00:00:00,1.1884892877015683
1986-08-05 00:00:00,1.1879792064622112
1986-08-06 00:00:00,1.191388042061816
1986-08-07 00:00:00,1.1943009712600112
1986-08-08 00:00:00,1.1943009712600112
1986-08-11 00:00:00,1.1967105711443806
1986-08-12 00:00:00,1.1930141014540416
1986-08-13 00:00:00,1.1950744265914741
1986-08-14 00:00:00,1.1979190209421318
1986-08-15 00:00:00,1.1974008151652284
1986-08-18 00:00:00,1.1948164968591162
1986-08-19 00:00:00,1.2010376993304683
1986-08-20 00:00:00,1.2043473028529166
1986-08-21 00:00:00,1.2048715399261256
1986-08-22 00:00:00,1.2036490293043711
1986-08-25 00:00:00,1.2025160601217664
1986-08-26 00:00:00,1.1999963371634188
1986-08-27 00:00:00,1.198783694697684
1986-08-28 00:00:00,1.1980918558896057
1986-08-29 00:00:00,1.2052212849304582
1986-09-02 00:00:00,1.2060965364082583
1986-09-03 00:00:00,1.2076751967962271
1986-09-04 00:00:00,1.207499586036187
1986-09-05 00:00:00,1.2015590584822542
1986-09-08 00:00:00,1.19267140440515
1986-09-09 00:00:00,1.1964519347555447
1986-09-10 00:00:00,1.1955045570358278
1986-09-11 00:00:00,1.1844208605292907
1986-09-12 00:00:00,1.1948164968591162
1986-09-15 00:00:00,1.1982647407172955
1986-09-16 00:00:00,1.1980918558896057
1986-09-17 00:00:00,1.2067976534182325
1986-09-18 00:00:00,1.216699582882177
1986-09-19 00:00:00,1.2159869165574546
1986-09-22 00:00:00,1.2010376993304683
1986-09-23 00:00:00,1.1937858903350858
1986-09-24 00:00:00,1.1955045570358278
1986-09-25 00:00:00,1.1948164968591162
1986-09-26 00:00:00,1.1948164968591162
1986-09-29 00:00:00,1.1998229523437158
1986-09-30 00:00:00,1.2017329454661152
1986-10-01 00:00:00,1.2022549085233614
1986-10-02 00:00:00,1.2071485176872885
1986-10-03 00:00:00,1.2113748582306139
1986-10-06 00:00:00,1.2140313820425228
1986-10-07 00:00:00,1.2104919319491045
1986-10-08 00:00:00,1.2096102917947353
1986-10-09 00:00:00,1.2064469930511197
1986-10-10 00:00:00,1.215364018027202
1986-10-14 00:00:00,1.2183955180354864
1986-10-15 00:00:00,1.2183061404299969
1986-10-16 00:00:00,1.2175915913740258
1986-10-17 00:00:00,1.2163431453304319
1986-10-20 00:00:00,1.21181680454883
1986-10-21 00:00:00,1.2119052325118003
1986-10-22 00:00:00,1.2119052325118003
1986-10-23 00:00:00,1.2069730600539037
1986-10-24 00:00:00,1.1936142954105016
1986-10-27 00:00:00,1.1866211279180992
1986-10-28 00:00:00,1.1936142954105016
1986-10-29 00:00:00,1.1922433098594196
1986-10-30 00:00:00,1.1810517214010605
1986-10-31 00:00:00,1.1798770464863395
1986-11-03 00:00:00,1.179039422571469
1986-11-04 00:00:00,1.1817240149666794
1986-11-05 00:00:00,1.1798770464863395
1986-11-06 00:00:00,1.180715861392131
1986-11-07 00:00:00,1.1812197230684007
1986-11-10 00:00:00,1.1879792064622112
1986-11-12 00:00:00,1.1943868612974984
1986-11-13 00:00:00,1.1969693193759794
1986-11-14 00:00:00,1.1991299138152862
1986-11-17 00:00:00,1.1956766959209297
1986-11-18 00:00:00,1.1949884376415107
1986-11-19 00:00:00,1.1953324677084867
1986-11-20 00:00:00,1.1943009712600112
1986-11-21 00:00:00,1.1912171357295736
1986-11-24 00:00:00,1.189851648254887
1986-11-25 00:00:00,1.2017329454661152
1986-11-26 00:00:00,1.199562969038766
1986-11-28 00:00:00,1.2074117998067404
1986-12-01 00:00:00,1.2094341178518582
1986-12-02 00:00:00,1.2052212849304582
1986-12-03 00:00:00,1.2069730600539037
1986-12-04 00:00:00,1.1994763329728235
1986-12-05 00:00:00,1.1977462358532898
1986-12-08 00:00:00,1.1943009712600112
1986-12-09 00:00:00,1.191302582766065
1986-12-10 00:00:00,1.1936142954105016
1986-12-11 00:00:00,1.190619349511916
1986-12-12 00:00:00,1.1911317009497033
1986-12-15 00:00:00,1.1919010554285714
1986-12-16 00:00:00,1.191388042061816
1986-12-17 00:00:00,1.192414510794207
1986-12-18 00:00:00,1.194472763689709
1986-12-19 00:00:00,1.1955045570358278
1986-12-22 00:00:00,1.205921384427949
1986-12-23 00:00:00,1.2082902369110016
1986-12-24 00:00:00,1.2070607824944917
1986-12-26 00:00:00,1.211021533202692
1986-12-29 00:00:00,1.220096187653667
1986-12-30 00:00:00,1.2177701500470535
1986-12-31 00:00:00,1.231860948400958
1987-01-02 00:00:00,1.2325008761663612
1987-01-05 00:00:00,1.2256789155971746
1987-01-06 00:00:00,1.2293078687151529
1987-01-07 00:00:00,1.2238724617790506
1987-01-08 00:00:00,1.224775022591572
1987-01-09 00:00:00,1.228762156432503
1987-01-12 00:00:00,1.2397692823485902
1987-01-13 00:00:00,1.2459076748943523
1987-01-14 00:00:00,1.2636345816283736
1987-01-15 00:00:00,1.260182814048237
1987-01-16 00:00:00,1.260278441822865
1987-01-20 00:00:00,1.2637307340086528
1987-01-21 00:00:00,1.2597048927747054
1987-01-22 00:00:00,1.2765525984889865
1987-01-23 00:00:00,1.2701093076125507
1987-01-26 00:00:00,1.2712759726226053
1987-01-27 00:00:00,1.278518037439701
1987-01-28 00:00:00,1.2894370579457854
1987-01-29 00:00:00,1.2860422259827873
1987-01-30 00:00:00,1.2692357131327254
1987-02-02 00:00:00,1.280983363389257
1987-02-03 00:00:00,1.2844508357572866
1987-02-04 00:00:00,1.2795030282235527
1987-02-05 00:00:00,1.2677823897970777
1987-02-06 00:00:00,1.262002226925662
1987-02-09 00:00:00,1.2765525984889865
1987-02-10 00:00:00,1.2849477219606742
1987-02-11 00:00:00,1.277141595381553
1987-02-12 00:00:00,1.2706923723291288
1987-02-13 00:00:00,1.2729324217323303
1987-02-17 00:00:00,1.2791088498414753
1987-02-18 00:00:00,1.2755721433442178
1987-02-19 00:00:00,1.2726397935894034
1987-02-20 00:00:00,1.2783212212393558
1987-02-23 00:00:00,1.2789118517127456
1987-02-24 00:00:00,1.2788133754016875
1987-02-25 00:00:00,1.2804895378829384
1987-02-26 00:00:00,1.2844508357572866
1987-02-27 00:00:00,1.282467127902835
1987-03-02 00:00:00,1.2834582153277987
1987-03-03 00:00:00,1.2854449927509068
1987-03-04 00:00:00,1.2858430865857629
1987-03-05 00:00:00,1.2899378102012982
1987-03-06 00:00:00,1.287238358885577
1987-03-09 00:00:00,1.2819721579576777
1987-03-10 00:00:00,1.2818732098133463
1987-03-11 00:00:00,1.2784196217644306
1987-03-12 00:00:00,1.2815764570060744
1987-03-13 00:00:00,1.283259875316158
1987-03-16 00:00:00,1.2910408353810412
1987-03-17 00:00:00,1.292950510419752
1987-03-18 00:00:00,1.29426038858648
1987-03-19 00:00:00,1.2944621439081616
1987-03-20 00:00:00,1.2957750882688395
1987-03-23 00:00:00,1.3038113759100105
1987-03-24 00:00:00,1.3145440324791604
1987-03-25 00:00:00,1.3001369427228524
1987-03-26 00:00:00,1.2999334147105286
1987-03-27 00:00:00,1.304630738911368
1987-03-30 00:00:00,1.3137121742083304
1987-03-31 00:00:00,1.3128813680902542
1987-04-01 00:00:00,1.3056563920079962
1987-04-02 00:00:00,1.3097751818881478
1987-04-03 00:00:00,1.3056563920079962
1987-04-06 00:00:00,1.3056563920079962
1987-04-07 00:00:00,1.3054511323959845
1987-04-08 00:00:00,1.29891672973109
1987-04-09 00:00:00,1.3062725583090857
1987-04-10 00:00:00,1.3137121742083304
1987-04-13 00:00:00,1.3137121742083304
1987-04-14 00:00:00,1.3192429348114796
1987-04-15 00:00:00,1.3174638510504295
1987-04-16 00:00:00,1.314960356796652
1987-04-17 00:00:00,1.313088971089636
1987-04-20 00:00:00,1.3149395343178822
1987-04-21 00:00:00,1.3139200400586797
1987-04-22 00:00:00,1.3097751818881478
1987-04-23 00:00:00,1.3153769449027177
1987-04-24 00:00:00,1.327998505224829
1987-04-27 00:00:00,1.3309784666085682
1987-04-28 00:00:00,1.3237644911797957
1987-04-29 00:00:00,1.322394243677181
1987-04-30 00:00:00,1.321447271351187
1987-05-01 00:00:00,1.3318323421284455
1987-05-04 00:00:00,1.3338646941082415
1987-05-05 00:00:00,1.3387029909996546
1987-05-06 00:00:00,1.336333223876868
1987-05-07 00:00:00,1.3319391536082859
1987-05-08 00:00:00,1.329167611551958
1987-05-11 00:00:00,1.3212370172109558
1987-05-12 00:00:00,1.3258781180218517
1987-05-13 00:00:00,1.3254548528604722
1987-05-14 00:00:00,1.327361677297132
1987-05-15 00:00:00,1.3309784666085682
1987-05-18 00:00:00,1.33290122843834
1987-05-19 00:00:00,1.3303387781433609
1987-05-20 00:00:00,1.33290122843834
1987-05-21 00:00:00,1.331298541590518
1987-05-22 00:00:00,1.331298541590518
1987-05-26 00:00:00,1.314960356796652
1987-05-27 00:00:00,1.308536818967989
1987-05-28 00:00:00,1.3087430501451314
1987-05-29 00:00:00,1.305245937310729
1987-06-01 00:00:00,1.3019715668188865
1987-06-02 00:00:00,1.3186144745011286
1987-06-03 00:00:00,1.3162109134840476
1987-06-04 00:00:00,1.3095686253226395
1987-06-05 00:00:00,1.3118443369938162
1987-06-08 00:00:00,1.3160023222140822
1987-06-09 00:00:00,1.321447271351187
1987-06-10 00:00:00,1.321026829966729
1987-06-11 00:00:00,1.3233425742104952
1987-06-12 00:00:00,1.3162109134840476
1987-06-15 00:00:00,1.306478076332734
1987-06-16 00:00:00,1.30668365903554
1987-06-17 00:00:00,1.3056563920079962
1987-06-18 00:00:00,1.305245937310729
1987-06-19 00:00:00,1.3013594504263999
1987-06-22 00:00:00,1.2948658433137155
1987-06-23 00:00:00,1.297090698714598
1987-06-24 00:00:00,1.305245937310729
1987-06-25 00:00:00,1.3005441900032668
1987-06-26 00:00:00,1.3013594504263999
1987-06-29 00:00:00,1.2979016338185148
1987-06-30 00:00:00,1.300340534477115
1987-07-01 00:00:00,1.2991199394822994
1987-07-02 00:00:00,1.2974960395579465
1987-07-03 00:00:00,1.2934539958210056
1987-07-06 00:00:00,1.2933532673733912
1987-07-07 00:00:00,1.2947648948578556
1987-07-08 00:00:00,1.292648607280644
1987-07-09 00:00:00,1.2940586961463079
1987-07-10 00:00:00,1.2908401450599811
1987-07-13 00:00:00,1.2908401450599811
1987-07-14 00:00:00,1.2884367188783332
1987-07-15 00:00:00,1.2995265497919966
1987-07-16 00:00:00,1.2946639621407638
1987-07-17 00:00:00,1.2830615965962386
1987-07-20 00:00:00,1.2804895378829384
1987-07-21 00:00:00,1.2795030282235527
1987-07-22 00:00:00,1.278518037439701
1987-07-23 00:00:00,1.2844508357572866
1987-07-24 00:00:00,1.2844508357572866
1987-07-27 00:00:00,1.2834582153277987
1987-07-28 00:00:00,1.2814775699337742
1987-07-29 00:00:00,1.280983363389257
1987-07-30 00:00:00,1.2822690940659138
1987-07-31 00:00:00,1.279700208533034
1987-08-03 00:00:00,1.2747888629368833
1987-08-04 00:00:00,1.2608525133876185
1987-08-05 00:00:00,1.2668153551748067
1987-08-06 00:00:00,1.2633462122578516
1987-08-07 00:00:00,1.2597048927747054
1987-08-10 00:00:00,1.258559359377214
1987-08-11 00:00:00,1.2583686396682614
1987-08-12 00:00:00,1.2608525133876185
1987-08-13 00:00:00,1.2639230826744074
1987-08-14 00:00:00,1.2704979579514777
1987-08-17 00:00:00,1.2691387212549072
1987-08-18 00:00:00,1.2870388489105482
1987-08-19 00:00:00,1.2888366681935213
1987-08-20 00:00:00,1.2940586961463079
1987-08-21 00:00:00,1.3004423542668322
1987-08-24 00:00:00,1.3021757336005737
1987-08-25 00:00:00,1.2960784537491583
1987-08-26 00:00:00,1.2950677874564656
1987-08-27 00:00:00,1.3007479093312746
1987-08-28 00:00:00,1.30156342526189
1987-08-31 00:00:00,1.3023799644245384
1987-09-01 00:00:00,1.3018695074344842
1987-09-02 00:00:00,1.306478076332734
1987-09-03 00:00:00,1.311015890933195
1987-09-04 00:00:00,1.3087430501451314
1987-09-08 00:00:00,1.3117407239824435
1987-09-09 00:00:00,1.307506637249387
1987-09-10 00:00:00,1.302584259320919
1987-09-11 00:00:00,1.306478076332734
1987-09-14 00:00:00,1.2952697945984806
1987-09-15 00:00:00,1.2987135835425176
1987-09-16 00:00:00,1.3005441900032668
1987-09-17 00:00:00,1.300951692491126
1987-09-18 00:00:00,1.305245937310729
1987-09-21 00:00:00,1.3005441900032668
1987-09-22 00:00:00,1.296888123250173
1987-09-23 00:00:00,1.2964831620875656
1987-09-24 00:00:00,1.297090698714598
1987-09-25 00:00:00,1.297698804996227
1987-09-28 00:00:00,1.2959773161405943
1987-09-29 00:00:00,1.287238358885577
1987-09-30 00:00:00,1.2858430865857629
1987-10-01 00:00:00,1.2818732098133463
1987-10-02 00:00:00,1.2854449927509068
1987-10-05 00:00:00,1.2854449927509068
1987-10-06 00:00:00,1.290038007328081
1987-10-07 00:00:00,1.2949668075120246
1987-10-08 00:00:00,1.297090698714598
1987-10-09 00:00:00,1.3019715668188865
1987-10-13 00:00:00,1.2980030720079496
1987-10-14 00:00:00,1.3038113759100105
1987-10-15 00:00:00,1.3087430501451314
1987-10-16 00:00:00,1.306478076332734
1987-10-19 00:00:00,1.316419570889483
1987-10-20 00:00:00,1.3017674640493584
1987-10-21 00:00:00,1.302584259320919
1987-10-22 00:00:00,1.2979016338185148
1987-10-23 00:00:00,1.3139200400586797
1987-10-26 00:00:00,1.320186749311742
1987-10-27 00:00:00,1.324397871319116
1987-10-28 00:00:00,1.3303387781433609
1987-10-29 00:00:00,1.3393507505114286
1987-10-30 00:00:00,1.3393507505114286
1987-11-02 00:00:00,1.3480478333069574
1987-11-03 00:00:00,1.3480478333069574
1987-11-04 00:00:00,1.3499558844340522
1987-11-05 00:00:00,1.3499558844340522
1987-11-06 00:00:00,1.3499558844340522
1987-11-09 00:00:00,1.3499558844340522
1987-11-10 00:00:00,1.3499558844340522
1987-11-12 00:00:00,1.3499558844340522
1987-11-13 00:00:00,1.3499558844340522
1987-11-16 00:00:00,1.3499558844340522
1987-11-17 00:00:00,1.3499558844340522
1987-11-18 00:00:00,1.3499558844340522
1987-11-19 00:00:00,1.3499558844340522
1987-11-20 00:00:00,1.3499558844340522
1987-11-23 00:00:00,1.3499558844340522
1987-11-24 00:00:00,1.3499558844340522
1987-11-25 00:00:00,1.3499558844340522
1987-11-27 00:00:00,1.3499558844340522
1987-11-30 00:00:00,1.3499558844340522
1987-12-01 00:00:00,1.3499558844340522
1987-12-02 00:00:00,1.3499558844340522
1987-12-03 00:00:00,1.3499558844340522
1987-12-04 00:00:00,1.3499558844340522
1987-12-07 00:00:00,1.3499558844340522
1987-12-08 00:00:00,1.3499558844340522
1987-12-09 00:00:00,1.3499558844340522
1987-12-10 00:00:00,1.3499558844340522
1987-12-11 00:00:00,1.3499558844340522
1987-12-14 00:00:00,1.3499558844340522
1987-12-15 00:00:00,1.3499558844340522
1987-12-16 00:00:00,1.3499558844340522
1987-12-17 00:00:00,1.3499558844340522
1987-12-18 00:00:00,1.3499558844340522
1987-12-21 00:00:00,1.3499558844340522
1987-12-22 00:00:00,1.3499558844340522
1987-12-23 00:00:00,1.3499558844340522
1987-12-24 00:00:00,1.3499558844340522
1987-12-28 00:00:00,1.3499558844340522
1987-12-29 00:00:00,1.3499558844340522
1987-12-30 00:00:00,1.3499558844340522
1987-12-31 00:00:00,1.3499558844340522
1988-01-04 00:00:00,1.3499558844340522
1988-01-05 00:00:00,1.3499558844340522
1988-01-06 00:00:00,1.3499558844340522
1988-01-07 00:00:00,1.3499558844340522
1988-01-08 00:00:00,1.3499558844340522
1988-01-11 00:00:00,1.3499558844340522
1988-01-12 00:00:00,1.3499558844340522
1988-01-13 00:00:00,1.3499558844340522
1988-01-14 00:00:00,1.3499558844340522
1988-01-15 00:00:00,1.3499558844340522
1988-01-19 00:00:00,1.3499558844340522
1988-01-20 00:00:00,1.3499558844340522
1988-01-21 00:00:00,1.3499558844340522
1988-01-22 00:00:00,1.3499558844340522
1988-01-25 00:00:00,1.3499558844340522
1988-01-26 00:00:00,1.3499558844340522
1988-01-27 00:00:00,1.3499558844340522
1988-01-28 00:00:00,1.3499558844340522
1988-01-29 00:00:00,1.3499558844340522
1988-02-01 00:00:00,1.3499558844340522
1988-02-02 00:00:00,1.3499558844340522
1988-02-03 00:00:00,1.3499558844340522
1988-02-04 00:00:00,1.3499558844340522
1988-02-05 00:00:00,1.3499558844340522
1988-02-08 00:00:00,1.3499558844340522
1988-02-09 00:00:00,1.3499558844340522
1988-02-10 00:00:00,1.3499558844340522
1988-02-11 00:00:00,1.3499558844340522
1988-02-12 00:00:00,1.3499558844340522
1988-02-16 00:00:00,1.3499558844340522
1988-02-17 00:00:00,1.3499558844340522
1988-02-18 00:00:00,1.3499558844340522
1988-02-19 00:00:00,1.3499558844340522
1988-02-22 00:00:00,1.3499558844340522
1988-02-23 00:00:00,1.3499558844340522
1988-02-24 00:00:00,1.3499558844340522
1988-02-25 00:00:00,1.3499558844340522
1988-02-26 00:00:00,1.3499558844340522
1988-02-29 00:00:00,1.3499558844340522
1988-03-01 00:00:00,1.3499558844340522
1988-03-02 00:00:00,1.3499558844340522
1988-03-03 00:00:00,1.3499558844340522
1988-03-04 00:00:00,1.3499558844340522
1988-03-07 00:00:00,1.3499558844340522
1988-03-08 00:00:00,1.3499558844340522
1988-03-09 00:00:00,1.3499558844340522
1988-03-10 00:00:00,1.3499558844340522
1988-03-11 00:00:00,1.3499558844340522
1988-03-14 00:00:00,1.3499558844340522
1988-03-15 00:00:00,1.3499558844340522
1988-03-16 00:00:00,1.3499558844340522
1988-03-17 00:00:00,1.3499558844340522
1988-03-18 00:00:00,1.3499558844340522
1988-03-21 00:00:00,1.3499558844340522
1988-03-22 00:00:00,1.3499558844340522
1988-03-23 00:00:00,1.3499558844340522
1988-03-24 00:00:00,1.3499558844340522
1988-03-25 00:00:00,1.3499558844340522
1988-03-28 00:00:00,1.3499558844340522
1988-03-29 00:00:00,1.3499558844340522
1988-03-30 00:00:00,1.3499558844340522
1988-03-31 00:00:00,1.3499558844340522
1988-04-01 00:00:00,1.3499558844340522
1988-04-04 00:00:00,1.3499558844340522
1988-04-05 00:00:00,1.3499558844340522
1988-04-06 00:00:00,1.3499558844340522
1988-04-07 00:00:00,1.3499558844340522
1988-04-08 00:00:00,1.3499558844340522
1988-04-11 00:00:00,1.3499558844340522
1988-04-12 00:00:00,1.3499558844340522
1988-04-13 00:00:00,1.3499558844340522
1988-04-14 00:00:00,1.3499558844340522
1988-04-15 00:00:00,1.3499558844340522
1988-04-18 00:00:00,1.3499558844340522
1988-04-19 00:00:00,1.3499558844340522
1988-04-20 00:00:00,1.3499558844340522
1988-04-21 00:00:00,1.3499558844340522
1988-04-22 00:00:00,1.3499558844340522
1988-04-25 00:00:00,1.3499558844340522
1988-04-26 00:00:00,1.3499558844340522
1988-04-27 00:00:00,1.3499558844340522
1988-04-28 00:00:00,1.3499558844340522
1988-04-29 00:00:00,1.3499558844340522
1988-05-02 00:00:00,1.3499558844340522
1988-05-03 00:00:00,1.3499558844340522
1988-05-04 00:00:00,1.3499558844340522
1988-05-05 00:00:00,1.3499558844340522
1988-05-06 00:00:00,1.3499558844340522
1988-05-09 00:00:00,1.3499558844340522
1988-05-10 00:00:00,1.3499558844340522
1988-05-11 00:00:00,1.3499558844340522
1988-05-12 00:00:00,1.3499558844340522
1988-05-13 00:00:00,1.3499558844340522
1988-05-16 00:00:00,1.3499558844340522
1988-05-17 00:00:00,1.3499558844340522
1988-05-18 00:00:00,1.3499558844340522
1988-05-19 00:00:00,1.3499558844340522
1988-05-20 00:00:00,1.3499558844340522
1988-05-23 00:00:00,1.3499558844340522
1988-05-24 00:00:00,1.3499558844340522
1988-05-25 00:00:00,1.3499558844340522
1988-05-26 00:00:00,1.3499558844340522
1988-05-27 00:00:00,1.3499558844340522
1988-05-31 00:00:00,1.3499558844340522
1988-06-01 00:00:00,1.3499558844340522
1988-06-02 00:00:00,1.3499558844340522
1988-06-03 00:00:00,1.3499558844340522
1988-06-06 00:00:00,1.3499558844340522
1988-06-07 00:00:00,1.3445843561176933
1988-06-08 00:00:00,1.3445067724461741
1988-06-09 00:00:00,1.3470250203926444
1988-06-10 00:00:00,1.3477354998074529
1988-06-13 00:00:00,1.352590505995166
1988-06-14 00:00:00,1.363700444346348
1988-06-15 00:00:00,1.3647204332487752
1988-06-16 00:00:00,1.3653005277555996
1988-06-17 00:00:00,1.3667550087275886
1988-06-20 00:00:00,1.3688599942732633
1988-06-21 00:00:00,1.368782410601744
1988-06-22 00:00:00,1.3797256314838084
1988-06-23 00:00:00,1.3856213892956546
1988-06-24 00:00:00,1.4032469740712454
1988-06-27 00:00:00,1.40296267661857
1988-06-28 00:00:00,1.3952946315753685
1988-06-29 00:00:00,1.406107034284655
1988-06-30 00:00:00,1.4063379197807178
1988-07-01 00:00:00,1.4093369488306273
1988-07-05 00:00:00,1.4090547135111833
1988-07-06 00:00:00,1.40610516876616
1988-07-07 00:00:00,1.4023162092889923
1988-07-08 00:00:00,1.4116811855834261
1988-07-11 00:00:00,1.4207086785315652
1988-07-12 00:00:00,1.4149809289355337
1988-07-13 00:00:00,1.4193469547506619
1988-07-14 00:00:00,1.4210783521745551
1988-07-15 00:00:00,1.4381295616599434
1988-07-18 00:00:00,1.4404893035774442
1988-07-19 00:00:00,1.4302099452463646
1988-07-20 00:00:00,1.4221714676459751
1988-07-21 00:00:00,1.4151468460561685
1988-07-22 00:00:00,1.4082507774293587
1988-07-25 00:00:00,1.419329848386529
1988-07-26 00:00:00,1.42595354459828
1988-07-27 00:00:00,1.4191746810434906
1988-07-28 00:00:00,1.4251015331228716
1988-07-29 00:00:00,1.4317611277901228
1988-08-01 00:00:00,1.4354174438964296
1988-08-02 00:00:00,1.4370031632226845
1988-08-03 00:00:00,1.4364368282868945
1988-08-04 00:00:00,1.437141064720865
1988-08-05 00:00:00,1.441540189497607
1988-08-08 00:00:00,1.4485019903938288
1988-08-09 00:00:00,1.4551007328044585
1988-08-10 00:00:00,1.456444507649174
1988-08-11 00:00:00,1.4497059194601543
1988-08-12 00:00:00,1.4417338445790726
1988-08-15 00:00:00,1.4426243531347922
1988-08-16 00:00:00,1.4353473011016356
1988-08-17 00:00:00,1.4541607201595768
1988-08-18 00:00:00,1.447401691468667
1988-08-19 00:00:00,1.4446313547281708
1988-08-22 00:00:00,1.4595041821449584
1988-08-23 00:00:00,1.4528051840735403
1988-08-24 00:00:00,1.4483376275684494
1988-08-25 00:00:00,1.4371482227468775
1988-08-26 00:00:00,1.4335513502339656
1988-08-29 00:00:00,1.4391340846451834
1988-08-30 00:00:00,1.4384733068011464
1988-08-31 00:00:00,1.444396075308135
1988-09-01 00:00:00,1.443933101684498
1988-09-02 00:00:00,1.4370725414354963
1988-09-06 00:00:00,1.4269784824692897
1988-09-07 00:00:00,1.4269008987977705
1988-09-08 00:00:00,1.4292930617788062
1988-09-09 00:00:00,1.429708273350577
1988-09-12 00:00:00,1.4279536178844747
1988-09-13 00:00:00,1.428073567540257
1988-09-14 00:00:00,1.4416718720229238
1988-09-15 00:00:00,1.4401431581894293
1988-09-16 00:00:00,1.4419996688432777
1988-09-19 00:00:00,1.4321915018331768
1988-09-20 00:00:00,1.4286723924066527
1988-09-21 00:00:00,1.433994529461456
1988-09-22 00:00:00,1.4373292046867643
1988-09-23 00:00:00,1.4353040251916944
1988-09-26 00:00:00,1.439600072488795
1988-09-27 00:00:00,1.4366101200014842
1988-09-28 00:00:00,1.4350712741771368
1988-09-29 00:00:00,1.4354811551845368
1988-09-30 00:00:00,1.4295289582696378
1988-10-03 00:00:00,1.4241171192624802
1988-10-04 00:00:00,1.4232454441271702
1988-10-05 00:00:00,1.4227704420275118
1988-10-06 00:00:00,1.4232888927804308
1988-10-07 00:00:00,1.4210231108815141
1988-10-11 00:00:00,1.4136303528787462
1988-10-12 00:00:00,1.403496723539025
1988-10-13 00:00:00,1.3951768253992165
1988-10-14 00:00:00,1.3932301792029267
1988-10-17 00:00:00,1.3921118992825632
1988-10-18 00:00:00,1.3884834473083787
1988-10-19 00:00:00,1.3921650045050664
1988-10-20 00:00:00,1.387909255695426
1988-10-21 00:00:00,1.3783319239823166
1988-10-24 00:00:00,1.377190265968757
1988-10-25 00:00:00,1.3855773380447003
1988-10-26 00:00:00,1.381281090189115
1988-10-27 00:00:00,1.3805683563745732
1988-10-28 00:00:00,1.3779440056247205
1988-10-31 00:00:00,1.3810483391745574
1988-11-01 00:00:00,1.3820279731604563
1988-11-02 00:00:00,1.377711254610163
1988-11-03 00:00:00,1.3742225565650683
1988-11-04 00:00:00,1.385482093373397
1988-11-07 00:00:00,1.379601495215024
1988-11-08 00:00:00,1.380794417180174
1988-11-09 00:00:00,1.3672525397119284
1988-11-10 00:00:00,1.366094503520043
1988-11-14 00:00:00,1.3573094095891223
1988-11-15 00:00:00,1.3565741477392594
1988-11-16 00:00:00,1.3465529926693391
1988-11-17 00:00:00,1.3517970125122678
1988-11-18 00:00:00,1.3534839482317929
1988-11-21 00:00:00,1.3472101104974799
1988-11-22 00:00:00,1.342447529150058
1988-11-23 00:00:00,1.3385533323995253
1988-11-25 00:00:00,1.3380253144964174
1988-11-28 00:00:00,1.3460099069687048
1988-11-29 00:00:00,1.3414652408343382
1988-11-30 00:00:00,1.3461885785285839
1988-12-01 00:00:00,1.342205862936041
1988-12-02 00:00:00,1.3412324898197807
1988-12-05 00:00:00,1.3368835981709546
1988-12-06 00:00:00,1.3399559102541487
1988-12-07 00:00:00,1.3565061629866018
1988-12-08 00:00:00,1.3471677982067591
1988-12-09 00:00:00,1.3419641224196783
1988-12-12 00:00:00,1.347345587288394
1988-12-13 00:00:00,1.351140330190954
1988-12-14 00:00:00,1.3461910549545746
1988-12-15 00:00:00,1.3512057640307942
1988-12-16 00:00:00,1.3622832312177138
1988-12-19 00:00:00,1.3626393127400087
1988-12-20 00:00:00,1.3714967626440886
1988-12-21 00:00:00,1.3644321369050056
1988-12-22 00:00:00,1.3658657076546619
1988-12-23 00:00:00,1.366219249415475
1988-12-27 00:00:00,1.3659261381471635
1988-12-28 00:00:00,1.373243900790174
1988-12-29 00:00:00,1.3710312606149733
1988-12-30 00:00:00,1.3641827253454655
1989-01-03 00:00:00,1.3564997922239235
1989-01-04 00:00:00,1.37026366234924
1989-01-05 00:00:00,1.3744527404063567
1989-01-06 00:00:00,1.384921961007871
1989-01-09 00:00:00,1.391920030317992
1989-01-10 00:00:00,1.3941152120499498
1989-01-11 00:00:00,1.3888606820193832
1989-01-12 00:00:00,1.3887830983478642
1989-01-13 00:00:00,1.3927470752400832
1989-01-17 00:00:00,1.4013914986916909
1989-01-18 00:00:00,1.4095168782191605
1989-01-19 00:00:00,1.4083314548550634
1989-01-20 00:00:00,1.397479100484281
1989-01-23 00:00:00,1.394009969435965
1989-01-24 00:00:00,1.3954762057680299
1989-01-25 00:00:00,1.3967336221329887
1989-01-26 00:00:00,1.3965534440930891
1989-01-27 00:00:00,1.4052397745840695
1989-01-30 00:00:00,1.404554618164247
1989-01-31 00:00:00,1.4103262277760005
1989-02-01 00:00:00,1.4062204440961708
1989-02-02 00:00:00,1.4087640754151058
1989-02-03 00:00:00,1.4146946997381926
1989-02-06 00:00:00,1.414417752516116
1989-02-07 00:00:00,1.4073228671253137
1989-02-08 00:00:00,1.4118653401937213
1989-02-09 00:00:00,1.40373129656525
1989-02-10 00:00:00,1.4041602234535984
1989-02-13 00:00:00,1.4082209897144715
1989-02-14 00:00:00,1.3984113478974625
1989-02-15 00:00:00,1.3958775523477336
1989-02-16 00:00:00,1.3986646405023544
1989-02-17 00:00:00,1.3961324039586829
1989-02-21 00:00:00,1.4013614554092604
1989-02-22 00:00:00,1.3971034465216792
1989-02-23 00:00:00,1.3928181450490886
1989-02-24 00:00:00,1.3937693649946077
1989-02-27 00:00:00,1.3943082781470388
1989-02-28 00:00:00,1.394025260906858
1989-03-01 00:00:00,1.4017084865049514
1989-03-02 00:00:00,1.4038600789974516
1989-03-03 00:00:00,1.4027701937193056
1989-03-06 00:00:00,1.4083409951218069
1989-03-07 00:00:00,1.406654669254295
1989-03-08 00:00:00,1.4085873810599643
1989-03-09 00:00:00,1.4113136156168178
1989-03-10 00:00:00,1.4128326916217318
1989-03-13 00:00:00,1.4157380827384067
1989-03-14 00:00:00,1.412478160728136
1989-03-15 00:00:00,1.4171681232690736
1989-03-16 00:00:00,1.4186717931017587
1989-03-17 00:00:00,1.4165180039478218
1989-03-20 00:00:00,1.4185166257587203
1989-03-21 00:00:00,1.4140810708173615
1989-03-22 00:00:00,1.412411323342883
1989-03-23 00:00:00,1.4129312685011264
1989-03-24 00:00:00,1.4144443542272422
1989-03-27 00:00:00,1.4208864302400916
1989-03-28 00:00:00,1.429010408062763
1989-03-29 00:00:00,1.424161569756323
1989-03-30 00:00:00,1.4273012581023818
1989-03-31 00:00:00,1.4235174994512352
1989-04-03 00:00:00,1.4149710011671404
1989-04-04 00:00:00,1.4099171095294722
1989-04-05 00:00:00,1.407838057139439
1989-04-06 00:00:00,1.4085618151592703
1989-04-07 00:00:00,1.4156512664274867
1989-04-10 00:00:00,1.415771617181728
1989-04-11 00:00:00,1.4184586409802933
1989-04-12 00:00:00,1.4176910364464128
1989-04-13 00:00:00,1.4113692232639734
1989-04-14 00:00:00,1.4098956569208811
1989-04-17 00:00:00,1.4005676881201379
1989-04-18 00:00:00,1.3992736144002156
1989-04-19 00:00:00,1.403040356569077
1989-04-20 00:00:00,1.3959651408666853
1989-04-21 00:00:00,1.3957855797146639
1989-04-24 00:00:00,1.4010906254454345
1989-04-25 00:00:00,1.404945179197504
1989-04-26 00:00:00,1.4102724304615983
1989-04-27 00:00:00,1.4079984061158426
1989-04-28 00:00:00,1.4111131445991938
1989-05-01 00:00:00,1.4173724695790246
1989-05-02 00:00:00,1.4155190243405529
1989-05-03 00:00:00,1.4172173022359862
1989-05-04 00:00:00,1.4177305664811066
1989-05-05 00:00:00,1.422164545710147
1989-05-08 00:00:00,1.4238436044566571
1989-05-09 00:00:00,1.430454679172074
1989-05-10 00:00:00,1.4229083122732589
1989-05-11 00:00:00,1.42846481307285
1989-05-12 00:00:00,1.4303183424624397
1989-05-15 00:00:00,1.4417036100605265
1989-05-16 00:00:00,1.4454004507796592
1989-05-17 00:00:00,1.460927678497804
1989-05-18 00:00:00,1.4606666408691902
1989-05-19 00:00:00,1.4595790738253083
1989-05-22 00:00:00,1.4801885789276803
1989-05-23 00:00:00,1.4781540583910822
1989-05-24 00:00:00,1.4795892124851877
1989-05-25 00:00:00,1.4710089750741457
1989-05-26 00:00:00,1.4682212845384859
1989-05-30 00:00:00,1.4791786898165347
1989-05-31 00:00:00,1.4620609368235018
1989-06-01 00:00:00,1.465811691367206
1989-06-02 00:00:00,1.4545465444491872
1989-06-05 00:00:00,1.4575153840422528
1989-06-06 00:00:00,1.4630293929718212
1989-06-07 00:00:00,1.4570838948585125
1989-06-08 00:00:00,1.463330286494275
1989-06-09 00:00:00,1.4774012211666745
1989-06-12 00:00:00,1.488005422428102
1989-06-13 00:00:00,1.4882777169604724
1989-06-14 00:00:00,1.488287570752783
1989-06-15 00:00:00,1.4884722225088
1989-06-16 00:00:00,1.471645238415436
1989-06-19 00:00:00,1.4639713614654393
1989-06-20 00:00:00,1.4658017922703392
1989-06-21 00:00:00,1.458698707309621
1989-06-22 00:00:00,1.4560461905325448
1989-06-23 00:00:00,1.444245709890419
1989-06-26 00:00:00,1.456351628969465
1989-06-27 00:00:00,1.4528573269895038
1989-06-28 00:00:00,1.4583107889520248
1989-06-29 00:00:00,1.4569470949754124
1989-06-30 00:00:00,1.4590726158553589
1989-07-03 00:00:00,1.4437802078613036
1989-07-05 00:00:00,1.4240450301108676
1989-07-06 00:00:00,1.421636471398279
1989-07-07 00:00:00,1.4203901496987308
1989-07-10 00:00:00,1.4092986380023131
1989-07-11 00:00:00,1.4212090815017246
1989-07-12 00:00:00,1.418400211486097
1989-07-13 00:00:00,1.4189089019138532
1989-07-14 00:00:00,1.4292917393830513
1989-07-17 00:00:00,1.4300780199948815
1989-07-18 00:00:00,1.4231528593475569
1989-07-19 00:00:00,1.4272313423456018
1989-07-20 00:00:00,1.425996697625913
1989-07-21 00:00:00,1.4285194974042854
1989-07-24 00:00:00,1.4303611704031562
1989-07-25 00:00:00,1.424701425300245
1989-07-26 00:00:00,1.4135051238766183
1989-07-27 00:00:00,1.4084884180182848
1989-07-28 00:00:00,1.4160991096881492
1989-07-31 00:00:00,1.405351209234636
1989-08-01 00:00:00,1.4052736255631169
1989-08-02 00:00:00,1.400194709612291
1989-08-03 00:00:00,1.4063129548196693
1989-08-04 00:00:00,1.4233068797525874
1989-08-07 00:00:00,1.4271853397753949
1989-08-08 00:00:00,1.4199493437986914
1989-08-09 00:00:00,1.4221054383228875
1989-08-10 00:00:00,1.41872308213639
1989-08-11 00:00:00,1.4432963000112675
1989-08-14 00:00:00,1.4452761008556219
1989-08-15 00:00:00,1.4468767339242683
1989-08-16 00:00:00,1.4460538412021502
1989-08-17 00:00:00,1.4575194586801494
1989-08-18 00:00:00,1.4477602551640116
1989-08-21 00:00:00,1.448611351508542
1989-08-22 00:00:00,1.4443436143175084
1989-08-23 00:00:00,1.44938346134165
1989-08-24 00:00:00,1.4507866111692758
1989-08-25 00:00:00,1.4483010168224653
1989-08-28 00:00:00,1.449706404591342
1989-08-29 00:00:00,1.4402070306583155
1989-08-30 00:00:00,1.4392828510519342
1989-08-31 00:00:00,1.4491032466866538
1989-09-01 00:00:00,1.4609504546818088
1989-09-05 00:00:00,1.4659385507094291
1989-09-06 00:00:00,1.458246503353457
1989-09-07 00:00:00,1.4614439683159814
1989-09-08 00:00:00,1.4593670636437326
1989-09-11 00:00:00,1.462648208991254
1989-09-12 00:00:00,1.4621178277273774
1989-09-13 00:00:00,1.4584056530448437
1989-09-14 00:00:00,1.4537540868885985
1989-09-15 00:00:00,1.4706987173928878
1989-09-18 00:00:00,1.4462085817336277
1989-09-19 00:00:00,1.4461309980621084
1989-09-20 00:00:00,1.4413888598680615
1989-09-21 00:00:00,1.4431813417246036
1989-09-22 00:00:00,1.4438501973015936
1989-09-25 00:00:00,1.4250282321859213
1989-09-26 00:00:00,1.4195451771627539
1989-09-27 00:00:00,1.4144061785582274
1989-09-28 00:00:00,1.4161826849336034
1989-09-29 00:00:00,1.4113123477599523
1989-10-02 00:00:00,1.4118235929548446
1989-10-03 00:00:00,1.418769363422229
1989-10-04 00:00:00,1.4138227748664645
1989-10-05 00:00:00,1.4215175795622093
1989-10-06 00:00:00,1.4204736949063725
1989-10-10 00:00:00,1.4271290710480675
1989-10-11 00:00:00,1.4374869162847008
1989-10-12 00:00:00,1.436279420375578
1989-10-13 00:00:00,1.427852270506552
1989-10-16 00:00:00,1.4186335258226355
1989-10-17 00:00:00,1.4133975908284777
1989-10-18 00:00:00,1.4144916466287893
1989-10-19 00:00:00,1.411676840411555
1989-10-20 00:00:00,1.4149214822319494
1989-10-23 00:00:00,1.4139661900861555
1989-10-24 00:00:00,1.4038549746804376
1989-10-25 00:00:00,1.403975665780655
1989-10-26 00:00:00,1.4041953781264103
1989-10-27 00:00:00,1.4023319256997855
1989-10-30 00:00:00,1.4048323194975212
1989-10-31 00:00:00,1.4075193432960864
1989-11-01 00:00:00,1.4060609647194244
1989-11-02 00:00:00,1.411292764119277
1989-11-03 00:00:00,1.4096466769634797
1989-11-06 00:00:00,1.4109417469856873
1989-11-07 00:00:00,1.4081158649303391
1989-11-08 00:00:00,1.407053841266971
1989-11-09 00:00:00,1.4083540447008946
1989-11-10 00:00:00,1.4147315246330703
1989-11-13 00:00:00,1.4195004041027102
1989-11-14 00:00:00,1.4126272525786885
1989-11-15 00:00:00,1.412159122491683
1989-11-16 00:00:00,1.41247208523565
1989-11-17 00:00:00,1.4119062806864542
1989-11-20 00:00:00,1.4127072221838477
1989-11-21 00:00:00,1.4102841763895275
1989-11-22 00:00:00,1.409226735063494
1989-11-24 00:00:00,1.4063974315311751
1989-11-27 00:00:00,1.4029622990712625
1989-11-28 00:00:00,1.40109996272594
1989-11-29 00:00:00,1.3980366015928136
1989-11-30 00:00:00,1.3979590179212944
1989-12-01 00:00:00,1.3988782521493826
1989-12-04 00:00:00,1.3980033391314293
1989-12-05 00:00:00,1.3965280211039768
1989-12-06 00:00:00,1.3910302961062821
1989-12-07 00:00:00,1.3927645427689899
1989-12-08 00:00:00,1.394493665638137
1989-12-11 00:00:00,1.3914020591916902
1989-12-12 00:00:00,1.3750061299912701
1989-12-13 00:00:00,1.3769910760591721
1989-12-14 00:00:00,1.3781478603290627
1989-12-15 00:00:00,1.3727042596854082
1989-12-18 00:00:00,1.3762433086580685
1989-12-19 00:00:00,1.3770924593440017
1989-12-20 00:00:00,1.3802992057547847
1989-12-21 00:00:00,1.3742564294116508
1989-12-22 00:00:00,1.3681582073674028
1989-12-26 00:00:00,1.3617932037460854
1989-12-27 00:00:00,1.3579139242909672
1989-12-28 00:00:00,1.361638036403047
1989-12-29 00:00:00,1.360822961114118
1990-01-02 00:00:00,1.3656812104711096
1990-01-03 00:00:00,1.3739199585900013
1990-01-04 00:00:00,1.3541281172148696
1990-01-05 00:00:00,1.3531983086995005
1990-01-08 00:00:00,1.3462629522128466
1990-01-09 00:00:00,1.3485507761577982
1990-01-10 00:00:00,1.3465384891784111
1990-01-11 00:00:00,1.3477513370886196
1990-01-12 00:00:00,1.3429298129162466
1990-01-16 00:00:00,1.3518794764765436
1990-01-17 00:00:00,1.3509474551093088
1990-01-18 00:00:00,1.3590480903304218
1990-01-19 00:00:00,1.3621294082461182
1990-01-22 00:00:00,1.3705052178561115
1990-01-23 00:00:00,1.3594483413501408
1990-01-24 00:00:00,1.3507732501218337
1990-01-25 00:00:00,1.3517631941759412
1990-01-26 00:00:00,1.3538154837822498
1990-01-29 00:00:00,1.3451767808115778
1990-01-30 00:00:00,1.3461754322350294
1990-01-31 00:00:00,1.3493160710390562
1990-02-01 00:00:00,1.3384496291502819
1990-02-02 00:00:00,1.3470171663396788
1990-02-05 00:00:00,1.3395984389155158
1990-02-06 00:00:00,1.331658388008919
1990-02-07 00:00:00,1.327172402282969
1990-02-08 00:00:00,1.3413168634433779
1990-02-09 00:00:00,1.3441553153548436
1990-02-12 00:00:00,1.3407285972338638
1990-02-13 00:00:00,1.3443233604248668
1990-02-14 00:00:00,1.3420880395074763
1990-02-15 00:00:00,1.3441681930818283
1990-02-16 00:00:00,1.344521313718912
1990-02-20 00:00:00,1.3745286144578464
1990-02-21 00:00:00,1.3356984162715768
1990-02-22 00:00:00,1.3337642797751006
1990-02-23 00:00:00,1.3327017167479354
1990-02-26 00:00:00,1.3377519253067378
1990-02-27 00:00:00,1.33745694104658
1990-02-28 00:00:00,1.3406329142951303
1990-03-01 00:00:00,1.350966984995268
1990-03-02 00:00:00,1.3530158295966057
1990-03-05 00:00:00,1.3470739487089352
1990-03-06 00:00:00,1.3464606486459842
1990-03-07 00:00:00,1.3534196668780187
1990-03-08 00:00:00,1.3495132677018844
1990-03-09 00:00:00,1.3505014829661528
1990-03-12 00:00:00,1.35466989085803
1990-03-13 00:00:00,1.357758852827087
1990-03-14 00:00:00,1.3547263035497232
1990-03-15 00:00:00,1.3496584646483376
1990-03-16 00:00:00,1.3436927547464153
1990-03-19 00:00:00,1.3403811987340541
1990-03-20 00:00:00,1.3446120725225836
1990-03-21 00:00:00,1.3504130660775127
1990-03-22 00:00:00,1.3495902082369016
1990-03-23 00:00:00,1.3486598473151732
1990-03-26 00:00:00,1.3503930954520915
1990-03-27 00:00:00,1.3485046799721347
1990-03-28 00:00:00,1.3488536230944255
1990-03-29 00:00:00,1.342456603169318
1990-03-30 00:00:00,1.3362158847313628
1990-04-02 00:00:00,1.3454151668039935
1990-04-03 00:00:00,1.341685515593214
1990-04-04 00:00:00,1.3428992039018959
1990-04-05 00:00:00,1.3426065833451464
1990-04-06 00:00:00,1.340266879645173
1990-04-09 00:00:00,1.3387850511452852
1990-04-10 00:00:00,1.3365412643657557
1990-04-11 00:00:00,1.330688846004651
1990-04-12 00:00:00,1.333559423732028
1990-04-13 00:00:00,1.3323914499474927
1990-04-16 00:00:00,1.334057633568695
1990-04-17 00:00:00,1.3328907310697955
1990-04-18 00:00:00,1.3288767770069057
1990-04-19 00:00:00,1.3283603808251385
1990-04-20 00:00:00,1.3368962620725156
1990-04-23 00:00:00,1.3397370932586214
1990-04-24 00:00:00,1.33901208327894
1990-04-25 00:00:00,1.3335145478680603
1990-04-26 00:00:00,1.3331103558544386
1990-04-27 00:00:00,1.3291009195028245
1990-04-30 00:00:00,1.3311013728444836
1990-05-01 00:00:00,1.3325508360022784
1990-05-02 00:00:00,1.3308369965646096
1990-05-03 00:00:00,1.3306501860443414
1990-05-04 00:00:00,1.3268482003747288
1990-05-07 00:00:00,1.3197031784889628
1990-05-08 00:00:00,1.318959186251336
1990-05-09 00:00:00,1.3097072743919098
1990-05-10 00:00:00,1.3130006510064705
1990-05-11 00:00:00,1.3067300800158648
1990-05-14 00:00:00,1.3116114175281592
1990-05-15 00:00:00,1.3126558053639181
1990-05-16 00:00:00,1.311568531287824
1990-05-17 00:00:00,1.3131729265528747
1990-05-18 00:00:00,1.3127592823722347
1990-05-21 00:00:00,1.3213651938727602
1990-05-22 00:00:00,1.3244876502810656
1990-05-23 00:00:00,1.3241898648197516
1990-05-24 00:00:00,1.32576202897346
1990-05-25 00:00:00,1.3290810592382278
1990-05-29 00:00:00,1.3223032858122206
1990-05-30 00:00:00,1.3251996540823312
1990-05-31 00:00:00,1.336994907819441
1990-06-01 00:00:00,1.3325849092650146
1990-06-04 00:00:00,1.3346770708553664
1990-06-05 00:00:00,1.3315598548544736
1990-06-06 00:00:00,1.3298481587791466
1990-06-07 00:00:00,1.3323832304245127
1990-06-08 00:00:00,1.337392500207116
1990-06-11 00:00:00,1.3358037621144214
1990-06-12 00:00:00,1.3331275828189109
1990-06-13 00:00:00,1.330985536838544
1990-06-14 00:00:00,1.331016769153839
1990-06-15 00:00:00,1.3350610349123637
1990-06-18 00:00:00,1.3250697020756355
1990-06-19 00:00:00,1.3193709332181371
1990-06-20 00:00:00,1.3237061124093203
1990-06-21 00:00:00,1.324068208038005
1990-06-22 00:00:00,1.3200230645634752
1990-06-25 00:00:00,1.322593134006013
1990-06-26 00:00:00,1.3168767278063196
1990-06-27 00:00:00,1.3136830523206942
1990-06-28 00:00:00,1.315943890875243
1990-06-29 00:00:00,1.3144196715613083
1990-07-02 00:00:00,1.3081870818709516
1990-07-03 00:00:00,1.3051802091009228
1990-07-05 00:00:00,1.3036332132365949
1990-07-06 00:00:00,1.3052508224986705
1990-07-09 00:00:00,1.2982528841348935
1990-07-10 00:00:00,1.2969198323294389
1990-07-11 00:00:00,1.3011695309821252
1990-07-12 00:00:00,1.305842858424052
1990-07-13 00:00:00,1.2982845483072147
1990-07-16 00:00:00,1.3004825716909345
1990-07-17 00:00:00,1.2974452112734318
1990-07-18 00:00:00,1.2941657165145048
1990-07-19 00:00:00,1.2956909690191456
1990-07-20 00:00:00,1.2942397565524684
1990-07-23 00:00:00,1.2857459056439102
1990-07-24 00:00:00,1.281246022119866
1990-07-25 00:00:00,1.2823349618696211
1990-07-26 00:00:00,1.2845845061057426
1990-07-27 00:00:00,1.2792597725074977
1990-07-30 00:00:00,1.274484286289431
1990-07-31 00:00:00,1.2608403270635293
1990-08-01 00:00:00,1.264478112607151
1990-08-02 00:00:00,1.2669061848212502
1990-08-03 00:00:00,1.265994384411415
1990-08-06 00:00:00,1.256673932551991
1990-08-07 00:00:00,1.2587679976262593
1990-08-08 00:00:00,1.2680236116240475
1990-08-09 00:00:00,1.2662800208914695
1990-08-10 00:00:00,1.2630978008855653
1990-08-13 00:00:00,1.2541076118761427
1990-08-14 00:00:00,1.2490038714591458
1990-08-15 00:00:00,1.2490038714591458
1990-08-16 00:00:00,1.2490038714591458
1990-08-17 00:00:00,1.2490038714591458
1990-08-20 00:00:00,1.2490038714591458
1990-08-21 00:00:00,1.2490038714591458
1990-08-22 00:00:00,1.2490038714591458
1990-08-23 00:00:00,1.2490038714591458
1990-08-24 00:00:00,1.2490038714591458
1990-08-27 00:00:00,1.2490038714591458
1990-08-28 00:00:00,1.2490038714591458
1990-08-29 00:00:00,1.2490038714591458
1990-08-30 00:00:00,1.2490038714591458
1990-08-31 00:00:00,1.2490038714591458
1990-09-04 00:00:00,1.2490038714591458
1990-09-05 00:00:00,1.2490038714591458
1990-09-06 00:00:00,1.2490038714591458
1990-09-07 00:00:00,1.2490038714591458
1990-09-10 00:00:00,1.2490038714591458
1990-09-11 00:00:00,1.2490038714591458
1990-09-12 00:00:00,1.2490038714591458
1990-09-13 00:00:00,1.2490038714591458
1990-09-14 00:00:00,1.2490038714591458
1990-09-17 00:00:00,1.2490038714591458
1990-09-18 00:00:00,1.2490038714591458
1990-09-19 00:00:00,1.2490038714591458
1990-09-20 00:00:00,1.2490038714591458
1990-09-21 00:00:00,1.2490038714591458
1990-09-24 00:00:00,1.2490038714591458
1990-09-25 00:00:00,1.2490038714591458
1990-09-26 00:00:00,1.2490038714591458
1990-09-27 00:00:00,1.2490038714591458
1990-09-28 00:00:00,1.2490038714591458
1990-10-01 00:00:00,1.2490038714591458
1990-10-02 00:00:00,1.2490038714591458
1990-10-03 00:00:00,1.2490038714591458
1990-10-04 00:00:00,1.2490038714591458
1990-10-05 00:00:00,1.2490038714591458
1990-10-09 00:00:00,1.2490038714591458
1990-10-10 00:00:00,1.2490038714591458
1990-10-11 00:00:00,1.2490038714591458
1990-10-12 00:00:00,1.2490038714591458
1990-10-15 00:00:00,1.2490038714591458
1990-10-16 00:00:00,1.2490038714591458
1990-10-17 00:00:00,1.2490038714591458
1990-10-18 00:00:00,1.2490038714591458
1990-10-19 00:00:00,1.2490038714591458
1990-10-22 00:00:00,1.2490038714591458
1990-10-23 00:00:00,1.2490038714591458
1990-10-24 00:00:00,1.2490038714591458
1990-10-25 00:00:00,1.2490038714591458
1990-10-26 00:00:00,1.2490038714591458
1990-10-29 00:00:00,1.2490038714591458
1990-10-30 00:00:00,1.2490038714591458
1990-10-31 00:00:00,1.2490038714591458
1990-11-01 00:00:00,1.2490038714591458
1990-11-02 00:00:00,1.2490038714591458
1990-11-05 00:00:00,1.2490038714591458
1990-11-06 00:00:00,1.2490038714591458
1990-11-07 00:00:00,1.2490038714591458
1990-11-08 00:00:00,1.2490038714591458
1990-11-09 00:00:00,1.2490038714591458
1990-11-13 00:00:00,1.2490038714591458
1990-11-14 00:00:00,1.2490038714591458
1990-11-15 00:00:00,1.2490038714591458
1990-11-16 00:00:00,1.2490038714591458
1990-11-19 00:00:00,1.2490038714591458
1990-11-20 00:00:00,1.2490038714591458
1990-11-21 00:00:00,1.2490038714591458
1990-11-23 00:00:00,1.2490038714591458
1990-11-26 00:00:00,1.2490038714591458
1990-11-27 00:00:00,1.2490038714591458
1990-11-28 00:00:00,1.2490038714591458
1990-11-29 00:00:00,1.2490038714591458
1990-11-30 00:00:00,1.2490038714591458
1990-12-03 00:00:00,1.2490038714591458
1990-12-04 00:00:00,1.2490038714591458
1990-12-05 00:00:00,1.2490038714591458
1990-12-06 00:00:00,1.2490038714591458
1990-12-07 00:00:00,1.2490038714591458
1990-12-10 00:00:00,1.2490038714591458
1990-12-11 00:00:00,1.2490038714591458
1990-12-12 00:00:00,1.2490038714591458
1990-12-13 00:00:00,1.2490038714591458
1990-12-14 00:00:00,1.2490038714591458
1990-12-17 00:00:00,1.2490038714591458
1990-12-18 00:00:00,1.2490038714591458
1990-12-19 00:00:00,1.2490038714591458
1990-12-20 00:00:00,1.2490038714591458
1990-12-21 00:00:00,1.2490038714591458
1990-12-24 00:00:00,1.2490038714591458
1990-12-26 00:00:00,1.2490038714591458
1990-12-27 00:00:00,1.2490038714591458
1990-12-28 00:00:00,1.2490038714591458
1990-12-31 00:00:00,1.2490038714591458
1991-01-02 00:00:00,1.2490038714591458
1991-01-03 00:00:00,1.2490038714591458
1991-01-04 00:00:00,1.2490038714591458
1991-01-07 00:00:00,1.2490038714591458
1991-01-08 00:00:00,1.2490038714591458
1991-01-09 00:00:00,1.2490038714591458
1991-01-10 00:00:00,1.2490038714591458
1991-01-11 00:00:00,1.2490038714591458
1991-01-14 00:00:00,1.2490038714591458
1991-01-15 00:00:00,1.2490038714591458
1991-01-16 00:00:00,1.2490038714591458
1991-01-17 00:00:00,1.2490038714591458
1991-01-18 00:00:00,1.2490038714591458
1991-01-22 00:00:00,1.2490038714591458
1991-01-23 00:00:00,1.2490038714591458
1991-01-24 00:00:00,1.2490038714591458
1991-01-25 00:00:00,1.2490038714591458
1991-01-28 00:00:00,1.2490038714591458
1991-01-29 00:00:00,1.2490038714591458
1991-01-30 00:00:00,1.2490038714591458
1991-01-31 00:00:00,1.2490038714591458
1991-02-01 00:00:00,1.2490038714591458
1991-02-04 00:00:00,1.2490038714591458
1991-02-05 00:00:00,1.2490038714591458
1991-02-06 00:00:00,1.2490038714591458
1991-02-07 00:00:00,1.2490038714591458
1991-02-08 00:00:00,1.2490038714591458
1991-02-11 00:00:00,1.2490038714591458
1991-02-12 00:00:00,1.2490038714591458
1991-02-13 00:00:00,1.2490038714591458
1991-02-14 00:00:00,1.2490038714591458
1991-02-15 00:00:00,1.2490038714591458
1991-02-19 00:00:00,1.2490038714591458
1991-02-20 00:00:00,1.2490038714591458
1991-02-21 00:00:00,1.2490038714591458
1991-02-22 00:00:00,1.2490038714591458
1991-02-25 00:00:00,1.2490038714591458
1991-02-26 00:00:00,1.2490038714591458
1991-02-27 00:00:00,1.2490038714591458
1991-02-28 00:00:00,1.2490038714591458
1991-03-01 00:00:00,1.2490038714591458
1991-03-04 00:00:00,1.2490038714591458
1991-03-05 00:00:00,1.2490038714591458
1991-03-06 00:00:00,1.2490038714591458
1991-03-07 00:00:00,1.2490038714591458
1991-03-08 00:00:00,1.2490038714591458
1991-03-11 00:00:00,1.2593111662310876
1991-03-12 00:00:00,1.2552167383287922
1991-03-13 00:00:00,1.2570208615037168
1991-03-14 00:00:00,1.2580347050383567
1991-03-15 00:00:00,1.2687536728131708
1991-03-18 00:00:00,1.286590055368868
1991-03-19 00:00:00,1.2979647891597696
1991-03-20 00:00:00,1.2922077218315502
1991-03-21 00:00:00,1.2871368503807807
1991-03-22 00:00:00,1.2907822054726872
1991-03-25 00:00:00,1.3042359641717411
1991-03-26 00:00:00,1.3120534976965887
1991-03-27 00:00:00,1.3185294915791292
1991-03-28 00:00:00,1.3206557627097752
1991-03-29 00:00:00,1.3148706686548048
1991-04-01 00:00:00,1.3087563579863
1991-04-02 00:00:00,1.3042899783389224
1991-04-03 00:00:00,1.300514620360507
1991-04-04 00:00:00,1.295433057710729
1991-04-05 00:00:00,1.3020138088478959
1991-04-08 00:00:00,1.3060053134850502
1991-04-09 00:00:00,1.2975199571479559
1991-04-10 00:00:00,1.3000022202892054
1991-04-11 00:00:00,1.2966573339680412
1991-04-12 00:00:00,1.3031291622576087
1991-04-15 00:00:00,1.2966163454735073
1991-04-16 00:00:00,1.2937115880054193
1991-04-17 00:00:00,1.2954784455873352
1991-04-18 00:00:00,1.3034058383330878
1991-04-19 00:00:00,1.3243893251064696
1991-04-22 00:00:00,1.3391229915350877
1991-04-23 00:00:00,1.3280601988844323
1991-04-24 00:00:00,1.3329663789597075
1991-04-25 00:00:00,1.3287024820810343
1991-04-26 00:00:00,1.3335162670897636
1991-04-29 00:00:00,1.3380323034546262
1991-04-30 00:00:00,1.3165899348036192
1991-05-01 00:00:00,1.3129949775177132
1991-05-02 00:00:00,1.3182134074200378
1991-05-03 00:00:00,1.330451323427671
1991-05-06 00:00:00,1.3253071225196538
1991-05-07 00:00:00,1.3166107309932218
1991-05-08 00:00:00,1.3223134055401125
1991-05-09 00:00:00,1.3251951010428302
1991-05-10 00:00:00,1.3199158709251995
1991-05-13 00:00:00,1.3141447085819273
1991-05-14 00:00:00,1.3084019736563333
1991-05-15 00:00:00,1.3048473776198968
1991-05-16 00:00:00,1.3072879868258778
1991-05-17 00:00:00,1.3252302619622212
1991-05-20 00:00:00,1.325682213227405
1991-05-21 00:00:00,1.3141887138461268
1991-05-22 00:00:00,1.3207816589420414
1991-05-23 00:00:00,1.3150253010535968
1991-05-24 00:00:00,1.3118701868294225
1991-05-28 00:00:00,1.3061097916609101
1991-05-29 00:00:00,1.3116493435390626
1991-05-30 00:00:00,1.3181819599311166
1991-05-31 00:00:00,1.330648453694875
1991-06-03 00:00:00,1.3345823118931537
1991-06-04 00:00:00,1.3321367795802703
1991-06-05 00:00:00,1.3387566018177774
1991-06-06 00:00:00,1.340705015308381
1991-06-07 00:00:00,1.3507620681971377
1991-06-10 00:00:00,1.3514350125272316
1991-06-11 00:00:00,1.3515329527744697
1991-06-12 00:00:00,1.3639498301494013
1991-06-13 00:00:00,1.368666781230417
1991-06-14 00:00:00,1.363497043015039
1991-06-17 00:00:00,1.3728801860740911
1991-06-18 00:00:00,1.3808542524321834
1991-06-19 00:00:00,1.368402124597878
1991-06-20 00:00:00,1.373232150298212
1991-06-21 00:00:00,1.3730087732687821
1991-06-24 00:00:00,1.3662957170540861
1991-06-25 00:00:00,1.3727191837154673
1991-06-26 00:00:00,1.3656853019200579
1991-06-27 00:00:00,1.3721147812702643
1991-06-28 00:00:00,1.3710242929739347
1991-07-01 00:00:00,1.3838088649470466
1991-07-02 00:00:00,1.3915267112788292
1991-07-03 00:00:00,1.3907027116109392
1991-07-05 00:00:00,1.3885846617825177
1991-07-08 00:00:00,1.380381204786496
1991-07-09 00:00:00,1.3836318324796284
1991-07-10 00:00:00,1.381099427889519
1991-07-11 00:00:00,1.3915838788111232
1991-07-12 00:00:00,1.368215596645045
1991-07-15 00:00:00,1.3682286407441226
1991-07-16 00:00:00,1.3717928855015808
1991-07-17 00:00:00,1.368887723018772
1991-07-18 00:00:00,1.3570634904033143
1991-07-19 00:00:00,1.3436401146697623
1991-07-22 00:00:00,1.3498444091955488
1991-07-23 00:00:00,1.3488753160057043
1991-07-24 00:00:00,1.336927358111486
1991-07-25 00:00:00,1.346932436869413
1991-07-26 00:00:00,1.3397280622775678
1991-07-29 00:00:00,1.3483641349246733
1991-07-30 00:00:00,1.3477222945132956
1991-07-31 00:00:00,1.3444371484269413
1991-08-01 00:00:00,1.3511162814742028
1991-08-02 00:00:00,1.3366322505157846
1991-08-05 00:00:00,1.3295471630697722
1991-08-06 00:00:00,1.3249500526454159
1991-08-07 00:00:00,1.3239386626953324
1991-08-08 00:00:00,1.3328274639824318
1991-08-09 00:00:00,1.334534324513852
1991-08-12 00:00:00,1.3333712735230734
1991-08-13 00:00:00,1.3369246274695135
1991-08-14 00:00:00,1.3387843532080808
1991-08-15 00:00:00,1.3381327926566342
1991-08-16 00:00:00,1.3546212221242873
1991-08-19 00:00:00,1.3824813123474309
1991-08-20 00:00:00,1.3762363335310153
1991-08-21 00:00:00,1.3470749299808895
1991-08-22 00:00:00,1.3318274298068284
1991-08-23 00:00:00,1.3476820588163776
1991-08-26 00:00:00,1.3459712338262435
1991-08-27 00:00:00,1.343924628779801
1991-08-28 00:00:00,1.3401248610061116
1991-08-29 00:00:00,1.343626925292738
1991-08-30 00:00:00,1.3443045388327248
1991-09-03 00:00:00,1.3390930646358865
1991-09-04 00:00:00,1.3374399810478776
1991-09-05 00:00:00,1.3390441261036323
1991-09-06 00:00:00,1.3350443107205507
1991-09-09 00:00:00,1.313025522054527
1991-09-10 00:00:00,1.3121709785867397
1991-09-11 00:00:00,1.3154257125573727
1991-09-12 00:00:00,1.3091380409035447
1991-09-13 00:00:00,1.3074831467883872
1991-09-16 00:00:00,1.3019088125552503
1991-09-17 00:00:00,1.3003225518180364
1991-09-18 00:00:00,1.3065770541786426
1991-09-19 00:00:00,1.311970750587448
1991-09-20 00:00:00,1.3103251359704207
1991-09-23 00:00:00,1.3012207031672929
1991-09-24 00:00:00,1.303116731730296
1991-09-25 00:00:00,1.3090711058032733
1991-09-26 00:00:00,1.308476399322197
1991-09-27 00:00:00,1.3048733794954313
1991-09-30 00:00:00,1.2954120508839237
1991-10-01 00:00:00,1.296968014290998
1991-10-02 00:00:00,1.2940147375173288
1991-10-03 00:00:00,1.295033024961228
1991-10-04 00:00:00,1.3024093293060608
1991-10-07 00:00:00,1.3050083956242124
1991-10-08 00:00:00,1.3143428117915643
1991-10-09 00:00:00,1.3138409962360003
1991-10-10 00:00:00,1.314210483475295
1991-10-11 00:00:00,1.3133598927364982
1991-10-15 00:00:00,1.323745164269863
1991-10-16 00:00:00,1.3180035006997783
1991-10-17 00:00:00,1.3187148230023655
1991-10-18 00:00:00,1.3109102604968033
1991-10-21 00:00:00,1.3102307133212197
1991-10-22 00:00:00,1.3132245103575086
1991-10-23 00:00:00,1.3190540988566135
1991-10-24 00:00:00,1.3159614437596054
1991-10-25 00:00:00,1.3167617357941293
1991-10-28 00:00:00,1.3216077915164464
1991-10-29 00:00:00,1.31018431831781
1991-10-30 00:00:00,1.2967234830670962
1991-10-31 00:00:00,1.2955785669701685
1991-11-01 00:00:00,1.2918105415467542
1991-11-04 00:00:00,1.2723838304671315
1991-11-05 00:00:00,1.2801432807703548
1991-11-06 00:00:00,1.2784094453886612
1991-11-07 00:00:00,1.2728416883282907
1991-11-08 00:00:00,1.280591975419391
1991-11-12 00:00:00,1.2774681546966409
1991-11-13 00:00:00,1.2783303331989704
1991-11-14 00:00:00,1.2743546714214902
1991-11-15 00:00:00,1.2794950822117737
1991-11-18 00:00:00,1.257439601772129
1991-11-19 00:00:00,1.2511799867900062
1991-11-20 00:00:00,1.2537349363111174
1991-11-21 00:00:00,1.249586245273175
1991-11-22 00:00:00,1.2435381069310316
1991-11-25 00:00:00,1.2424852905557044
1991-11-26 00:00:00,1.2421227990131318
1991-11-27 00:00:00,1.2653831298197495
1991-11-29 00:00:00,1.272102777108074
1991-12-02 00:00:00,1.2609676031861659
1991-12-03 00:00:00,1.262904324469498
1991-12-04 00:00:00,1.2650236447199603
1991-12-05 00:00:00,1.2464487352753542
1991-12-06 00:00:00,1.2339009749641312
1991-12-09 00:00:00,1.2344353594989974
1991-12-10 00:00:00,1.2383569328009565
1991-12-11 00:00:00,1.2353025576807857
1991-12-12 00:00:00,1.235735507334901
1991-12-13 00:00:00,1.236965017755421
1991-12-16 00:00:00,1.2344045786892772
1991-12-17 00:00:00,1.2298213578093489
1991-12-18 00:00:00,1.2278373473868207
1991-12-19 00:00:00,1.2217750468637318
1991-12-20 00:00:00,1.2021819380984744
1991-12-23 00:00:00,1.1867106391524334
1991-12-24 00:00:00,1.193968733712107
1991-12-26 00:00:00,1.1837540361250476
1991-12-27 00:00:00,1.1897544933885216
1991-12-30 00:00:00,1.1899038629728271
1991-12-31 00:00:00,1.1900531549572255
1992-01-02 00:00:00,1.1949211604942263
1992-01-03 00:00:00,1.2077463359356588
1992-01-06 00:00:00,1.1866146532347286
1992-01-07 00:00:00,1.1887104411934892
1992-01-08 00:00:00,1.1845298839812157
1992-01-09 00:00:00,1.2053874922248922
1992-01-10 00:00:00,1.2331797920223673
1992-01-13 00:00:00,1.2280916172829748
1992-01-14 00:00:00,1.233747071524959
1992-01-15 00:00:00,1.2593647300524837
1992-01-16 00:00:00,1.2584385852488928
1992-01-17 00:00:00,1.2496027419161089
1992-01-21 00:00:00,1.2315815009827897
1992-01-22 00:00:00,1.2345139208276361
1992-01-23 00:00:00,1.2396085610040115
1992-01-24 00:00:00,1.233882910907128
1992-01-27 00:00:00,1.2527575035143077
1992-01-28 00:00:00,1.2409887125340289
1992-01-29 00:00:00,1.23557711395511
1992-01-30 00:00:00,1.2552552707932814
1992-01-31 00:00:00,1.2466716018849366
1992-02-03 00:00:00,1.2415117481955062
1992-02-04 00:00:00,1.23680230227933
1992-02-05 00:00:00,1.2352462931644363
1992-02-06 00:00:00,1.2271685467897786
1992-02-07 00:00:00,1.214152141520234
1992-02-10 00:00:00,1.2208519693613102
1992-02-11 00:00:00,1.2361738214335318
1992-02-12 00:00:00,1.2463372938470174
1992-02-13 00:00:00,1.255457560423152
1992-02-14 00:00:00,1.2591198850333325
1992-02-18 00:00:00,1.2727027307869097
1992-02-19 00:00:00,1.272636566628775
1992-02-20 00:00:00,1.2724774050980456
1992-02-21 00:00:00,1.2738045701322653
1992-02-24 00:00:00,1.2717867656935193
1992-02-25 00:00:00,1.2661064994570008
1992-02-26 00:00:00,1.273142022729347
1992-02-27 00:00:00,1.2689753910629675
1992-02-28 00:00:00,1.2644956170912978
1992-03-02 00:00:00,1.267719495212838
1992-03-03 00:00:00,1.2763022175059862
1992-03-04 00:00:00,1.2854783832637708
1992-03-05 00:00:00,1.2859564171874802
1992-03-06 00:00:00,1.2847104748946239
1992-03-09 00:00:00,1.2820946178174313
1992-03-10 00:00:00,1.2868447047135125
1992-03-11 00:00:00,1.281505741755184
1992-03-12 00:00:00,1.2877970068410607
1992-03-13 00:00:00,1.2833793979568104
1992-03-16 00:00:00,1.2824934871163454
1992-03-17 00:00:00,1.2751789925530608
1992-03-18 00:00:00,1.2725208353146686
1992-03-19 00:00:00,1.2874661860503869
1992-03-20 00:00:00,1.2904615238383303
1992-03-23 00:00:00,1.285524946523953
1992-03-24 00:00:00,1.2825520677657016
1992-03-25 00:00:00,1.2736726362959159
1992-03-26 00:00:00,1.2804124252531015
1992-03-27 00:00:00,1.2700125975930965
1992-03-30 00:00:00,1.2719915220495908
1992-03-31 00:00:00,1.2702526635618019
1992-04-01 00:00:00,1.2733418155052423
1992-04-02 00:00:00,1.2701203352455324
1992-04-03 00:00:00,1.2557257013550724
1992-04-06 00:00:00,1.2529797236078564
1992-04-07 00:00:00,1.2555933730388031
1992-04-08 00:00:00,1.2564812056621688
1992-04-09 00:00:00,1.2506667034503962
1992-04-10 00:00:00,1.2614726699046674
1992-04-13 00:00:00,1.269284791853614
1992-04-14 00:00:00,1.2637907539222846
1992-04-15 00:00:00,1.2726801739238947
1992-04-16 00:00:00,1.2781387636082888
1992-04-17 00:00:00,1.279719309485546
1992-04-20 00:00:00,1.2831134467710683
1992-04-21 00:00:00,1.279221470406676
1992-04-22 00:00:00,1.2743815067881679
1992-04-23 00:00:00,1.274315342630033
1992-04-24 00:00:00,1.2671972405135326
1992-04-27 00:00:00,1.2661964964213082
1992-04-28 00:00:00,1.2681843424023085
1992-04-29 00:00:00,1.2696072575314203
1992-04-30 00:00:00,1.2669325838809935
1992-05-01 00:00:00,1.2586827186527283
1992-05-04 00:00:00,1.2594687148696926
1992-05-05 00:00:00,1.257696934009454
1992-05-06 00:00:00,1.2490242738583255
1992-05-07 00:00:00,1.253564586963119
1992-05-08 00:00:00,1.2614701725421549
1992-05-11 00:00:00,1.2562923145675589
1992-05-12 00:00:00,1.2435321204806746
1992-05-13 00:00:00,1.2419077824992348
1992-05-14 00:00:00,1.2367479288098044
1992-05-15 00:00:00,1.237861272260035
1992-05-18 00:00:00,1.2237803618499852
1992-05-19 00:00:00,1.220586711828608
1992-05-20 00:00:00,1.2280581934938881
1992-05-21 00:00:00,1.237105449905158
1992-05-22 00:00:00,1.2401754692168696
1992-05-26 00:00:00,1.2331274871951685
1992-05-27 00:00:00,1.249637645565625
1992-05-28 00:00:00,1.2455208817831378
1992-05-29 00:00:00,1.2312445825775133
1992-06-01 00:00:00,1.233851355388883
1992-06-02 00:00:00,1.2323017641418645
1992-06-03 00:00:00,1.2326315559515262
1992-06-04 00:00:00,1.228493841712155
1992-06-05 00:00:00,1.220197238594897
1992-06-08 00:00:00,1.2218470419124983
1992-06-09 00:00:00,1.2226872761571395
1992-06-10 00:00:00,1.2238274374704556
1992-06-11 00:00:00,1.213835347887562
1992-06-12 00:00:00,1.2128490624858563
1992-06-15 00:00:00,1.207747749877539
1992-06-16 00:00:00,1.2058210033892405
1992-06-17 00:00:00,1.211626507500193
1992-06-18 00:00:00,1.2037183038211183
1992-06-19 00:00:00,1.2073798823944828
1992-06-22 00:00:00,1.2036898442423514
1992-06-23 00:00:00,1.203208094928649
1992-06-24 00:00:00,1.1929732146896481
1992-06-25 00:00:00,1.18545882357268
1992-06-26 00:00:00,1.1820641779330434
1992-06-29 00:00:00,1.1654052161808626
1992-06-30 00:00:00,1.1707380910723493
1992-07-01 00:00:00,1.1661576587140738
1992-07-02 00:00:00,1.163211258981226
1992-07-03 00:00:00,1.165583106368695
1992-07-06 00:00:00,1.161744969494566
1992-07-07 00:00:00,1.152823246348118
1992-07-08 00:00:00,1.150381336833569
1992-07-09 00:00:00,1.1675263490220593
1992-07-10 00:00:00,1.1540908506754253
1992-07-13 00:00:00,1.138742196037834
1992-07-14 00:00:00,1.1523795033620965
1992-07-15 00:00:00,1.1391869623714013
1992-07-16 00:00:00,1.1370407373628513
1992-07-17 00:00:00,1.1216337082490795
1992-07-20 00:00:00,1.1216337082490795
1992-07-21 00:00:00,1.1216337082490795
1992-07-22 00:00:00,1.1216337082490795
1992-07-23 00:00:00,1.1216337082490795
1992-07-24 00:00:00,1.1216337082490795
1992-07-27 00:00:00,1.1216337082490795
1992-07-28 00:00:00,1.1216337082490795
1992-07-29 00:00:00,1.1216337082490795
1992-07-30 00:00:00,1.1216337082490795
1992-07-31 00:00:00,1.1216337082490795
1992-08-03 00:00:00,1.1216337082490795
1992-08-04 00:00:00,1.1216337082490795
1992-08-05 00:00:00,1.1216337082490795
1992-08-06 00:00:00,1.1216337082490795
1992-08-07 00:00:00,1.1216337082490795
1992-08-10 00:00:00,1.1216337082490795
1992-08-11 00:00:00,1.1216337082490795
1992-08-12 00:00:00,1.1216337082490795
1992-08-13 00:00:00,1.1216337082490795
1992-08-14 00:00:00,1.1216337082490795
1992-08-17 00:00:00,1.1216337082490795
1992-08-18 00:00:00,1.1216337082490795
1992-08-19 00:00:00,1.1216337082490795
1992-08-20 00:00:00,1.1216337082490795
1992-08-21 00:00:00,1.1216337082490795
1992-08-24 00:00:00,1.1216337082490795
1992-08-25 00:00:00,1.1216337082490795
1992-08-26 00:00:00,1.1216337082490795
1992-08-27 00:00:00,1.1216337082490795
1992-08-28 00:00:00,1.1216337082490795
1992-08-31 00:00:00,1.1216337082490795
1992-09-01 00:00:00,1.1216337082490795
1992-09-02 00:00:00,1.1216337082490795
1992-09-03 00:00:00,1.1216337082490795
1992-09-04 00:00:00,1.1216337082490795
1992-09-08 00:00:00,1.1216337082490795
1992-09-09 00:00:00,1.1216337082490795
1992-09-10 00:00:00,1.1216337082490795
1992-09-11 00:00:00,1.1216337082490795
1992-09-14 00:00:00,1.1216337082490795
1992-09-15 00:00:00,1.1216337082490795
1992-09-16 00:00:00,1.1216337082490795
1992-09-17 00:00:00,1.1216337082490795
1992-09-18 00:00:00,1.1216337082490795
1992-09-21 00:00:00,1.1216337082490795
1992-09-22 00:00:00,1.1216337082490795
1992-09-23 00:00:00,1.1216337082490795
1992-09-24 00:00:00,1.1216337082490795
1992-09-25 00:00:00,1.1216337082490795
1992-09-28 00:00:00,1.1216337082490795
1992-09-29 00:00:00,1.1216337082490795
1992-09-30 00:00:00,1.1216337082490795
1992-10-01 00:00:00,1.1216337082490795
1992-10-02 00:00:00,1.1216337082490795
1992-10-05 00:00:00,1.1216337082490795
1992-10-06 00:00:00,1.1216337082490795
1992-10-07 00:00:00,1.1216337082490795
1992-10-08 00:00:00,1.1216337082490795
1992-10-09 00:00:00,1.1216337082490795
1992-10-13 00:00:00,1.1216337082490795
1992-10-14 00:00:00,1.1216337082490795
1992-10-15 00:00:00,1.1216337082490795
1992-10-16 00:00:00,1.1216337082490795
1992-10-19 00:00:00,1.1216337082490795
1992-10-20 00:00:00,1.1216337082490795
1992-10-21 00:00:00,1.1216337082490795
1992-10-22 00:00:00,1.1216337082490795
1992-10-23 00:00:00,1.1216337082490795
1992-10-26 00:00:00,1.125391329942772
1992-10-27 00:00:00,1.125081550374706
1992-10-28 00:00:00,1.1261220140821302
1992-10-29 00:00:00,1.126065582657642
1992-10-30 00:00:00,1.1276078884928162
1992-11-02 00:00:00,1.1437434543545415
1992-11-03 00:00:00,1.140180885986747
1992-11-04 00:00:00,1.1431428965963282
1992-11-05 00:00:00,1.1485848090020032
1992-11-06 00:00:00,1.156184375993437
1992-11-09 00:00:00,1.1539871373743453
1992-11-10 00:00:00,1.1611076397620266
1992-11-12 00:00:00,1.1569634541447833
1992-11-13 00:00:00,1.1421532764140332
1992-11-16 00:00:00,1.1565346783259751
1992-11-17 00:00:00,1.1626787104624279
1992-11-18 00:00:00,1.1813450372384418
1992-11-19 00:00:00,1.238865863494324
1992-11-20 00:00:00,1.2606254806708677
1992-11-23 00:00:00,1.2605690492463797
1992-11-24 00:00:00,1.2630069669081272
1992-11-25 00:00:00,1.2604561863974035
1992-11-27 00:00:00,1.2702892447421317
1992-11-30 00:00:00,1.2742448635566563
1992-12-01 00:00:00,1.2689529211183976
1992-12-02 00:00:00,1.2663771115471427
1992-12-03 00:00:00,1.2690850382128531
1992-12-04 00:00:00,1.2719571686670639
1992-12-07 00:00:00,1.2585574281408944
1992-12-08 00:00:00,1.2530682024302262
1992-12-09 00:00:00,1.2652311857779255
1992-12-10 00:00:00,1.2679448203613966
1992-12-11 00:00:00,1.2646857686712434
1992-12-14 00:00:00,1.2635149981346323
1992-12-15 00:00:00,1.264449236719333
1992-12-16 00:00:00,1.2695556362237874
1992-12-17 00:00:00,1.2859646358809624
1992-12-18 00:00:00,1.28502691350285
1992-12-21 00:00:00,1.284146223560123
1992-12-22 00:00:00,1.292950785406735
1992-12-23 00:00:00,1.2990744406883967
1992-12-24 00:00:00,1.3015088140677848
1992-12-28 00:00:00,1.3048241109375107
1992-12-29 00:00:00,1.301226615108035
1992-12-30 00:00:00,1.298109823135543
1992-12-31 00:00:00,1.3006053133503857
1993-01-04 00:00:00,1.312246491923629
1993-01-05 00:00:00,1.3172076980332268
1993-01-06 00:00:00,1.3201743410730673
1993-01-07 00:00:00,1.3317196484982177
1993-01-08 00:00:00,1.3368468994102178
1993-01-11 00:00:00,1.3331692630104701
1993-01-12 00:00:00,1.3410855328979665
1993-01-13 00:00:00,1.3400096865795927
1993-01-14 00:00:00,1.3168126780618108
1993-01-15 00:00:00,1.3232058276079564
1993-01-19 00:00:00,1.3145261006832034
1993-01-20 00:00:00,1.3100858600399614
1993-01-21 00:00:00,1.3176693060764717
1993-01-22 00:00:00,1.3097525224109408
1993-01-25 00:00:00,1.2980593671767293
1993-01-26 00:00:00,1.3004366150156397
1993-01-27 00:00:00,1.3030234133813694
1993-01-28 00:00:00,1.3133674288143513
1993-01-29 00:00:00,1.32376256739984
1993-02-01 00:00:00,1.3413686099163622
1993-02-02 00:00:00,1.3389697197246677
1993-02-03 00:00:00,1.3482970360234294
1993-02-04 00:00:00,1.3422132827691122
1993-02-05 00:00:00,1.3391067837877844
1993-02-08 00:00:00,1.340069767257182
1993-02-09 00:00:00,1.3363305896777893
1993-02-10 00:00:00,1.341784980595289
1993-02-11 00:00:00,1.3404091562361926
1993-02-12 00:00:00,1.3459035955162366
1993-02-16 00:00:00,1.338104106731358
1993-02-17 00:00:00,1.3391198579998074
1993-02-18 00:00:00,1.3503148733986594
1993-02-19 00:00:00,1.3526262648036793
1993-02-22 00:00:00,1.3525698333791913
1993-02-23 00:00:00,1.362938089944669
1993-02-24 00:00:00,1.3762597813402417
1993-02-25 00:00:00,1.376848000527879
1993-02-26 00:00:00,1.3736031787478684
1993-03-01 00:00:00,1.3691105771872631
1993-03-02 00:00:00,1.36489615290859
1993-03-03 00:00:00,1.3637928079136494
1993-03-04 00:00:00,1.3594222581770488
1993-03-05 00:00:00,1.3670007114090736
1993-03-08 00:00:00,1.3542117934604265
1993-03-09 00:00:00,1.355959663260485
1993-03-10 00:00:00,1.3537565893636694
1993-03-11 00:00:00,1.3701594640431456
1993-03-12 00:00:00,1.3719232482077213
1993-03-15 00:00:00,1.3758025925603365
1993-03-16 00:00:00,1.371763826852833
1993-03-17 00:00:00,1.373472432615198
1993-03-18 00:00:00,1.37015793368374
1993-03-19 00:00:00,1.3627341939381445
1993-03-22 00:00:00,1.365197428743016
1993-03-23 00:00:00,1.365709091850917
1993-03-24 00:00:00,1.3673516706649511
1993-03-25 00:00:00,1.3735969027425732
1993-03-26 00:00:00,1.3632145150001775
1993-03-29 00:00:00,1.3665225880530594
1993-03-30 00:00:00,1.361479491453489
1993-03-31 00:00:00,1.3643283227650331
1993-04-01 00:00:00,1.352560000450145
1993-04-02 00:00:00,1.3540184586734574
1993-04-05 00:00:00,1.3486080269758505
1993-04-06 00:00:00,1.3554143362541224
1993-04-07 00:00:00,1.3580679039893362
1993-04-08 00:00:00,1.3526693733671509
1993-04-09 00:00:00,1.3516333440873913
1993-04-12 00:00:00,1.3453955364783126
1993-04-13 00:00:00,1.3356422814257338
1993-04-14 00:00:00,1.3318847254267707
1993-04-15 00:00:00,1.3380278284492493
1993-04-16 00:00:00,1.3441712649895319
1993-04-19 00:00:00,1.3315604365641152
1993-04-20 00:00:00,1.3300543547992034
1993-04-21 00:00:00,1.3338686298902576
1993-04-22 00:00:00,1.3320107441423419
1993-04-23 00:00:00,1.3174983561436888
1993-04-26 00:00:00,1.3077350480075678
1993-04-27 00:00:00,1.3146982058108891
1993-04-28 00:00:00,1.3157189110437133
1993-04-29 00:00:00,1.319941505545293
1993-04-30 00:00:00,1.3227997954283373
1993-05-03 00:00:00,1.3237978439563418
1993-05-04 00:00:00,1.3208346481742728
1993-05-05 00:00:00,1.3199816619591425
1993-05-06 00:00:00,1.3172581862585409
1993-05-07 00:00:00,1.320400017374608
1993-05-10 00:00:00,1.3303003390958015
1993-05-11 00:00:00,1.3330785899474253
1993-05-12 00:00:00,1.3327653278055425
1993-05-13 00:00:00,1.3296133829474632
1993-05-14 00:00:00,1.3238161236463044
1993-05-17 00:00:00,1.3242851383774943
1993-05-18 00:00:00,1.327366422030436
1993-05-19 00:00:00,1.3257443304671082
1993-05-20 00:00:00,1.3198921345542158
1993-05-21 00:00:00,1.3187725384058284
1993-05-24 00:00:00,1.31940749531254
1993-05-25 00:00:00,1.3170594520043624
1993-05-26 00:00:00,1.3230490608004792
1993-05-27 00:00:00,1.3148026716502592
1993-05-28 00:00:00,1.3053911811819336
1993-06-01 00:00:00,1.308186592369065
1993-06-02 00:00:00,1.3070357392640508
1993-06-03 00:00:00,1.308073729520089
1993-06-04 00:00:00,1.319964323112852
1993-06-07 00:00:00,1.31484012095031
1993-06-08 00:00:00,1.3127919457329504
1993-06-09 00:00:00,1.3193708097818917
1993-06-10 00:00:00,1.313864587081319
1993-06-11 00:00:00,1.3063117989044426
1993-06-14 00:00:00,1.3109438099150563
1993-06-15 00:00:00,1.3187204003198214
1993-06-16 00:00:00,1.33141097361783
1993-06-17 00:00:00,1.334934507628772
1993-06-18 00:00:00,1.3419381674016464
1993-06-21 00:00:00,1.3448674661547275
1993-06-22 00:00:00,1.3490004824999497
1993-06-23 00:00:00,1.3593347253790957
1993-06-24 00:00:00,1.3691513593432372
1993-06-25 00:00:00,1.3693731186659126
1993-06-28 00:00:00,1.37442497742343
1993-06-29 00:00:00,1.3645956903151293
1993-06-30 00:00:00,1.3614276107663408
1993-07-01 00:00:00,1.3604230070311902
1993-07-02 00:00:00,1.3584151275844945
1993-07-06 00:00:00,1.3671292936489112
1993-07-07 00:00:00,1.3727587530717442
1993-07-08 00:00:00,1.3778028585456867
1993-07-09 00:00:00,1.3833544317050679
1993-07-12 00:00:00,1.386400267927075
1993-07-13 00:00:00,1.3778143917839278
1993-07-14 00:00:00,1.3789311158964452
1993-07-15 00:00:00,1.3869362617856273
1993-07-16 00:00:00,1.387363900358146
1993-07-19 00:00:00,1.3771816756342752
1993-07-20 00:00:00,1.3841592201377022
1993-07-21 00:00:00,1.3826803478011696
1993-07-22 00:00:00,1.3914651328298333
1993-07-23 00:00:00,1.3913652599739794
1993-07-26 00:00:00,1.388035317392474
1993-07-27 00:00:00,1.3919468150965362
1993-07-28 00:00:00,1.3909786778225386
1993-07-29 00:00:00,1.4050638273185645
1993-07-30 00:00:00,1.4051325836850252
1993-08-02 00:00:00,1.3930194250493917
1993-08-03 00:00:00,1.3865987598904923
1993-08-04 00:00:00,1.384247560996247
1993-08-05 00:00:00,1.3878030500976717
1993-08-06 00:00:00,1.380440826274054
1993-08-09 00:00:00,1.3765613672069503
1993-08-10 00:00:00,1.3839332770580388
1993-08-11 00:00:00,1.3893695055477115
1993-08-12 00:00:00,1.3978837883435162
1993-08-13 00:00:00,1.3995249461358374
1993-08-16 00:00:00,1.3878459896570472
1993-08-17 00:00:00,1.388139534093169
1993-08-18 00:00:00,1.3750341015773797
1993-08-19 00:00:00,1.3810496038637035
1993-08-20 00:00:00,1.381883981984369
1993-08-23 00:00:00,1.3914811071511788
1993-08-24 00:00:00,1.3877261767937203
1993-08-25 00:00:00,1.3889795502991467
1993-08-26 00:00:00,1.3895761954033752
1993-08-27 00:00:00,1.390822282102023
1993-08-30 00:00:00,1.3933564412514619
1993-08-31 00:00:00,1.398424150448429
1993-09-01 00:00:00,1.3987913376174932
1993-09-02 00:00:00,1.4000026604342344
1993-09-03 00:00:00,1.3839787509135981
1993-09-07 00:00:00,1.3756135662288949
1993-09-08 00:00:00,1.3816513729603228
1993-09-09 00:00:00,1.3727786612438466
1993-09-10 00:00:00,1.3702546258966928
1993-09-13 00:00:00,1.3695097374295762
1993-09-14 00:00:00,1.3740183359365954
1993-09-15 00:00:00,1.3717322802682372
1993-09-16 00:00:00,1.3775161143252308
1993-09-17 00:00:00,1.3810430298191874
1993-09-20 00:00:00,1.3884557353545572
1993-09-21 00:00:00,1.4022237795059396
1993-09-22 00:00:00,1.3945977772792888
1993-09-23 00:00:00,1.3878509218093862
1993-09-24 00:00:00,1.3890994306725473
1993-09-27 00:00:00,1.3844543657599475
1993-09-28 00:00:00,1.385495903290513
1993-09-29 00:00:00,1.3860966154979184
1993-09-30 00:00:00,1.3890907239735466
1993-10-01 00:00:00,1.3911108622991446
1993-10-04 00:00:00,1.3891947458711256
1993-10-05 00:00:00,1.3893550650653346
1993-10-06 00:00:00,1.3862518738571632
1993-10-07 00:00:00,1.3861954424326752
1993-10-08 00:00:00,1.3801876672027271
1993-10-12 00:00:00,1.3731728744661185
1993-10-13 00:00:00,1.374473850646078
1993-10-14 00:00:00,1.375679702219525
1993-10-15 00:00:00,1.369999074336468
1993-10-18 00:00:00,1.3709013508181709
1993-10-19 00:00:00,1.3728000403174703
1993-10-20 00:00:00,1.3755889569622284
1993-10-21 00:00:00,1.3812002640738938
1993-10-22 00:00:00,1.3858059422737439
1993-10-25 00:00:00,1.3882745911836702
1993-10-26 00:00:00,1.3901648230961647
1993-10-27 00:00:00,1.3927728213871449
1993-10-28 00:00:00,1.3956578666462478
1993-10-29 00:00:00,1.3934724167852592
1993-11-01 00:00:00,1.3978719236730173
1993-11-02 00:00:00,1.396209473245903
1993-11-03 00:00:00,1.395517030672393
1993-11-04 00:00:00,1.3970695648074185
1993-11-05 00:00:00,1.3897565081114323
1993-11-08 00:00:00,1.3921929136056714
1993-11-09 00:00:00,1.396646719889956
1993-11-10 00:00:00,1.3999976189243521
1993-11-12 00:00:00,1.399270796152756
1993-11-15 00:00:00,1.3978696589880708
1993-11-16 00:00:00,1.4012068971703353
1993-11-17 00:00:00,1.4015254827536863
1993-11-18 00:00:00,1.4046196176447436
1993-11-19 00:00:00,1.4090316455000944
1993-11-22 00:00:00,1.4075467666230461
1993-11-23 00:00:00,1.4113536528864348
1993-11-24 00:00:00,1.4118224778954471
1993-11-26 00:00:00,1.4143000156756464
1993-11-29 00:00:00,1.4170766667219563
1993-11-30 00:00:00,1.419987168518679
1993-12-01 00:00:00,1.4201276000293261
1993-12-02 00:00:00,1.4188882475069708
1993-12-03 00:00:00,1.4151379827276207
1993-12-06 00:00:00,1.4069570767674913
1993-12-07 00:00:00,1.408410899830726
1993-12-08 00:00:00,1.4061480594705182
1993-12-09 00:00:00,1.4062555571391364
1993-12-10 00:00:00,1.409055172977206
1993-12-13 00:00:00,1.4142397979799513
1993-12-14 00:00:00,1.4173685784859476
1993-12-15 00:00:00,1.4167172175321234
1993-12-16 00:00:00,1.4125468961237913
1993-12-17 00:00:00,1.4121688261009289
1993-12-20 00:00:00,1.4145172370582524
1993-12-21 00:00:00,1.4101196742902307
1993-12-22 00:00:00,1.401210698513384
1993-12-23 00:00:00,1.396346010526894
1993-12-24 00:00:00,1.3971390344185566
1993-12-27 00:00:00,1.402863425675398
1993-12-28 00:00:00,1.3992366935003058
1993-12-29 00:00:00,1.4025440025782592
1993-12-30 00:00:00,1.40647270567833
1993-12-31 00:00:00,1.4073951341899416
1994-01-03 00:00:00,1.4109038825136342
1994-01-04 00:00:00,1.3995382855549594
1994-01-05 00:00:00,1.3966371787080485
1994-01-06 00:00:00,1.3965387380613195
1994-01-07 00:00:00,1.3914464150480192
1994-01-10 00:00:00,1.3923265203054376
1994-01-11 00:00:00,1.3945581948842163
1994-01-12 00:00:00,1.3917882720550208
1994-01-13 00:00:00,1.392836759818282
1994-01-14 00:00:00,1.3946844028384273
1994-01-18 00:00:00,1.3863437627265174
1994-01-19 00:00:00,1.3893849444802777
1994-01-20 00:00:00,1.3862741109076417
1994-01-21 00:00:00,1.383876621530085
1994-01-24 00:00:00,1.3846890728634809
1994-01-25 00:00:00,1.379914952325727
1994-01-26 00:00:00,1.3751660560874348
1994-01-27 00:00:00,1.3752878311932388
1994-01-28 00:00:00,1.3717401708136905
1994-01-31 00:00:00,1.368611986275208
1994-02-01 00:00:00,1.3663256479996355
1994-02-02 00:00:00,1.3706250596957843
1994-02-03 00:00:00,1.367534198191457
1994-02-04 00:00:00,1.3691566743536498
1994-02-07 00:00:00,1.3756047444128627
1994-02-08 00:00:00,1.3801413231676585
1994-02-09 00:00:00,1.3796019059230056
1994-02-10 00:00:00,1.3847356220247646
1994-02-11 00:00:00,1.3839858029225807
1994-02-14 00:00:00,1.38232064220956
1994-02-15 00:00:00,1.3800346333563143
1994-02-16 00:00:00,1.3809417132570756
1994-02-17 00:00:00,1.3763071460932015
1994-02-18 00:00:00,1.3697223186177023
1994-02-22 00:00:00,1.3702520577119297
1994-02-23 00:00:00,1.3721276701314733
1994-02-24 00:00:00,1.3745272805734805
1994-02-25 00:00:00,1.3787174344545496
1994-02-28 00:00:00,1.37414730894641
1994-03-01 00:00:00,1.379833608284588
1994-03-02 00:00:00,1.3785041667135265
1994-03-03 00:00:00,1.3749120174091203
1994-03-04 00:00:00,1.3780393187861533
1994-03-07 00:00:00,1.3761291916666414
1994-03-08 00:00:00,1.3772655369218263
1994-03-09 00:00:00,1.376900253116129
1994-03-10 00:00:00,1.368265947807211
1994-03-11 00:00:00,1.3609007153097419
1994-03-14 00:00:00,1.364882491560207
1994-03-15 00:00:00,1.3643237524400744
1994-03-16 00:00:00,1.3624807431163648
1994-03-17 00:00:00,1.3605826849773555
1994-03-18 00:00:00,1.3620922344194417
1994-03-21 00:00:00,1.3663301963865107
1994-03-22 00:00:00,1.3640872886505133
1994-03-23 00:00:00,1.3643048954053496
1994-03-24 00:00:00,1.3630594551595663
1994-03-25 00:00:00,1.3663768462498296
1994-03-28 00:00:00,1.3656390877261717
1994-03-29 00:00:00,1.3673514203693455
1994-03-30 00:00:00,1.3635658919448335
1994-03-31 00:00:00,1.359001462267856
1994-04-01 00:00:00,1.3673630450154026
1994-04-04 00:00:00,1.3682098384553754
1994-04-05 00:00:00,1.3745456445517745
1994-04-06 00:00:00,1.3705691313066277
1994-04-07 00:00:00,1.3670920981597598
1994-04-08 00:00:00,1.364994784089496
1994-04-11 00:00:00,1.3646653553996178
1994-04-12 00:00:00,1.366515556203857
1994-04-13 00:00:00,1.367679480095579
1994-04-14 00:00:00,1.3674876590311118
1994-04-15 00:00:00,1.3666178118510013
1994-04-18 00:00:00,1.3672393552614397
1994-04-19 00:00:00,1.3681749676043182
1994-04-20 00:00:00,1.3666294364970584
1994-04-21 00:00:00,1.3639862476269449
1994-04-22 00:00:00,1.3643394938201716
1994-04-25 00:00:00,1.3612678636298237
1994-04-26 00:00:00,1.3597403830164985
1994-04-27 00:00:00,1.3545343938543675
1994-04-28 00:00:00,1.3505319386962074
1994-04-29 00:00:00,1.3421639014672802
1994-05-02 00:00:00,1.336705848072526
1994-05-03 00:00:00,1.3361098223438683
1994-05-04 00:00:00,1.3455045476714915
1994-05-05 00:00:00,1.3478330310017184
1994-05-06 00:00:00,1.345152340650486
1994-05-09 00:00:00,1.3441849806362483
1994-05-10 00:00:00,1.350929662708706
1994-05-11 00:00:00,1.3512029340090157
1994-05-12 00:00:00,1.3496841272165514
1994-05-13 00:00:00,1.3511842172977306
1994-05-16 00:00:00,1.3541743780916127
1994-05-17 00:00:00,1.3497510958923296
1994-05-18 00:00:00,1.3454662434971563
1994-05-19 00:00:00,1.3448359456116856
1994-05-20 00:00:00,1.3431006127566367
1994-05-23 00:00:00,1.343428604789173
1994-05-24 00:00:00,1.3495161730554228
1994-05-25 00:00:00,1.353125318808197
1994-05-26 00:00:00,1.3495449764756837
1994-05-27 00:00:00,1.3468350282662833
1994-05-31 00:00:00,1.3554722877705525
1994-06-01 00:00:00,1.361795336311681
1994-06-02 00:00:00,1.3601018758023804
1994-06-03 00:00:00,1.363302998512403
1994-06-06 00:00:00,1.3631557200437554
1994-06-07 00:00:00,1.366283316366009
1994-06-08 00:00:00,1.3674136215764294
1994-06-09 00:00:00,1.3685220980522241
1994-06-10 00:00:00,1.3655462314918625
1994-06-13 00:00:00,1.3638625559550057
1994-06-14 00:00:00,1.3628080455268916
1994-06-15 00:00:00,1.3600611679721406
1994-06-16 00:00:00,1.360644971756744
1994-06-17 00:00:00,1.3501591835461757
1994-06-20 00:00:00,1.3463688088880097
1994-06-21 00:00:00,1.341723190831055
1994-06-22 00:00:00,1.344827965866076
1994-06-23 00:00:00,1.3431464224413727
1994-06-24 00:00:00,1.33744236809285
1994-06-27 00:00:00,1.3334742094578615
1994-06-28 00:00:00,1.3349874051753747
1994-06-29 00:00:00,1.3384870928669443
1994-06-30 00:00:00,1.3398822535084869
1994-07-01 00:00:00,1.3550555844897187
1994-07-05 00:00:00,1.3565246141318188
1994-07-06 00:00:00,1.357159452556939
1994-07-07 00:00:00,1.3563194819837072
1994-07-08 00:00:00,1.348615974304697
1994-07-11 00:00:00,1.3359527362389896
1994-07-12 00:00:00,1.3254130480249042
1994-07-13 00:00:00,1.3320661664664932
1994-07-14 00:00:00,1.3428351019949918
1994-07-15 00:00:00,1.3494160100409436
1994-07-18 00:00:00,1.3429613656759094
1994-07-19 00:00:00,1.3465679656852345
1994-07-20 00:00:00,1.3460852705442485
1994-07-21 00:00:00,1.3504097793544256
1994-07-22 00:00:00,1.3569883671287177
1994-07-25 00:00:00,1.352584149687248
1994-07-26 00:00:00,1.3501936568102408
1994-07-27 00:00:00,1.346938715707021
1994-07-28 00:00:00,1.349377646683918
1994-07-29 00:00:00,1.3506326608108843
1994-08-01 00:00:00,1.349602463856527
1994-08-02 00:00:00,1.3461929428406072
1994-08-03 00:00:00,1.3434774950979618
1994-08-04 00:00:00,1.3460800799916313
1994-08-05 00:00:00,1.3462128421423831
1994-08-08 00:00:00,1.3458725836753969
1994-08-09 00:00:00,1.3504246052065518
1994-08-10 00:00:00,1.3506951304042367
1994-08-11 00:00:00,1.3584898337318938
1994-08-12 00:00:00,1.35328007563123
1994-08-15 00:00:00,1.3494504451381293
1994-08-16 00:00:00,1.3546932586160596
1994-08-17 00:00:00,1.3589487254140313
1994-08-18 00:00:00,1.3523121279992234
1994-08-19 00:00:00,1.3440372590869043
1994-08-22 00:00:00,1.3273202161604023
1994-08-23 00:00:00,1.3337642481835599
1994-08-24 00:00:00,1.336237782788531
1994-08-25 00:00:00,1.3336025628743327
1994-08-26 00:00:00,1.3436601005125848
1994-08-29 00:00:00,1.3447894215815763
1994-08-30 00:00:00,1.3436422391154883
1994-08-31 00:00:00,1.3435858076910001
1994-09-01 00:00:00,1.3406685890128514
1994-09-02 00:00:00,1.33681124964463
1994-09-06 00:00:00,1.3353011370524823
1994-09-07 00:00:00,1.3321733144731327
1994-09-08 00:00:00,1.3372218336190498
1994-09-09 00:00:00,1.3266859471750492
1994-09-12 00:00:00,1.3197128041378916
1994-09-13 00:00:00,1.323531345992761
1994-09-14 00:00:00,1.324824295099514
1994-09-15 00:00:00,1.321057971146675
1994-09-16 00:00:00,1.3122560820411002
1994-09-19 00:00:00,1.317605260167964
1994-09-20 00:00:00,1.3187667297775267
1994-09-21 00:00:00,1.3165763990307047
1994-09-22 00:00:00,1.3162039448785476
1994-09-23 00:00:00,1.3175319861738775
1994-09-26 00:00:00,1.319300209170566
1994-09-27 00:00:00,1.3172158407716157
1994-09-28 00:00:00,1.317971886705824
1994-09-29 00:00:00,1.3192320273036895
1994-09-30 00:00:00,1.3197312315994463
1994-10-03 00:00:00,1.318309508008272
1994-10-04 00:00:00,1.309645905139417
1994-10-05 00:00:00,1.3096412854122175
1994-10-06 00:00:00,1.3062024552056177
1994-10-07 00:00:00,1.304522339909429
1994-10-11 00:00:00,1.3117447896756786
1994-10-12 00:00:00,1.312768356245019
1994-10-13 00:00:00,1.3089962991965196
1994-10-14 00:00:00,1.3027187703961078
1994-10-17 00:00:00,1.2909455159303358
1994-10-18 00:00:00,1.2901279694811623
1994-10-19 00:00:00,1.2903435343310212
1994-10-20 00:00:00,1.2849213944402549
1994-10-21 00:00:00,1.281599066502412
1994-10-24 00:00:00,1.2784737532034256
1994-10-25 00:00:00,1.2730602461285356
1994-10-26 00:00:00,1.2745336661966151
1994-10-27 00:00:00,1.2773510878551666
1994-10-28 00:00:00,1.2890774622780286
1994-10-31 00:00:00,1.2872731144293303
1994-11-01 00:00:00,1.2885829059722853
1994-11-02 00:00:00,1.2898879658432603
1994-11-03 00:00:00,1.3080979670478858
1994-11-04 00:00:00,1.3039222403247326
1994-11-07 00:00:00,1.3026055957409401
1994-11-08 00:00:00,1.2961857717254035
1994-11-09 00:00:00,1.3045908048523862
1994-11-10 00:00:00,1.2995327107691885
1994-11-14 00:00:00,1.293764434412673
1994-11-15 00:00:00,1.3032165148228712
1994-11-16 00:00:00,1.30284511607523
1994-11-17 00:00:00,1.3006823088736754
1994-11-18 00:00:00,1.3022067355009619
1994-11-21 00:00:00,1.3045095124709771
1994-11-22 00:00:00,1.305549116946389
1994-11-23 00:00:00,1.3059926913727486
1994-11-25 00:00:00,1.3162779767267032
1994-11-28 00:00:00,1.3217032795307975
1994-11-29 00:00:00,1.3230919570423334
1994-11-30 00:00:00,1.3219397452379988
1994-12-01 00:00:00,1.3231282713497314
1994-12-02 00:00:00,1.3201772006561876
1994-12-05 00:00:00,1.317355152231645
1994-12-06 00:00:00,1.3221128550609873
1994-12-07 00:00:00,1.3188538402738907
1994-12-08 00:00:00,1.320702226889987
1994-12-09 00:00:00,1.3199952303083908
1994-12-12 00:00:00,1.3220365836071748
1994-12-13 00:00:00,1.3223286476545524
1994-12-14 00:00:00,1.3249497810262705
1994-12-15 00:00:00,1.3216680037929698
1994-12-16 00:00:00,1.32240808083115
1994-12-19 00:00:00,1.3226499049305158
1994-12-20 00:00:00,1.3197003704715131
1994-12-21 00:00:00,1.3166779751377886
1994-12-22 00:00:00,1.3169242336088467
1994-12-23 00:00:00,1.31782472361486
1994-12-27 00:00:00,1.3165086808643245
1994-12-28 00:00:00,1.3168053640946253
1994-12-29 00:00:00,1.3127445399566828
1994-12-30 00:00:00,1.3099777517592275
1995-01-03 00:00:00,1.312478775196023
1995-01-04 00:00:00,1.313694649308692
1995-01-05 00:00:00,1.3135365902214478
1995-01-06 00:00:00,1.321326207724391
1995-01-09 00:00:00,1.3156532656566116
1995-01-10 00:00:00,1.321909551200686
1995-01-11 00:00:00,1.316045290182197
1995-01-12 00:00:00,1.3144721711430865
1995-01-13 00:00:00,1.318647217488522
1995-01-17 00:00:00,1.3137001857446322
1995-01-18 00:00:00,1.3120673628628265
1995-01-19 00:00:00,1.314853850057447
1995-01-20 00:00:00,1.309603222565097
1995-01-23 00:00:00,1.3116941856986286
1995-01-24 00:00:00,1.3111275680634713
1995-01-25 00:00:00,1.3156383039900597
1995-01-26 00:00:00,1.312441503879928
1995-01-27 00:00:00,1.312486781834352
1995-01-30 00:00:00,1.3076718529499105
1995-01-31 00:00:00,1.3161684455541702
1995-02-01 00:00:00,1.3128764023505684
1995-02-02 00:00:00,1.3106304286502095
1995-02-03 00:00:00,1.313625699775766
1995-02-06 00:00:00,1.310313244629515
1995-02-07 00:00:00,1.31351283692679
1995-02-08 00:00:00,1.3127465337129427
1995-02-09 00:00:00,1.3118771896350476
1995-02-10 00:00:00,1.3063908774247799
1995-02-13 00:00:00,1.3080845480125132
1995-02-14 00:00:00,1.3043643447290547
1995-02-15 00:00:00,1.303269503286504
1995-02-16 00:00:00,1.301023226598532
1995-02-17 00:00:00,1.3004959159264209
1995-02-21 00:00:00,1.2962284320723965
1995-02-22 00:00:00,1.2954833514213338
1995-02-23 00:00:00,1.2912155723977778
1995-02-24 00:00:00,1.2906227937340489
1995-02-27 00:00:00,1.3007891997048153
1995-02-28 00:00:00,1.2978995958338815
1995-03-01 00:00:00,1.2957839771492836
1995-03-02 00:00:00,1.2983655512022065
1995-03-03 00:00:00,1.2936541392790368
1995-03-06 00:00:00,1.287969474594739
1995-03-07 00:00:00,1.280665742000701
1995-03-08 00:00:00,1.2789007482326973
1995-03-09 00:00:00,1.276295357217381
1995-03-10 00:00:00,1.286824828269307
1995-03-13 00:00:00,1.2912880432041995
1995-03-14 00:00:00,1.283724137495308
1995-03-15 00:00:00,1.2826302417102318
1995-03-16 00:00:00,1.2846460077026591
1995-03-17 00:00:00,1.2867590819626957
1995-03-20 00:00:00,1.291380169457559
1995-03-21 00:00:00,1.2916976617186415
1995-03-22 00:00:00,1.2929737436287245
1995-03-23 00:00:00,1.2964133094237738
1995-03-24 00:00:00,1.299036843657218
1995-03-27 00:00:00,1.2924318060539957
1995-03-28 00:00:00,1.298557243172922
1995-03-29 00:00:00,1.2977137682996198
1995-03-30 00:00:00,1.3075092926366783
1995-03-31 00:00:00,1.3029213191646287
1995-04-03 00:00:00,1.2995874521990751
1995-04-04 00:00:00,1.3019268227427945
1995-04-05 00:00:00,1.3022336625266087
1995-04-06 00:00:00,1.301138399208925
1995-04-07 00:00:00,1.299204958569103
1995-04-10 00:00:00,1.2979969407534904
1995-04-11 00:00:00,1.2964698598666209
1995-04-12 00:00:00,1.300444280119227
1995-04-13 00:00:00,1.2944578949197452
1995-04-14 00:00:00,1.2946129360034495
1995-04-17 00:00:00,1.2870316722387125
1995-04-18 00:00:00,1.291475639305134
1995-04-19 00:00:00,1.2928017012087594
1995-04-20 00:00:00,1.3036305738887513
1995-04-21 00:00:00,1.3032127812732675
1995-04-24 00:00:00,1.3095074614935236
1995-04-25 00:00:00,1.297218893492583
1995-04-26 00:00:00,1.2950589552360612
1995-04-27 00:00:00,1.285825080464194
1995-04-28 00:00:00,1.2885661253486234
1995-05-01 00:00:00,1.288724055786238
1995-05-02 00:00:00,1.2920814474472426
1995-05-03 00:00:00,1.2880750670318895
1995-05-04 00:00:00,1.2867827416173105
1995-05-05 00:00:00,1.2871566305114195
1995-05-08 00:00:00,1.2791714454154306
1995-05-09 00:00:00,1.2778512526608772
1995-05-10 00:00:00,1.2784546800146273
1995-05-11 00:00:00,1.2924610194593176
1995-05-12 00:00:00,1.2992548607139547
1995-05-15 00:00:00,1.2967433925499288
1995-05-16 00:00:00,1.2925248606157809
1995-05-17 00:00:00,1.2983559163341383
1995-05-18 00:00:00,1.3056365594506683
1995-05-19 00:00:00,1.3004797247420028
1995-05-22 00:00:00,1.2968802216993676
1995-05-23 00:00:00,1.3043910407349133
1995-05-24 00:00:00,1.2988554741923493
1995-05-25 00:00:00,1.2856132184857156
1995-05-26 00:00:00,1.2888821546773295
1995-05-30 00:00:00,1.286951987661261
1995-05-31 00:00:00,1.2954408210124349
1995-06-01 00:00:00,1.2931732975721257
1995-06-02 00:00:00,1.295222954766163
1995-06-05 00:00:00,1.2820293508612284
1995-06-06 00:00:00,1.283761151823112
1995-06-07 00:00:00,1.280992084727213
1995-06-08 00:00:00,1.2837023505777159
1995-06-09 00:00:00,1.2817493087380865
1995-06-12 00:00:00,1.2840217118541164
1995-06-13 00:00:00,1.2857431701713251
1995-06-14 00:00:00,1.2819058002402914
1995-06-15 00:00:00,1.2885222132403171
1995-06-16 00:00:00,1.285035975476634
1995-06-19 00:00:00,1.288622713309703
1995-06-20 00:00:00,1.286909649957401
1995-06-21 00:00:00,1.286960311065804
1995-06-22 00:00:00,1.287224980641062
1995-06-23 00:00:00,1.2834598271275521
1995-06-26 00:00:00,1.2859334511532354
1995-06-27 00:00:00,1.2838327131757235
1995-06-28 00:00:00,1.2904079308909753
1995-06-29 00:00:00,1.283881632598371
1995-06-30 00:00:00,1.2882747758498707
1995-07-03 00:00:00,1.2834451382201821
1995-07-05 00:00:00,1.2832807700556614
1995-07-06 00:00:00,1.283925395275001
1995-07-07 00:00:00,1.2849450616239089
1995-07-10 00:00:00,1.283003509239793
1995-07-11 00:00:00,1.2857981556469278
1995-07-12 00:00:00,1.2790384254718463
1995-07-13 00:00:00,1.275751866973129
1995-07-14 00:00:00,1.2772864360330578
1995-07-17 00:00:00,1.276572438199255
1995-07-18 00:00:00,1.275692503191265
1995-07-19 00:00:00,1.2743148813367235
1995-07-20 00:00:00,1.2728774973888592
1995-07-21 00:00:00,1.270100354186214
1995-07-24 00:00:00,1.2724878648170923
1995-07-25 00:00:00,1.2712113445579205
1995-07-26 00:00:00,1.2661242534285402
1995-07-27 00:00:00,1.2633019906223246
1995-07-28 00:00:00,1.2605175290279793
1995-07-31 00:00:00,1.2631891277733485
1995-08-01 00:00:00,1.2652229485512638
1995-08-02 00:00:00,1.2688681191557516
1995-08-03 00:00:00,1.261373867203753
1995-08-04 00:00:00,1.2607482918637427
1995-08-07 00:00:00,1.2676927025896667
1995-08-08 00:00:00,1.2718117419842296
1995-08-09 00:00:00,1.2714228849098086
1995-08-10 00:00:00,1.2698670789330897
1995-08-11 00:00:00,1.2731349184903578
1995-08-14 00:00:00,1.2770310528797122
1995-08-15 00:00:00,1.2905027533128575
1995-08-16 00:00:00,1.286309024905694
1995-08-17 00:00:00,1.2922845945406778
1995-08-18 00:00:00,1.2937477127823998
1995-08-21 00:00:00,1.2926439576822706
1995-08-22 00:00:00,1.2921153002672137
1995-08-23 00:00:00,1.289213317680044
1995-08-24 00:00:00,1.2870354969223363
1995-08-25 00:00:00,1.2907365734617728
1995-08-28 00:00:00,1.2882498625505836
1995-08-29 00:00:00,1.2896745492538684
1995-08-30 00:00:00,1.2898820076434894
1995-08-31 00:00:00,1.2876032891784042
1995-09-01 00:00:00,1.2882360723546913
1995-09-05 00:00:00,1.2872781135243407
1995-09-06 00:00:00,1.2862648339336318
1995-09-07 00:00:00,1.284180616696779
1995-09-08 00:00:00,1.2748117578377507
1995-09-11 00:00:00,1.266394310861168
1995-09-12 00:00:00,1.2651048856087446
1995-09-13 00:00:00,1.2701239543705638
1995-09-14 00:00:00,1.2700675229460756
1995-09-15 00:00:00,1.2704542017897316
1995-09-18 00:00:00,1.272660954978881
1995-09-19 00:00:00,1.2680651456955243
1995-09-20 00:00:00,1.2653272218233709
1995-09-21 00:00:00,1.25814496017228
1995-09-22 00:00:00,1.2593418892474202
1995-09-25 00:00:00,1.2521695563220745
1995-09-26 00:00:00,1.2482154973565556
1995-09-27 00:00:00,1.254250741830162
1995-09-28 00:00:00,1.2499106669641904
1995-09-29 00:00:00,1.2451129950531579
1995-10-02 00:00:00,1.2491571644721808
1995-10-03 00:00:00,1.251773068692121
1995-10-04 00:00:00,1.2476430276687451
1995-10-05 00:00:00,1.2472940557163261
1995-10-06 00:00:00,1.254603591021422
1995-10-10 00:00:00,1.2479997770505178
1995-10-11 00:00:00,1.247300310984068
1995-10-12 00:00:00,1.2465998276040757
1995-10-13 00:00:00,1.2476552104458212
1995-10-16 00:00:00,1.2470725086068304
1995-10-17 00:00:00,1.2414191998492554
1995-10-18 00:00:00,1.2352671984801586
1995-10-19 00:00:00,1.225032667550684
1995-10-20 00:00:00,1.215933308184455
1995-10-23 00:00:00,1.215624643452516
1995-10-24 00:00:00,1.2085723097706478
1995-10-25 00:00:00,1.2030950904892057
1995-10-26 00:00:00,1.2091642430578389
1995-10-27 00:00:00,1.2031770141248714
1995-10-30 00:00:00,1.2056447809332154
1995-10-31 00:00:00,1.2083542732206847
1995-11-01 00:00:00,1.205338276622816
1995-11-02 00:00:00,1.2091380865649057
1995-11-03 00:00:00,1.207286412171688
1995-11-06 00:00:00,1.2137969009953533
1995-11-07 00:00:00,1.2129805984320179
1995-11-08 00:00:00,1.211654679646883
1995-11-09 00:00:00,1.2105799165838973
1995-11-10 00:00:00,1.208607511976548
1995-11-13 00:00:00,1.2229612969160346
1995-11-14 00:00:00,1.2108564429329929
1995-11-15 00:00:00,1.2041278569729599
1995-11-16 00:00:00,1.2039420873132785
1995-11-17 00:00:00,1.1956577907383603
1995-11-20 00:00:00,1.1977059221357198
1995-11-21 00:00:00,1.192899732345704
1995-11-22 00:00:00,1.1887780589190702
1995-11-24 00:00:00,1.191458190815592
1995-11-27 00:00:00,1.1949798837789707
1995-11-28 00:00:00,1.1894114938505305
1995-11-29 00:00:00,1.1887531543281216
1995-11-30 00:00:00,1.1958651180344513
1995-12-01 00:00:00,1.1928362469209193
1995-12-04 00:00:00,1.1990311422971136
1995-12-05 00:00:00,1.1941130646921927
1995-12-06 00:00:00,1.1969539415986081
1995-12-07 00:00:00,1.207015268393673
1995-12-08 00:00:00,1.2083666297511286
1995-12-11 00:00:00,1.2196312517126924
1995-12-12 00:00:00,1.216603809799724
1995-12-13 00:00:00,1.2149785353174254
1995-12-14 00:00:00,1.2063483588749693
1995-12-15 00:00:00,1.2021661809021909
1995-12-18 00:00:00,1.201072066441617
1995-12-19 00:00:00,1.2034760396147113
1995-12-20 00:00:00,1.2066355592170956
1995-12-21 00:00:00,1.2077309579903728
1995-12-22 00:00:00,1.2076745265658846
1995-12-26 00:00:00,1.205311312314607
1995-12-27 00:00:00,1.2051263595259516
1995-12-28 00:00:00,1.2118286308028807
1995-12-29 00:00:00,1.2037261503833063
1996-01-02 00:00:00,1.204442592391554
1996-01-03 00:00:00,1.199792885757101
1996-01-04 00:00:00,1.2062558114920539
1996-01-05 00:00:00,1.2023384877005654
1996-01-08 00:00:00,1.2026051333396304
1996-01-09 00:00:00,1.199892247004826
1996-01-10 00:00:00,1.198012150846158
1996-01-11 00:00:00,1.196517393433642
1996-01-12 00:00:00,1.1967228335731974
1996-01-16 00:00:00,1.2038059944172677
1996-01-17 00:00:00,1.208995259905081
1996-01-18 00:00:00,1.2117271136354186
1996-01-19 00:00:00,1.2140640458524434
1996-01-22 00:00:00,1.2286949774630913
1996-01-23 00:00:00,1.2346582289532315
1996-01-24 00:00:00,1.2318436388210954
1996-01-25 00:00:00,1.2370476400317134
1996-01-26 00:00:00,1.2452233167831366
1996-01-29 00:00:00,1.2459810188122191
1996-01-30 00:00:00,1.2434772755640702
1996-01-31 00:00:00,1.2416637055530777
1996-02-01 00:00:00,1.2424282154752937
1996-02-02 00:00:00,1.2436585007955723
1996-02-05 00:00:00,1.240671813855265
1996-02-06 00:00:00,1.2504931590670927
1996-02-07 00:00:00,1.2510103346198955
1996-02-08 00:00:00,1.2468056274002441
1996-02-09 00:00:00,1.242675002447791
1996-02-12 00:00:00,1.2414469775963108
1996-02-13 00:00:00,1.2426791137758864
1996-02-14 00:00:00,1.2427980806057055
1996-02-15 00:00:00,1.2422737524367056
1996-02-16 00:00:00,1.2373901761172668
1996-02-20 00:00:00,1.2290795113270079
1996-02-21 00:00:00,1.2189328704514146
1996-02-22 00:00:00,1.2172639781267869
1996-02-23 00:00:00,1.2122698269420005
1996-02-26 00:00:00,1.2142204700574002
1996-02-27 00:00:00,1.2067789136407239
1996-02-28 00:00:00,1.2115343178440043
1996-02-29 00:00:00,1.2172302959363404
1996-03-01 00:00:00,1.2191563788289215
1996-03-04 00:00:00,1.2257222976724598
1996-03-05 00:00:00,1.2274868484949921
1996-03-06 00:00:00,1.22585269486035
1996-03-07 00:00:00,1.2201033434669648
1996-03-08 00:00:00,1.225982949540896
1996-03-11 00:00:00,1.2254401405500197
1996-03-12 00:00:00,1.2230656071989086
1996-03-13 00:00:00,1.2211699314273996
1996-03-14 00:00:00,1.220621661599081
1996-03-15 00:00:00,1.2194564709574587
1996-03-18 00:00:00,1.2110524541184848
1996-03-19 00:00:00,1.206886484522248
1996-03-20 00:00:00,1.198748855861649
1996-03-21 00:00:00,1.204416430036967
1996-03-22 00:00:00,1.1999935324980602
1996-03-25 00:00:00,1.200324179482318
1996-03-26 00:00:00,1.1992993942862331
1996-03-27 00:00:00,1.2030392202962366
1996-03-28 00:00:00,1.2032389434865967
1996-03-29 00:00:00,1.2070571841064106
1996-04-01 00:00:00,1.2041491606308576
1996-04-02 00:00:00,1.2018515409863333
1996-04-03 00:00:00,1.2008309812243207
1996-04-04 00:00:00,1.2023161108004663
1996-04-05 00:00:00,1.2035400680945203
1996-04-08 00:00:00,1.2025237061701282
1996-04-09 00:00:00,1.2098978065338517
1996-04-10 00:00:00,1.2100679521763207
1996-04-11 00:00:00,1.2101625046057192
1996-04-12 00:00:00,1.211612947289229
1996-04-15 00:00:00,1.2149273932443325
1996-04-16 00:00:00,1.216236563527092
1996-04-17 00:00:00,1.2145035454129487
1996-04-18 00:00:00,1.2116378444447782
1996-04-19 00:00:00,1.2080590710436974
1996-04-22 00:00:00,1.2092639950150956
1996-04-23 00:00:00,1.2107162340033923
1996-04-24 00:00:00,1.2140346866630627
1996-04-25 00:00:00,1.2212598016152918
1996-04-26 00:00:00,1.2166518201779783
1996-04-29 00:00:00,1.2148601761078432
1996-04-30 00:00:00,1.218943931925894
1996-05-01 00:00:00,1.2244457265857196
1996-05-02 00:00:00,1.2285546795106113
1996-05-03 00:00:00,1.223239314994987
1996-05-06 00:00:00,1.2256090861006708
1996-05-07 00:00:00,1.2231264521460108
1996-05-08 00:00:00,1.2212410153481388
1996-05-09 00:00:00,1.2182413544072535
1996-05-10 00:00:00,1.2184924805299897
1996-05-13 00:00:00,1.2156598478311094
1996-05-14 00:00:00,1.2165308664447627
1996-05-15 00:00:00,1.2149275416504455
1996-05-16 00:00:00,1.2130072699862835
1996-05-17 00:00:00,1.2112037594721827
1996-05-20 00:00:00,1.2143861413412673
1996-05-21 00:00:00,1.2209774653749639
1996-05-22 00:00:00,1.22287054308386
1996-05-23 00:00:00,1.2254798142032162
1996-05-24 00:00:00,1.2242743877230367
1996-05-28 00:00:00,1.2220930095336315
1996-05-29 00:00:00,1.2216712063940118
1996-05-30 00:00:00,1.214673063571101
1996-05-31 00:00:00,1.2106958766517903
1996-06-03 00:00:00,1.208256751962262
1996-06-04 00:00:00,1.207066961748678
1996-06-05 00:00:00,1.2107766099283346
1996-06-06 00:00:00,1.2125906609865513
1996-06-07 00:00:00,1.2127829991137877
1996-06-10 00:00:00,1.2137821957094086
1996-06-11 00:00:00,1.2086092765410539
1996-06-12 00:00:00,1.2082388431332292
1996-06-13 00:00:00,1.2084336319943523
1996-06-14 00:00:00,1.20686763079995
1996-06-17 00:00:00,1.2012295759160372
1996-06-18 00:00:00,1.1988684418814266
1996-06-19 00:00:00,1.1959781339873508
1996-06-20 00:00:00,1.1970832888270013
1996-06-21 00:00:00,1.1998530580173152
1996-06-24 00:00:00,1.1996685685422528
1996-06-25 00:00:00,1.1969139945535372
1996-06-26 00:00:00,1.1939476642812012
1996-06-27 00:00:00,1.1971232350950567
1996-06-28 00:00:00,1.1964223538843792
1996-07-01 00:00:00,1.1995784840584647
1996-07-02 00:00:00,1.2048019268961432
1996-07-03 00:00:00,1.2008077082330078
1996-07-05 00:00:00,1.2041830131021631
1996-07-08 00:00:00,1.2062731295172304
1996-07-09 00:00:00,1.2038168977841484
1996-07-10 00:00:00,1.2016016893169572
1996-07-11 00:00:00,1.2017998025608274
1996-07-12 00:00:00,1.2060474038192783
1996-07-15 00:00:00,1.2116208356779847
1996-07-16 00:00:00,1.1980529394752302
1996-07-17 00:00:00,1.1950351579853897
1996-07-18 00:00:00,1.1961399622631592
1996-07-19 00:00:00,1.1928500634435635
1996-07-22 00:00:00,1.1914933820313884
1996-07-23 00:00:00,1.188431361338238
1996-07-24 00:00:00,1.1876530830890462
1996-07-25 00:00:00,1.1846971334130714
1996-07-26 00:00:00,1.1900940558663353
1996-07-29 00:00:00,1.1889786386215888
1996-07-30 00:00:00,1.1923251956459735
1996-07-31 00:00:00,1.1933064472575714
1996-08-01 00:00:00,1.1869859825170004
1996-08-02 00:00:00,1.1895506629831258
1996-08-05 00:00:00,1.1924888955259745
1996-08-06 00:00:00,1.191653259029575
1996-08-07 00:00:00,1.1967649367240178
1996-08-08 00:00:00,1.1967085052995299
1996-08-09 00:00:00,1.1985741027395744
1996-08-12 00:00:00,1.2000490692120094
1996-08-13 00:00:00,1.1978215267357464
1996-08-14 00:00:00,1.1963543356307782
1996-08-15 00:00:00,1.195655103683347
1996-08-16 00:00:00,1.1961129901230596
1996-08-19 00:00:00,1.1951560953551428
1996-08-20 00:00:00,1.1913098633125863
1996-08-21 00:00:00,1.1919414483934023
1996-08-22 00:00:00,1.1930508223870901
1996-08-23 00:00:00,1.1903993931488792
1996-08-26 00:00:00,1.1895613918428127
1996-08-27 00:00:00,1.191910244044251
1996-08-28 00:00:00,1.1915295613096781
1996-08-29 00:00:00,1.1938022780370583
1996-08-30 00:00:00,1.1937458466125703
1996-09-03 00:00:00,1.1952994478874395
1996-09-04 00:00:00,1.1954358130292033
1996-09-05 00:00:00,1.1956363082342574
1996-09-06 00:00:00,1.196606037904602
1996-09-09 00:00:00,1.1977010905228926
1996-09-10 00:00:00,1.2054933071308997
1996-09-11 00:00:00,1.2026053719920784
1996-09-12 00:00:00,1.2029906453828967
1996-09-13 00:00:00,1.1985600231679487
1996-09-16 00:00:00,1.193890694535052
1996-09-17 00:00:00,1.1931896188761963
1996-09-18 00:00:00,1.193068669518714
1996-09-19 00:00:00,1.1929477104234105
1996-09-20 00:00:00,1.1918575101210738
1996-09-23 00:00:00,1.189205688131907
1996-09-24 00:00:00,1.1884979485139506
1996-09-25 00:00:00,1.1898081250242583
1996-09-26 00:00:00,1.1959440945260433
1996-09-27 00:00:00,1.1935760154694781
1996-09-30 00:00:00,1.193390791252461
1996-10-01 00:00:00,1.1928832790291561
1996-10-02 00:00:00,1.1891359521957514
1996-10-03 00:00:00,1.1912849337490323
1996-10-04 00:00:00,1.1913578796524495
1996-10-07 00:00:00,1.1915600856233532
1996-10-08 00:00:00,1.186693422962345
1996-10-09 00:00:00,1.1866369915378567
1996-10-10 00:00:00,1.1889924158117529
1996-10-11 00:00:00,1.1893258229141284
1996-10-15 00:00:00,1.192310917205019
1996-10-16 00:00:00,1.1925123434434715
1996-10-17 00:00:00,1.1964329048345552
1996-10-18 00:00:00,1.1940717707999449
1996-10-21 00:00:00,1.190405316074804
1996-10-22 00:00:00,1.1898954817767957
1996-10-23 00:00:00,1.1840322209511465
1996-10-24 00:00:00,1.185549411524569
1996-10-25 00:00:00,1.1844445373810348
1996-10-28 00:00:00,1.1850436815960508
1996-10-29 00:00:00,1.1814352494620228
1996-10-30 00:00:00,1.1819068873225314
1996-10-31 00:00:00,1.1847433519605433
1996-11-01 00:00:00,1.1856033319285784
1996-11-04 00:00:00,1.188803946551486
1996-11-05 00:00:00,1.1912064325106093
1996-11-06 00:00:00,1.1890802736041854
1996-11-07 00:00:00,1.1879852164378535
1996-11-08 00:00:00,1.1862356390504607
1996-11-12 00:00:00,1.1914965778026871
1996-11-13 00:00:00,1.192855587312521
1996-11-14 00:00:00,1.1915125854551416
1996-11-15 00:00:00,1.190294918328396
1996-11-18 00:00:00,1.1877765937426894
1996-11-19 00:00:00,1.1918583847307251
1996-11-20 00:00:00,1.187923544535908
1996-11-21 00:00:00,1.1892285574114572
1996-11-22 00:00:00,1.188589179408642
1996-11-25 00:00:00,1.1924041359166169
1996-11-26 00:00:00,1.1961842725661072
1996-11-27 00:00:00,1.1962551325513877
1996-11-29 00:00:00,1.2020131408038965
1996-12-02 00:00:00,1.2035855171662997
1996-12-03 00:00:00,1.2119475012151144
1996-12-04 00:00:00,1.2120748723047716
1996-12-05 00:00:00,1.2125693622441365
1996-12-06 00:00:00,1.2130020273728876
1996-12-09 00:00:00,1.2185291807062575
1996-12-10 00:00:00,1.2165391521443158
1996-12-11 00:00:00,1.2101970611302506
1996-12-12 00:00:00,1.2125929578237717
1996-12-13 00:00:00,1.210514398419853
1996-12-16 00:00:00,1.2160710904733996
1996-12-17 00:00:00,1.214800849382073
1996-12-18 00:00:00,1.2172893237773237
1996-12-19 00:00:00,1.2155380262879292
1996-12-20 00:00:00,1.2142667185013913
1996-12-23 00:00:00,1.2198894583436428
1996-12-24 00:00:00,1.2199170231841532
1996-12-26 00:00:00,1.2206157887691516
1996-12-27 00:00:00,1.2192398568999103
1996-12-30 00:00:00,1.221579382036271
1996-12-31 00:00:00,1.2140497777941446
1997-01-02 00:00:00,1.220018631161211
1997-01-03 00:00:00,1.2262903556949074
1997-01-06 00:00:00,1.2305664103143512
1997-01-07 00:00:00,1.2306267516333589
1997-01-08 00:00:00,1.232085320647304
1997-01-09 00:00:00,1.2255803921560158
1997-01-10 00:00:00,1.223747461263277
1997-01-13 00:00:00,1.2286459069055233
1997-01-14 00:00:00,1.230169422820536
1997-01-15 00:00:00,1.2288846735981684
1997-01-16 00:00:00,1.228851673356216
1997-01-17 00:00:00,1.2382669078399784
1997-01-21 00:00:00,1.2447939796504828
1997-01-22 00:00:00,1.2505491416315002
1997-01-23 00:00:00,1.2640156257945514
1997-01-24 00:00:00,1.2587035588708226
1997-01-27 00:00:00,1.262883071585908
1997-01-28 00:00:00,1.26747401858475
1997-01-29 00:00:00,1.2651061798742786
1997-01-30 00:00:00,1.2589881390707875
1997-01-31 00:00:00,1.2607719649650513
1997-02-03 00:00:00,1.2667169291030236
1997-02-04 00:00:00,1.2692044262826732
1997-02-05 00:00:00,1.2749154082182197
1997-02-06 00:00:00,1.2758983715871444
1997-02-07 00:00:00,1.2794577682308628
1997-02-10 00:00:00,1.2717158729149793
1997-02-11 00:00:00,1.2777994484761532
1997-02-12 00:00:00,1.2768127351261673
1997-02-13 00:00:00,1.2775833326087598
1997-02-14 00:00:00,1.2735825209838967
1997-02-18 00:00:00,1.278913479737698
1997-02-19 00:00:00,1.284575050135551
1997-02-20 00:00:00,1.277976707162071
1997-02-21 00:00:00,1.2787030321693273
1997-02-24 00:00:00,1.2751115118749774
1997-02-25 00:00:00,1.2798638618599096
1997-02-26 00:00:00,1.2835726778595866
1997-02-27 00:00:00,1.284236461588623
1997-02-28 00:00:00,1.2855860760526177
1997-03-03 00:00:00,1.2949028917979313
1997-03-04 00:00:00,1.3036153099900578
1997-03-05 00:00:00,1.3009528235759074
1997-03-06 00:00:00,1.3023464676981054
1997-03-07 00:00:00,1.3051732230098856
1997-03-10 00:00:00,1.2969865763287194
1997-03-11 00:00:00,1.2987458425258935
1997-03-12 00:00:00,1.3047166223650297
1997-03-13 00:00:00,1.3048996284787409
1997-03-14 00:00:00,1.3121799534789875
1997-03-17 00:00:00,1.3088335231435044
1997-03-18 00:00:00,1.3044908966670776
1997-03-19 00:00:00,1.3031868762149088
1997-03-20 00:00:00,1.301492592675652
1997-03-21 00:00:00,1.2990628980357308
1997-03-24 00:00:00,1.298179527043933
1997-03-25 00:00:00,1.30209495697932
1997-03-26 00:00:00,1.2997187042436733
1997-03-27 00:00:00,1.2903348948423736
1997-03-28 00:00:00,1.2928544723233897
1997-03-31 00:00:00,1.2893261974334465
1997-04-01 00:00:00,1.2957508117604122
1997-04-02 00:00:00,1.2998241950861469
1997-04-03 00:00:00,1.2944018029936397
1997-04-04 00:00:00,1.2963056007077787
1997-04-07 00:00:00,1.3056120092664991
1997-04-08 00:00:00,1.3002758785099
1997-04-09 00:00:00,1.3045925867851982
1997-04-10 00:00:00,1.3043928098524373
1997-04-11 00:00:00,1.3040399539709429
1997-04-14 00:00:00,1.2982085814153077
1997-04-15 00:00:00,1.3049873801775325
1997-04-16 00:00:00,1.3064539303778817
1997-04-17 00:00:00,1.3071566258051994
1997-04-18 00:00:00,1.3020415032525812
1997-04-21 00:00:00,1.2986059632124773
1997-04-22 00:00:00,1.3017363786069167
1997-04-23 00:00:00,1.2986870257746996
1997-04-24 00:00:00,1.3010461287664257
1997-04-25 00:00:00,1.3112463707597384
1997-04-28 00:00:00,1.3125919932638925
1997-04-29 00:00:00,1.3152309516651297
1997-04-30 00:00:00,1.3177580688526889
1997-05-01 00:00:00,1.310926982498965
1997-05-02 00:00:00,1.3164479971402419
1997-05-05 00:00:00,1.3235158281882098
1997-05-06 00:00:00,1.3141608392586168
1997-05-07 00:00:00,1.3082103921521495
1997-05-08 00:00:00,1.3028816534574723
1997-05-09 00:00:00,1.2992678948372325
1997-05-12 00:00:00,1.3026730964850828
1997-05-13 00:00:00,1.2992033330859087
1997-05-14 00:00:00,1.2940406132560665
1997-05-15 00:00:00,1.293886234967667
1997-05-16 00:00:00,1.2954914048810777
1997-05-19 00:00:00,1.3008564433383327
1997-05-20 00:00:00,1.2895797832738396
1997-05-21 00:00:00,1.2868892767992954
1997-05-22 00:00:00,1.293604077845227
1997-05-23 00:00:00,1.2926649641376706
1997-05-27 00:00:00,1.2978734729192491
1997-05-28 00:00:00,1.3003255929947162
1997-05-29 00:00:00,1.3042381749885243
1997-05-30 00:00:00,1.3067883814803543
1997-06-02 00:00:00,1.3104905493424543
1997-06-03 00:00:00,1.3070531247153387
1997-06-04 00:00:00,1.307939005161025
1997-06-05 00:00:00,1.307976671348418
1997-06-06 00:00:00,1.311133170605467
1997-06-09 00:00:00,1.3088972838663764
1997-06-10 00:00:00,1.3115514969241135
1997-06-11 00:00:00,1.3091595052078668
1997-06-12 00:00:00,1.3088217968362499
1997-06-13 00:00:00,1.3067431751154608
1997-06-16 00:00:00,1.3101131514419597
1997-06-17 00:00:00,1.3082771286760835
1997-06-18 00:00:00,1.3077039264895673
1997-06-19 00:00:00,1.3041044453921442
1997-06-20 00:00:00,1.303097383660077
1997-06-23 00:00:00,1.301705922138657
1997-06-24 00:00:00,1.3044569494567744
1997-06-25 00:00:00,1.3007801344911152
1997-06-26 00:00:00,1.3019185600872318
1997-06-27 00:00:00,1.3038607845286614
1997-06-30 00:00:00,1.3046102473461048
1997-07-01 00:00:00,1.304790506648117
1997-07-02 00:00:00,1.30793794965008
1997-07-03 00:00:00,1.302494302251066
1997-07-07 00:00:00,1.3037209728648975
1997-07-08 00:00:00,1.3084247995353373
1997-07-09 00:00:00,1.3033233638152009
1997-07-10 00:00:00,1.303314405449312
1997-07-11 00:00:00,1.305812425085458
1997-07-14 00:00:00,1.3102070096855551
1997-07-15 00:00:00,1.316108509985532
1997-07-16 00:00:00,1.3129236969469207
1997-07-17 00:00:00,1.3083106228042736
1997-07-18 00:00:00,1.3071013556715991
1997-07-21 00:00:00,1.3082351893591486
1997-07-22 00:00:00,1.311772681907406
1997-07-23 00:00:00,1.310974313407195
1997-07-24 00:00:00,1.318814936967596
1997-07-25 00:00:00,1.3160690831782658
1997-07-28 00:00:00,1.3234658578698169
1997-07-29 00:00:00,1.3221704645443075
1997-07-30 00:00:00,1.3270708175571009
1997-07-31 00:00:00,1.326081902955766
1997-08-01 00:00:00,1.3302244094959865
1997-08-04 00:00:00,1.3316149546058105
1997-08-05 00:00:00,1.3347384212401845
1997-08-06 00:00:00,1.3322888530964152
1997-08-07 00:00:00,1.3316206482545443
1997-08-08 00:00:00,1.3187387356579454
1997-08-11 00:00:00,1.3258646879225822
1997-08-12 00:00:00,1.329037620260917
1997-08-13 00:00:00,1.328143502358478
1997-08-14 00:00:00,1.3307256525701074
1997-08-15 00:00:00,1.324035503631517
1997-08-18 00:00:00,1.3288559283582975
1997-08-19 00:00:00,1.3339572222487492
1997-08-20 00:00:00,1.332596658674951
1997-08-21 00:00:00,1.3286426002895009
1997-08-22 00:00:00,1.321693906972024
1997-08-25 00:00:00,1.3240538651308014
1997-08-26 00:00:00,1.3163343250889694
1997-08-27 00:00:00,1.31573072083114
1997-08-28 00:00:00,1.3113590971149376
1997-08-29 00:00:00,1.3154352817987227
1997-09-02 00:00:00,1.3201860030044146
1997-09-03 00:00:00,1.3131793689259108
1997-09-04 00:00:00,1.314443246057033
1997-09-05 00:00:00,1.3072701050391196
1997-09-08 00:00:00,1.3051074803561022
1997-09-09 00:00:00,1.3079031822601301
1997-09-10 00:00:00,1.3078001744180194
1997-09-11 00:00:00,1.3030557455612812
1997-09-12 00:00:00,1.2948410882411985
1997-09-15 00:00:00,1.2906124989463224
1997-09-16 00:00:00,1.2914332016271517
1997-09-17 00:00:00,1.290597197748478
1997-09-18 00:00:00,1.2899550120640113
1997-09-19 00:00:00,1.288920269612721
1997-09-22 00:00:00,1.2975770995555982
1997-09-23 00:00:00,1.2916860528419214
1997-09-24 00:00:00,1.2836219987684498
1997-09-25 00:00:00,1.282192536125261
1997-09-26 00:00:00,1.285529668520288
1997-09-29 00:00:00,1.284147253405616
1997-09-30 00:00:00,1.28778982629786
1997-10-01 00:00:00,1.2881748230128274
1997-10-02 00:00:00,1.2878241642523292
1997-10-03 00:00:00,1.2784294550759059
1997-10-06 00:00:00,1.2811790092775492
1997-10-07 00:00:00,1.280772970938191
1997-10-08 00:00:00,1.2830576845235697
1997-10-09 00:00:00,1.2830012530990818
1997-10-10 00:00:00,1.2853207894406664
1997-10-14 00:00:00,1.2857968779334683
1997-10-15 00:00:00,1.2844670551447177
1997-10-16 00:00:00,1.284262273219339
1997-10-17 00:00:00,1.292714067628505
1997-10-20 00:00:00,1.2884767287383532
1997-10-21 00:00:00,1.2967162823417244
1997-10-22 00:00:00,1.2976147313945015
1997-10-23 00:00:00,1.2886006578762987
1997-10-24 00:00:00,1.2859952550546627
1997-10-27 00:00:00,1.2846577770891712
1997-10-28 00:00:00,1.2803325379102288
1997-10-29 00:00:00,1.2800863601954255
1997-10-30 00:00:00,1.2774136894351216
1997-10-31 00:00:00,1.2757444171032726
1997-11-03 00:00:00,1.2822969241850974
1997-11-04 00:00:00,1.2796508034938183
1997-11-05 00:00:00,1.2786937689510025
1997-11-06 00:00:00,1.2753166015994946
1997-11-07 00:00:00,1.2723176878661395
1997-11-10 00:00:00,1.274596821003227
1997-11-12 00:00:00,1.2788685772998276
1997-11-13 00:00:00,1.2762010356850932
1997-11-14 00:00:00,1.280154236089373
1997-11-17 00:00:00,1.2803968122844192
1997-11-18 00:00:00,1.2822285849730233
1997-11-19 00:00:00,1.282954458331778
1997-11-20 00:00:00,1.2821157221240473
1997-11-21 00:00:00,1.2852082314072582
1997-11-24 00:00:00,1.283782950188539
1997-11-25 00:00:00,1.2885102738595609
1997-11-26 00:00:00,1.298560966838152
1997-11-28 00:00:00,1.2976031305072866
1997-12-01 00:00:00,1.3057011697711796
1997-12-02 00:00:00,1.303174470921477
1997-12-03 00:00:00,1.3013553227647556
1997-12-04 00:00:00,1.302068784449654
1997-12-05 00:00:00,1.3073934173470945
1997-12-08 00:00:00,1.3047308908625104
1997-12-09 00:00:00,1.3075207427228799
1997-12-10 00:00:00,1.3056311587382126
1997-12-11 00:00:00,1.3012610226810657
1997-12-12 00:00:00,1.3013830063398928
1997-12-15 00:00:00,1.3002641888657283
1997-12-16 00:00:00,1.3030495060412535
1997-12-17 00:00:00,1.2985755715675424
1997-12-18 00:00:00,1.3018325886575155
1997-12-19 00:00:00,1.300301997618047
1997-12-22 00:00:00,1.3019820079697169
1997-12-23 00:00:00,1.3016258100832028
1997-12-24 00:00:00,1.3009784917774927
1997-12-26 00:00:00,1.3010909829411395
1997-12-29 00:00:00,1.3079764829256773
1997-12-30 00:00:00,1.3137452144430872
1997-12-31 00:00:00,1.3164584394483319
1998-01-02 00:00:00,1.3195335837990732
1998-01-05 00:00:00,1.3236130125478065
1998-01-06 00:00:00,1.326476416374149
1998-01-07 00:00:00,1.3264985643974974
1998-01-08 00:00:00,1.324823351765711
1998-01-09 00:00:00,1.3204519867937545
1998-01-12 00:00:00,1.3251574910529684
1998-01-13 00:00:00,1.3240044565195008
1998-01-14 00:00:00,1.323561207967646
1998-01-15 00:00:00,1.3237597718282783
1998-01-16 00:00:00,1.3232459764060303
1998-01-20 00:00:00,1.3292970726687667
1998-01-21 00:00:00,1.3254140242300434
1998-01-22 00:00:00,1.3176400325114348
1998-01-23 00:00:00,1.3102700618992729
1998-01-26 00:00:00,1.3149259055760378
1998-01-27 00:00:00,1.3168445833755635
1998-01-28 00:00:00,1.3232292036806745
1998-01-29 00:00:00,1.3284000175355422
1998-01-30 00:00:00,1.3305970919885675
1998-02-02 00:00:00,1.3269419687262964
1998-02-03 00:00:00,1.327797356028158
1998-02-04 00:00:00,1.3227623717970713
1998-02-05 00:00:00,1.321560561190338
1998-02-06 00:00:00,1.3237473412037444
1998-02-09 00:00:00,1.3315384986379908
1998-02-10 00:00:00,1.330829770644472
1998-02-11 00:00:00,1.331854113463176
1998-02-12 00:00:00,1.326925012390187
1998-02-13 00:00:00,1.329938095082297
1998-02-17 00:00:00,1.3325829097626836
1998-02-18 00:00:00,1.3290927267868087
1998-02-19 00:00:00,1.3284232590283382
1998-02-20 00:00:00,1.3276834518673746
1998-02-23 00:00:00,1.3207191240625258
1998-02-24 00:00:00,1.3219847788517072
1998-02-25 00:00:00,1.3249068555914307
1998-02-26 00:00:00,1.323101411777503
1998-02-27 00:00:00,1.3199631763823299
1998-03-02 00:00:00,1.3184889255361183
1998-03-03 00:00:00,1.3172763268195524
1998-03-04 00:00:00,1.3185536006510266
1998-03-05 00:00:00,1.3233448714672382
1998-03-06 00:00:00,1.3245990583904783
1998-03-09 00:00:00,1.3198897981562316
1998-03-10 00:00:00,1.3207776672362435
1998-03-11 00:00:00,1.3196001505137582
1998-03-12 00:00:00,1.318552089487253
1998-03-13 00:00:00,1.3109870345076435
1998-03-16 00:00:00,1.314713656818676
1998-03-17 00:00:00,1.3135354999703737
1998-03-18 00:00:00,1.316655581150184
1998-03-19 00:00:00,1.3175776901292902
1998-03-20 00:00:00,1.3167208354713247
1998-03-23 00:00:00,1.3127070742338969
1998-03-24 00:00:00,1.3119477082408175
1998-03-25 00:00:00,1.311981473949842
1998-03-26 00:00:00,1.3077522804667239
1998-03-27 00:00:00,1.3072393506008733
1998-03-30 00:00:00,1.3122628241619958
1998-03-31 00:00:00,1.3181906675294934
1998-04-01 00:00:00,1.3212206555912909
1998-04-02 00:00:00,1.3202851378595324
1998-04-03 00:00:00,1.3189501317401398
1998-04-06 00:00:00,1.3192909945530116
1998-04-07 00:00:00,1.3187489206419818
1998-04-08 00:00:00,1.3102428187874675
1998-04-09 00:00:00,1.307060205063363
1998-04-10 00:00:00,1.3067663824128224
1998-04-13 00:00:00,1.3054289915930883
1998-04-14 00:00:00,1.2970276291182534
1998-04-15 00:00:00,1.2963140395977149
1998-04-16 00:00:00,1.294845414793733
1998-04-17 00:00:00,1.2966706962121057
1998-04-20 00:00:00,1.2917966264851126
1998-04-21 00:00:00,1.2870511354933962
1998-04-22 00:00:00,1.288436481084806
1998-04-23 00:00:00,1.2924631504278574
1998-04-24 00:00:00,1.2881317065743794
1998-04-27 00:00:00,1.2916095446690081
1998-04-28 00:00:00,1.2948653015277136
1998-04-29 00:00:00,1.2948088701032257
1998-04-30 00:00:00,1.2930527703546084
1998-05-01 00:00:00,1.2880414611133897
1998-05-04 00:00:00,1.2875050631215434
1998-05-05 00:00:00,1.2826143681713036
1998-05-06 00:00:00,1.2776598966573993
1998-05-07 00:00:00,1.2780961751324795
1998-05-08 00:00:00,1.2808456067348797
1998-05-11 00:00:00,1.2828457595211085
1998-05-12 00:00:00,1.2807718372583607
1998-05-13 00:00:00,1.2894082008262324
1998-05-14 00:00:00,1.2911610143416279
1998-05-15 00:00:00,1.293188408178741
1998-05-18 00:00:00,1.2977309441550045
1998-05-19 00:00:00,1.2952414696193506
1998-05-20 00:00:00,1.2900793888637012
1998-05-21 00:00:00,1.2858096441546598
1998-05-22 00:00:00,1.2883443653170126
1998-05-26 00:00:00,1.2931330607467402
1998-05-27 00:00:00,1.2998092199159454
1998-05-28 00:00:00,1.2990108514157344
1998-05-29 00:00:00,1.3010834053524387
1998-06-01 00:00:00,1.3001028659328606
1998-06-02 00:00:00,1.2974463214910212
1998-06-03 00:00:00,1.294864890628489
1998-06-04 00:00:00,1.2931624914238462
1998-06-05 00:00:00,1.2980683191502902
1998-06-08 00:00:00,1.2998207088104206
1998-06-09 00:00:00,1.3052737658893172
1998-06-10 00:00:00,1.3133261271053909
1998-06-11 00:00:00,1.3154897592215566
1998-06-12 00:00:00,1.315521841766506
1998-06-15 00:00:00,1.3241201095758959
1998-06-16 00:00:00,1.3197192243857856
1998-06-17 00:00:00,1.310406326055725
1998-06-18 00:00:00,1.3093163470216116
1998-06-19 00:00:00,1.3081330906199315
1998-06-22 00:00:00,1.3090234308381559
1998-06-23 00:00:00,1.31040488885077
1998-06-24 00:00:00,1.3055176762074938
1998-06-25 00:00:00,1.3035014091297938
1998-06-26 00:00:00,1.3146919192112358
1998-06-29 00:00:00,1.3125925185870464
1998-06-30 00:00:00,1.312580624829978
1998-07-01 00:00:00,1.3181354464225572
1998-07-02 00:00:00,1.3234728431210334
1998-07-03 00:00:00,1.3229844880835255
1998-07-06 00:00:00,1.3217158273928402
1998-07-07 00:00:00,1.3222660351165245
1998-07-08 00:00:00,1.3203865282350968
1998-07-09 00:00:00,1.32375139024063
1998-07-10 00:00:00,1.3205346855707534
1998-07-13 00:00:00,1.3175524682069346
1998-07-14 00:00:00,1.3192020654963994
1998-07-15 00:00:00,1.316341636402905
1998-07-16 00:00:00,1.3096248838642708
1998-07-17 00:00:00,1.3063266585388869
1998-07-20 00:00:00,1.3052737880805811
1998-07-21 00:00:00,1.3111101175001312
1998-07-22 00:00:00,1.3101155737071215
1998-07-23 00:00:00,1.3098801734682362
1998-07-24 00:00:00,1.3034115288812125
1998-07-27 00:00:00,1.3034462119793784
1998-07-28 00:00:00,1.3026602166948984
1998-07-29 00:00:00,1.3056037258562498
1998-07-30 00:00:00,1.3068124486124075
1998-07-31 00:00:00,1.3098547213235576
1998-08-03 00:00:00,1.312781578589029
1998-08-04 00:00:00,1.312281468842436
1998-08-05 00:00:00,1.3080271510322654
1998-08-06 00:00:00,1.3111015084522608
1998-08-07 00:00:00,1.3158218999687379
1998-08-10 00:00:00,1.320565158614436
1998-08-11 00:00:00,1.3243445825790863
1998-08-12 00:00:00,1.3206255997719512
1998-08-13 00:00:00,1.3230896801917038
1998-08-14 00:00:00,1.3278421604351902
1998-08-17 00:00:00,1.3275311533245298
1998-08-18 00:00:00,1.3286188425255578
1998-08-19 00:00:00,1.3270360761837146
1998-08-20 00:00:00,1.3259583439187412
1998-08-21 00:00:00,1.3285087700875047
1998-08-24 00:00:00,1.3319285847992948
1998-08-25 00:00:00,1.3350814278805214
1998-08-26 00:00:00,1.340702479052674
1998-08-27 00:00:00,1.340849988915743
1998-08-28 00:00:00,1.3208655046937725
1998-08-31 00:00:00,1.3181115512055148
1998-09-01 00:00:00,1.3093279372592084
1998-09-02 00:00:00,1.3081541440044082
1998-09-03 00:00:00,1.3026851241266644
1998-09-04 00:00:00,1.307144860223222
1998-09-08 00:00:00,1.307536921158214
1998-09-09 00:00:00,1.308465189890911
1998-09-10 00:00:00,1.3054464604405827
1998-09-11 00:00:00,1.2961683824509596
1998-09-14 00:00:00,1.3005240110867988
1998-09-15 00:00:00,1.2896645971492093
1998-09-16 00:00:00,1.2933537297490858
1998-09-17 00:00:00,1.2965894496079386
1998-09-18 00:00:00,1.2961635638739781
1998-09-21 00:00:00,1.3036515295263826
1998-09-22 00:00:00,1.3008699530285357
1998-09-23 00:00:00,1.3024510921674008
1998-09-24 00:00:00,1.301258251890011
1998-09-25 00:00:00,1.3000161282664064
1998-09-28 00:00:00,1.298127891511334
1998-09-29 00:00:00,1.295860942863755
1998-09-30 00:00:00,1.2970956235012134
1998-10-01 00:00:00,1.2980504090185365
1998-10-02 00:00:00,1.3081310674734845
1998-10-05 00:00:00,1.316495885470848
1998-10-06 00:00:00,1.31262846787356
1998-10-07 00:00:00,1.287488834305451
1998-10-08 00:00:00,1.2977682518960965
1998-10-09 00:00:00,1.3047568282396955
1998-10-13 00:00:00,1.3010360702677044
1998-10-14 00:00:00,1.305453185254027
1998-10-15 00:00:00,1.3080809581926833
1998-10-16 00:00:00,1.2905347240905467
1998-10-19 00:00:00,1.2901974494257062
1998-10-20 00:00:00,1.2928932697663522
1998-10-21 00:00:00,1.2881596775342887
1998-10-22 00:00:00,1.2869245200605706
1998-10-23 00:00:00,1.2764746313719555
1998-10-26 00:00:00,1.2796586188854655
1998-10-27 00:00:00,1.2910742862110574
1998-10-28 00:00:00,1.292601150321582
1998-10-29 00:00:00,1.290587878569104
1998-10-30 00:00:00,1.293416421305035
1998-11-02 00:00:00,1.2903815695512966
1998-11-03 00:00:00,1.2929325899910677
1998-11-04 00:00:00,1.2959713402768902
1998-11-05 00:00:00,1.288291325050269
1998-11-06 00:00:00,1.293134264182595
1998-11-09 00:00:00,1.3015065551936558
1998-11-10 00:00:00,1.308062124147224
1998-11-12 00:00:00,1.3220592136304286
1998-11-13 00:00:00,1.3205479255259613
1998-11-16 00:00:00,1.3159164454334942
1998-11-17 00:00:00,1.3139432505325723
1998-11-18 00:00:00,1.31301209658979
1998-11-19 00:00:00,1.3177226252791876
1998-11-20 00:00:00,1.3155169001993134
1998-11-23 00:00:00,1.319281909651796
1998-11-24 00:00:00,1.3170518538571279
1998-11-25 00:00:00,1.3268062040235915
1998-11-27 00:00:00,1.3240475329732162
1998-11-30 00:00:00,1.3205834063106123
1998-12-01 00:00:00,1.3194551870832774
1998-12-02 00:00:00,1.314425739989808
1998-12-03 00:00:00,1.312360190446877
1998-12-04 00:00:00,1.3164837440065975
1998-12-07 00:00:00,1.3216171716950509
1998-12-08 00:00:00,1.317580716191252
1998-12-09 00:00:00,1.311520710990224
1998-12-10 00:00:00,1.3124720254155895
1998-12-11 00:00:00,1.310265177976039
1998-12-14 00:00:00,1.3115268840278558
1998-12-15 00:00:00,1.3127836789862437
1998-12-16 00:00:00,1.3117646939421321
1998-12-17 00:00:00,1.3177029182784272
1998-12-18 00:00:00,1.311037924602373
1998-12-21 00:00:00,1.3119457237206578
1998-12-22 00:00:00,1.3105737774913517
1998-12-23 00:00:00,1.3109563967453437
1998-12-24 00:00:00,1.3141320353675154
1998-12-28 00:00:00,1.3195112092453398
1998-12-29 00:00:00,1.3152344045831317
1998-12-30 00:00:00,1.3178539261848057
1998-12-31 00:00:00,1.316591535253589
1999-01-04 00:00:00,1.3092990138287668
1999-01-05 00:00:00,1.3049890900770824
1999-01-06 00:00:00,1.3017087730240553
1999-01-07 00:00:00,1.2997581984787525
1999-01-08 00:00:00,1.3009205823432406
1999-01-11 00:00:00,1.2938102107889353
1999-01-12 00:00:00,1.289035358553393
1999-01-13 00:00:00,1.289630203516142
1999-01-14 00:00:00,1.289387812328848
1999-01-15 00:00:00,1.2956924021710308
1999-01-19 00:00:00,1.284783147386614
1999-01-20 00:00:00,1.2814162393022965
1999-01-21 00:00:00,1.2826402550206804
1999-01-22 00:00:00,1.2820626998301543
1999-01-25 00:00:00,1.2812944488302482
1999-01-26 00:00:00,1.2796671370917763
1999-01-27 00:00:00,1.2805159724807278
1999-01-28 00:00:00,1.285844670214965
1999-01-29 00:00:00,1.2871455616753347
1999-02-01 00:00:00,1.291361861776951
1999-02-02 00:00:00,1.2916746017900003
1999-02-03 00:00:00,1.2941918562004278
1999-02-04 00:00:00,1.2921147900446
1999-02-05 00:00:00,1.293161926156388
1999-02-08 00:00:00,1.2937476867240678
1999-02-09 00:00:00,1.2957477206468844
1999-02-10 00:00:00,1.2957368551508415
1999-02-11 00:00:00,1.296135765377589
1999-02-12 00:00:00,1.2954416939064195
1999-02-16 00:00:00,1.299915146662224
1999-02-17 00:00:00,1.2995885330662866
1999-02-18 00:00:00,1.3027608565995328
1999-02-19 00:00:00,1.30749320824515
1999-02-22 00:00:00,1.312074583305544
1999-02-23 00:00:00,1.3143574731394683
1999-02-24 00:00:00,1.318165445340755
1999-02-25 00:00:00,1.3155375068824797
1999-02-26 00:00:00,1.3220011948762915
1999-03-01 00:00:00,1.3272651022229955
1999-03-02 00:00:00,1.325708873951754
1999-03-03 00:00:00,1.3277337288330349
1999-03-04 00:00:00,1.3289944552832729
1999-03-05 00:00:00,1.325664813063918
1999-03-08 00:00:00,1.3228005946954136
1999-03-09 00:00:00,1.3213950245689812
1999-03-10 00:00:00,1.3147714272574746
1999-03-11 00:00:00,1.3131617956332582
1999-03-12 00:00:00,1.3149167612131114
1999-03-15 00:00:00,1.3193480700252742
1999-03-16 00:00:00,1.3228825335856895
1999-03-17 00:00:00,1.3177457179321093
1999-03-18 00:00:00,1.3142606013846578
1999-03-19 00:00:00,1.3197333111175338
1999-03-22 00:00:00,1.32164668025985
1999-03-23 00:00:00,1.3215902488353621
1999-03-24 00:00:00,1.325889814248224
1999-03-25 00:00:00,1.326498667062285
1999-03-26 00:00:00,1.332780295213956
1999-03-29 00:00:00,1.3335384070026823
1999-03-30 00:00:00,1.3328304973311373
1999-03-31 00:00:00,1.322513858605881
1999-04-01 00:00:00,1.325259757952148
1999-04-02 00:00:00,1.3244944451795868
1999-04-05 00:00:00,1.3287519438185067
1999-04-06 00:00:00,1.3223721155538704
1999-04-07 00:00:00,1.3292979636634579
1999-04-08 00:00:00,1.326805584708986
1999-04-09 00:00:00,1.3272873793152205
1999-04-12 00:00:00,1.3270654299617872
1999-04-13 00:00:00,1.329236760180345
1999-04-14 00:00:00,1.3267869691365062
1999-04-15 00:00:00,1.3277229260191339
1999-04-16 00:00:00,1.3319338238466356
1999-04-19 00:00:00,1.3355275277460423
1999-04-20 00:00:00,1.3361159090789254
1999-04-21 00:00:00,1.3371849452915294
1999-04-22 00:00:00,1.3369679624633013
1999-04-23 00:00:00,1.3355437510554038
1999-04-26 00:00:00,1.3372563348594846
1999-04-27 00:00:00,1.3333687849708964
1999-04-28 00:00:00,1.3358980860180238
1999-04-29 00:00:00,1.3368624076811588
1999-04-30 00:00:00,1.3402233869560511
1999-05-03 00:00:00,1.3415938589716339
1999-05-04 00:00:00,1.3422486055187814
1999-05-05 00:00:00,1.3364600796429091
1999-05-06 00:00:00,1.3307357789149512
1999-05-07 00:00:00,1.3292884593178327
1999-05-10 00:00:00,1.327217476103222
1999-05-11 00:00:00,1.3328450250649926
1999-05-12 00:00:00,1.335776209329812
1999-05-13 00:00:00,1.3381229048856336
1999-05-14 00:00:00,1.3374672976072786
1999-05-17 00:00:00,1.3380100420366574
1999-05-18 00:00:00,1.3389498699207965
1999-05-19 00:00:00,1.340758436864036
1999-05-20 00:00:00,1.3394333470132187
1999-05-21 00:00:00,1.3428542188163455
1999-05-24 00:00:00,1.3413796204274826
1999-05-25 00:00:00,1.3426234051342303
1999-05-26 00:00:00,1.3492242959404124
1999-05-27 00:00:00,1.3523133829901954
1999-05-28 00:00:00,1.3510330013615226
1999-06-01 00:00:00,1.3509765699370346
1999-06-02 00:00:00,1.3541612852199205
1999-06-03 00:00:00,1.3545219676914062
1999-06-04 00:00:00,1.3547685586625595
1999-06-07 00:00:00,1.353498353027872
1999-06-08 00:00:00,1.3450518408549472
1999-06-09 00:00:00,1.3474807169471594
1999-06-10 00:00:00,1.3424349421622874
1999-06-11 00:00:00,1.3394199742867559
1999-06-14 00:00:00,1.3430674321613352
1999-06-15 00:00:00,1.341833365191398
1999-06-16 00:00:00,1.3452585063330966
1999-06-17 00:00:00,1.340854254020772
1999-06-18 00:00:00,1.3374297236485702
1999-06-21 00:00:00,1.3356164373219357
1999-06-22 00:00:00,1.3373965000917043
1999-06-23 00:00:00,1.3368619494670815
1999-06-24 00:00:00,1.337920072433685
1999-06-25 00:00:00,1.3337855774870666
1999-06-28 00:00:00,1.3386407027203195
1999-06-29 00:00:00,1.3394947722297108
1999-06-30 00:00:00,1.3407010171130083
1999-07-01 00:00:00,1.345492783091475
1999-07-02 00:00:00,1.3416890942966666
1999-07-06 00:00:00,1.341789643864071
1999-07-07 00:00:00,1.3421645293695268
1999-07-08 00:00:00,1.3464294548345457
1999-07-09 00:00:00,1.347300011633036
1999-07-12 00:00:00,1.3504676951926253
1999-07-13 00:00:00,1.3489182729938904
1999-07-14 00:00:00,1.3483626709603562
1999-07-15 00:00:00,1.3469971360808395
1999-07-16 00:00:00,1.3456651273234734
1999-07-19 00:00:00,1.3434717609692826
1999-07-20 00:00:00,1.333123932378875
1999-07-21 00:00:00,1.3285354015447455
1999-07-22 00:00:00,1.3301450877497953
1999-07-23 00:00:00,1.330534274111495
1999-07-26 00:00:00,1.322863146995558
1999-07-27 00:00:00,1.3233031494101537
1999-07-28 00:00:00,1.3220872510197774
1999-07-29 00:00:00,1.3174374837539733
1999-07-30 00:00:00,1.3184722959023922
1999-08-02 00:00:00,1.31757675300033
1999-08-03 00:00:00,1.3146519927016307
1999-08-04 00:00:00,1.311532396417588
1999-08-05 00:00:00,1.3114759649931
1999-08-06 00:00:00,1.3136345277796162
1999-08-09 00:00:00,1.3183012847740887
1999-08-10 00:00:00,1.3170700968634232
1999-08-11 00:00:00,1.320775488406873
1999-08-12 00:00:00,1.3217981822991833
1999-08-13 00:00:00,1.3252050808625426
1999-08-16 00:00:00,1.3244916691960125
1999-08-17 00:00:00,1.3250922180135667
1999-08-18 00:00:00,1.3270807213406657
1999-08-19 00:00:00,1.3197711317488898
1999-08-20 00:00:00,1.3182119891258715
1999-08-23 00:00:00,1.3232216642186805
1999-08-24 00:00:00,1.3227527849521432
1999-08-25 00:00:00,1.3268801064820723
1999-08-26 00:00:00,1.3283692693860236
1999-08-27 00:00:00,1.3258692012954627
1999-08-30 00:00:00,1.327362446694863
1999-08-31 00:00:00,1.3178169691544552
1999-09-01 00:00:00,1.3163352616615933
1999-09-02 00:00:00,1.3120524307219026
1999-09-03 00:00:00,1.3148755614151322
1999-09-07 00:00:00,1.312619268099489
1999-09-08 00:00:00,1.3108610841445705
1999-09-09 00:00:00,1.3116565717258188
1999-09-10 00:00:00,1.32017191795164
1999-09-13 00:00:00,1.3164020057318857
1999-09-14 00:00:00,1.3219627450093108
1999-09-15 00:00:00,1.3229776441207994
1999-09-16 00:00:00,1.3229212126963115
1999-09-17 00:00:00,1.3215457429881585
1999-09-20 00:00:00,1.318169310448088
1999-09-21 00:00:00,1.317277837440775
1999-09-22 00:00:00,1.3164681320952025
1999-09-23 00:00:00,1.3186665919137572
1999-09-24 00:00:00,1.3176932851151142
1999-09-27 00:00:00,1.319800080526201
1999-09-28 00:00:00,1.3155714439661024
1999-09-29 00:00:00,1.3138318752410252
1999-09-30 00:00:00,1.314281246996308
1999-10-01 00:00:00,1.309859099096402
1999-10-04 00:00:00,1.3095893349851853
1999-10-05 00:00:00,1.3070486420586298
1999-10-06 00:00:00,1.3086646124771129
1999-10-07 00:00:00,1.307965898993715
1999-10-08 00:00:00,1.3121691010283796
1999-10-12 00:00:00,1.304753513384543
1999-10-13 00:00:00,1.305862628677927
1999-10-14 00:00:00,1.3059785408035862
1999-10-15 00:00:00,1.3055342167820787
1999-10-18 00:00:00,1.3106145316577003
1999-10-19 00:00:00,1.3080847994012939
1999-10-20 00:00:00,1.3109263253648482
1999-10-21 00:00:00,1.306685711739724
1999-10-22 00:00:00,1.3082576978126155
1999-10-25 00:00:00,1.3077734729518313
1999-10-26 00:00:00,1.309850766142202
1999-10-27 00:00:00,1.313602272503866
1999-10-28 00:00:00,1.3173954688077611
1999-10-29 00:00:00,1.3149590181569337
1999-11-01 00:00:00,1.3175737559357144
1999-11-02 00:00:00,1.3166431329320258
1999-11-03 00:00:00,1.3189957362600002
1999-11-04 00:00:00,1.3246038097191986
1999-11-05 00:00:00,1.323650628182192
1999-11-08 00:00:00,1.324735104782551
1999-11-09 00:00:00,1.3228022974064972
1999-11-10 00:00:00,1.3207356756196034
1999-11-12 00:00:00,1.3270785343408256
1999-11-15 00:00:00,1.325727540151969
1999-11-16 00:00:00,1.3282552978872406
1999-11-17 00:00:00,1.3207978464607246
1999-11-18 00:00:00,1.3264487893832972
1999-11-19 00:00:00,1.3242836533866469
1999-11-22 00:00:00,1.3240237692297
1999-11-23 00:00:00,1.3270063826483511
1999-11-24 00:00:00,1.3314379580827775
1999-11-26 00:00:00,1.3336032597323506
1999-11-29 00:00:00,1.3349673394904928
1999-11-30 00:00:00,1.3373432625444062
1999-12-01 00:00:00,1.3409409909112677
1999-12-02 00:00:00,1.3439630218622134
1999-12-03 00:00:00,1.3413303344674359
1999-12-06 00:00:00,1.3295269151559557
1999-12-07 00:00:00,1.3293105041254782
1999-12-08 00:00:00,1.3240130162737571
1999-12-09 00:00:00,1.3284767909854893
1999-12-10 00:00:00,1.3333156289863304
1999-12-13 00:00:00,1.3355821871703886
1999-12-14 00:00:00,1.3388053697579227
1999-12-15 00:00:00,1.3378152024604881
1999-12-16 00:00:00,1.333208411923283
1999-12-17 00:00:00,1.3356702018620674
1999-12-20 00:00:00,1.3386573369345667
1999-12-21 00:00:00,1.335949099548404
1999-12-22 00:00:00,1.33503018620708
1999-12-23 00:00:00,1.3302297091817257
1999-12-24 00:00:00,1.3313656051944966
1999-12-27 00:00:00,1.3324181998181022
1999-12-28 00:00:00,1.3362146340546457
1999-12-29 00:00:00,1.3374845684799421
1999-12-30 00:00:00,1.3382058855386625
1999-12-31 00:00:00,1.3354193328953408
2000-01-03 00:00:00,1.3304711244012661
2000-01-04 00:00:00,1.3237524402948881
2000-01-05 00:00:00,1.3231280781568806
2000-01-06 00:00:00,1.3242470201771464
2000-01-07 00:00:00,1.3280125813622539
2000-01-10 00:00:00,1.3306655027418146
2000-01-11 00:00:00,1.3264564727001886
2000-01-12 00:00:00,1.3280832279910726
2000-01-13 00:00:00,1.3279468352702912
2000-01-14 00:00:00,1.332418077784369
2000-01-18 00:00:00,1.331887919492903
2000-01-19 00:00:00,1.3333293253085992
2000-01-20 00:00:00,1.3317750566439268
2000-01-21 00:00:00,1.3336880713666441
2000-01-24 00:00:00,1.3362136240339204
2000-01-25 00:00:00,1.3357672684133937
2000-01-26 00:00:00,1.3362955518324469
2000-01-27 00:00:00,1.3429092496124786
2000-01-28 00:00:00,1.3581381921656206
2000-01-31 00:00:00,1.3577174053690055
2000-02-01 00:00:00,1.3542157212994097
2000-02-02 00:00:00,1.3497070519621255
2000-02-03 00:00:00,1.3397134317681747
2000-02-04 00:00:00,1.346214538124514
2000-02-07 00:00:00,1.345931547802343
2000-02-08 00:00:00,1.3409275041036308
2000-02-09 00:00:00,1.3369363952860396
2000-02-10 00:00:00,1.3400468204169722
2000-02-11 00:00:00,1.3417537098834842
2000-02-14 00:00:00,1.347081618466589
2000-02-15 00:00:00,1.3471003937643462
2000-02-16 00:00:00,1.3462534264387271
2000-02-17 00:00:00,1.3469875309153703
2000-02-18 00:00:00,1.346366626320775
2000-02-22 00:00:00,1.3361355100943104
2000-02-23 00:00:00,1.3389798232498302
2000-02-24 00:00:00,1.3421422591349947
2000-02-25 00:00:00,1.3478313987653867
2000-02-28 00:00:00,1.3473625429038574
2000-02-29 00:00:00,1.3518142640828927
2000-03-01 00:00:00,1.3470245011421436
2000-03-02 00:00:00,1.355745961870778
2000-03-03 00:00:00,1.356419482605781
2000-03-06 00:00:00,1.3542783073153266
2000-03-07 00:00:00,1.3555035811788003
2000-03-08 00:00:00,1.3588643588838427
2000-03-09 00:00:00,1.349452294972421
2000-03-10 00:00:00,1.3491351840543222
2000-03-13 00:00:00,1.3489296989436994
2000-03-14 00:00:00,1.3473040648628367
2000-03-15 00:00:00,1.3468353987253394
2000-03-16 00:00:00,1.346966411374039
2000-03-17 00:00:00,1.3448044288515109
2000-03-20 00:00:00,1.3429703081039537
2000-03-21 00:00:00,1.3434822737649552
2000-03-22 00:00:00,1.348012452075161
2000-03-23 00:00:00,1.3429905891067375
2000-03-24 00:00:00,1.3377768371606282
2000-03-27 00:00:00,1.342991418803298
2000-03-28 00:00:00,1.3368930153965544
2000-03-29 00:00:00,1.3444661197023804
2000-03-30 00:00:00,1.3417974693108512
2000-03-31 00:00:00,1.3418930408261807
2000-04-03 00:00:00,1.3450877259790195
2000-04-04 00:00:00,1.3460078570273053
2000-04-05 00:00:00,1.3407725712994232
2000-04-06 00:00:00,1.343636965045417
2000-04-07 00:00:00,1.342142339943969
2000-04-10 00:00:00,1.3396493399397582
2000-04-11 00:00:00,1.3414220281874352
2000-04-12 00:00:00,1.346493311587409
2000-04-13 00:00:00,1.3480042822400573
2000-04-14 00:00:00,1.3462307777114064
2000-04-17 00:00:00,1.3476679670176337
2000-04-18 00:00:00,1.349394861351227
2000-04-19 00:00:00,1.353315339607753
2000-04-20 00:00:00,1.3534052638156338
2000-04-21 00:00:00,1.352322943707438
2000-04-24 00:00:00,1.3518258441858155
2000-04-25 00:00:00,1.3567286554017877
2000-04-26 00:00:00,1.3593387464775144
2000-04-27 00:00:00,1.366084354194926
2000-04-28 00:00:00,1.3650570485567464
2000-05-01 00:00:00,1.3615504050732867
2000-05-02 00:00:00,1.363106859973396
2000-05-03 00:00:00,1.3725445886872891
2000-05-04 00:00:00,1.3743392801665393
2000-05-05 00:00:00,1.3742144844559707
2000-05-08 00:00:00,1.373610597541231
2000-05-09 00:00:00,1.3710924580418875
2000-05-10 00:00:00,1.3709186458875207
2000-05-11 00:00:00,1.3778617000513977
2000-05-12 00:00:00,1.3731793276563111
2000-05-15 00:00:00,1.37112895356995
2000-05-16 00:00:00,1.3738194644845545
2000-05-17 00:00:00,1.3803921026315293
2000-05-18 00:00:00,1.3757034679115507
2000-05-19 00:00:00,1.3773542565988768
2000-05-22 00:00:00,1.3816249930478373
2000-05-23 00:00:00,1.3807680962080804
2000-05-24 00:00:00,1.378365014265098
2000-05-25 00:00:00,1.3776348192594288
2000-05-26 00:00:00,1.366943803674152
2000-05-30 00:00:00,1.3663285518365165
2000-05-31 00:00:00,1.3652216505828736
2000-06-01 00:00:00,1.3638295794123332
2000-06-02 00:00:00,1.3534997936240658
2000-06-05 00:00:00,1.3520214878545684
2000-06-06 00:00:00,1.345021586577296
2000-06-07 00:00:00,1.3408325539034507
2000-06-08 00:00:00,1.3483990897967013
2000-06-09 00:00:00,1.3473809914630208
2000-06-12 00:00:00,1.3432991486518804
2000-06-13 00:00:00,1.3372627418624283
2000-06-14 00:00:00,1.3311156077663238
2000-06-15 00:00:00,1.3381414556880584
2000-06-16 00:00:00,1.336290370642689
2000-06-19 00:00:00,1.3376475711399163
2000-06-20 00:00:00,1.3393022655122324
2000-06-21 00:00:00,1.3449976031957538
2000-06-22 00:00:00,1.351287879336224
2000-06-23 00:00:00,1.3545032419554217
2000-06-26 00:00:00,1.3573989444209866
2000-06-27 00:00:00,1.3560138305888156
2000-06-28 00:00:00,1.3553450639368845
2000-06-29 00:00:00,1.3522456562521035
2000-06-30 00:00:00,1.3521164198287998
2000-07-03 00:00:00,1.349978084231752
2000-07-05 00:00:00,1.3526582083157206
2000-07-06 00:00:00,1.355207091321165
2000-07-07 00:00:00,1.358662971837846
2000-07-10 00:00:00,1.3564966258396787
2000-07-11 00:00:00,1.35680596039451
2000-07-12 00:00:00,1.3568856874613162
2000-07-13 00:00:00,1.360285288748995
2000-07-14 00:00:00,1.3571666398253897
2000-07-17 00:00:00,1.3620802052532046
2000-07-18 00:00:00,1.364270023072744
2000-07-19 00:00:00,1.3698286582049939
2000-07-20 00:00:00,1.365552972531171
2000-07-21 00:00:00,1.363855823588672
2000-07-24 00:00:00,1.3628178627924177
2000-07-25 00:00:00,1.3600463816439794
2000-07-26 00:00:00,1.3601315672181375
2000-07-27 00:00:00,1.3706900680063028
2000-07-28 00:00:00,1.3748144031290446
2000-07-31 00:00:00,1.3755671939276528
2000-08-01 00:00:00,1.3785265792942414
2000-08-02 00:00:00,1.3812584619606096
2000-08-03 00:00:00,1.386183772863084
2000-08-04 00:00:00,1.3802852564597776
2000-08-07 00:00:00,1.3759913712585876
2000-08-08 00:00:00,1.3800729675993244
2000-08-09 00:00:00,1.3803809405684686
2000-08-10 00:00:00,1.377062648586736
2000-08-11 00:00:00,1.3781418116128274
2000-08-14 00:00:00,1.3772173617903
2000-08-15 00:00:00,1.3736641998542307
2000-08-16 00:00:00,1.3770376267319744
2000-08-17 00:00:00,1.3770480675168362
2000-08-18 00:00:00,1.3808455198515666
2000-08-21 00:00:00,1.3826979885564161
2000-08-22 00:00:00,1.3854501643447397
2000-08-23 00:00:00,1.3851986234826965
2000-08-24 00:00:00,1.3816744559595793
2000-08-25 00:00:00,1.3837164741771601
2000-08-28 00:00:00,1.3858738987043098
2000-08-29 00:00:00,1.39006928787317
2000-08-30 00:00:00,1.391862279663725
2000-08-31 00:00:00,1.392123566460459
2000-09-01 00:00:00,1.3851936970215772
2000-09-05 00:00:00,1.3937521583537216
2000-09-06 00:00:00,1.405153190163109
2000-09-07 00:00:00,1.3991136336695937
2000-09-08 00:00:00,1.4046756256095119
2000-09-11 00:00:00,1.4094149925550756
2000-09-12 00:00:00,1.4114451646065147
2000-09-13 00:00:00,1.4087631461756294
2000-09-14 00:00:00,1.4106781255177592
2000-09-15 00:00:00,1.413052520139757
2000-09-18 00:00:00,1.4149378771183139
2000-09-19 00:00:00,1.4159643310442998
2000-09-20 00:00:00,1.4175100957362388
2000-09-21 00:00:00,1.4139463885264836
2000-09-22 00:00:00,1.4024951065528923
2000-09-25 00:00:00,1.4049354673484036
2000-09-26 00:00:00,1.4022599047264233
2000-09-27 00:00:00,1.4043978234262406
2000-09-28 00:00:00,1.4061273834743535
2000-09-29 00:00:00,1.4023963625973221
2000-10-02 00:00:00,1.4063040943247804
2000-10-03 00:00:00,1.4114291528884477
2000-10-04 00:00:00,1.412554976410696
2000-10-05 00:00:00,1.414215997264466
2000-10-06 00:00:00,1.414792205711939
2000-10-10 00:00:00,1.4193215222023106
2000-10-11 00:00:00,1.416138472555826
2000-10-12 00:00:00,1.4184013281464245
2000-10-13 00:00:00,1.4200721060629404
2000-10-16 00:00:00,1.4244579818549576
2000-10-17 00:00:00,1.4240622931244609
2000-10-18 00:00:00,1.4300509137307371
2000-10-19 00:00:00,1.4272119743638076
2000-10-20 00:00:00,1.4302147894434278
2000-10-23 00:00:00,1.4297708474116262
2000-10-24 00:00:00,1.4305441399516807
2000-10-25 00:00:00,1.4368761700144224
2000-10-26 00:00:00,1.4397727122741484
2000-10-27 00:00:00,1.4301427708084091
2000-10-30 00:00:00,1.4265371823462902
2000-10-31 00:00:00,1.4229316450785963
2000-11-01 00:00:00,1.4168595773179022
2000-11-02 00:00:00,1.417958807457138
2000-11-03 00:00:00,1.418075323145938
2000-11-06 00:00:00,1.4227626037409808
2000-11-07 00:00:00,1.4228761573830715
2000-11-08 00:00:00,1.4227630756020617
2000-11-09 00:00:00,1.4239503405198852
2000-11-10 00:00:00,1.4208599086159932
2000-11-13 00:00:00,1.4253002791737004
2000-11-14 00:00:00,1.428413320788466
2000-11-15 00:00:00,1.427756989439007
2000-11-16 00:00:00,1.4302468174476857
2000-11-17 00:00:00,1.4318385803747677
2000-11-20 00:00:00,1.4341602634760315
2000-11-21 00:00:00,1.4388103451831866
2000-11-22 00:00:00,1.4388073019418837
2000-11-24 00:00:00,1.4418297505511242
2000-11-27 00:00:00,1.435499699072218
2000-11-28 00:00:00,1.4314671232402634
2000-11-29 00:00:00,1.4294093831053416
2000-11-30 00:00:00,1.4241738162489836
2000-12-01 00:00:00,1.4161373423499013
2000-12-04 00:00:00,1.4057827584260654
2000-12-05 00:00:00,1.4067429437512273
2000-12-06 00:00:00,1.3999227290287217
2000-12-07 00:00:00,1.4048937097633896
2000-12-08 00:00:00,1.406155472582797
2000-12-11 00:00:00,1.4052309016592237
2000-12-12 00:00:00,1.40511450306583
2000-12-13 00:00:00,1.409373945593315
2000-12-14 00:00:00,1.402623026665073
2000-12-15 00:00:00,1.3976891829164213
2000-12-18 00:00:00,1.402510163816097
2000-12-19 00:00:00,1.4084975149668941
2000-12-20 00:00:00,1.3969044904247887
2000-12-21 00:00:00,1.3966631891903156
2000-12-22 00:00:00,1.3936330263847507
2000-12-26 00:00:00,1.391263838387602
2000-12-27 00:00:00,1.3955987239783136
2000-12-28 00:00:00,1.3944582956120848
2000-12-29 00:00:00,1.3874326729220656
2001-01-02 00:00:00,1.3855283870064958
2001-01-03 00:00:00,1.3873833268034652
2001-01-04 00:00:00,1.3858625994717018
2001-01-05 00:00:00,1.3803970259400953
2001-01-08 00:00:00,1.3854943463922842
2001-01-09 00:00:00,1.3905048485353269
2001-01-10 00:00:00,1.3863062425651127
2001-01-11 00:00:00,1.379325463168056
2001-01-12 00:00:00,1.3805044613516975
2001-01-16 00:00:00,1.3907184214464925
2001-01-17 00:00:00,1.3944010310400605
2001-01-18 00:00:00,1.3858648471264523
2001-01-19 00:00:00,1.3879035867380294
2001-01-22 00:00:00,1.3913068217123112
2001-01-23 00:00:00,1.3921246578723077
2001-01-24 00:00:00,1.3976277707823879
2001-01-25 00:00:00,1.4017033921140096
2001-01-26 00:00:00,1.3980651475408994
2001-01-29 00:00:00,1.3988138765311084
2001-01-30 00:00:00,1.3930249072182501
2001-01-31 00:00:00,1.3912055924987077
2001-02-01 00:00:00,1.3890361808801885
2001-02-02 00:00:00,1.3904547725515084
2001-02-05 00:00:00,1.390241770281593
2001-02-06 00:00:00,1.3937348180888893
2001-02-07 00:00:00,1.391846672238739
2001-02-08 00:00:00,1.4000509535546328
2001-02-09 00:00:00,1.3975924399315973
2001-02-12 00:00:00,1.3993318253472382
2001-02-13 00:00:00,1.407385061726451
2001-02-14 00:00:00,1.4094163544587295
2001-02-15 00:00:00,1.4122169297810938
2001-02-16 00:00:00,1.4074812455024528
2001-02-20 00:00:00,1.411784794922018
2001-02-21 00:00:00,1.4153929953109896
2001-02-22 00:00:00,1.417222590475593
2001-02-23 00:00:00,1.4160246056108101
2001-02-26 00:00:00,1.4141896714335414
2001-02-27 00:00:00,1.4133263972798868
2001-02-28 00:00:00,1.4078517946817772
2001-03-01 00:00:00,1.4029022495638057
2001-03-02 00:00:00,1.3998094951901052
2001-03-05 00:00:00,1.4035360930428853
2001-03-06 00:00:00,1.3991521769305315
2001-03-07 00:00:00,1.4038405495980486
2001-03-08 00:00:00,1.403426452529633
2001-03-09 00:00:00,1.4040551605130396
2001-03-12 00:00:00,1.4082811761541212
2001-03-13 00:00:00,1.4187866610721724
2001-03-14 00:00:00,1.418538052973373
2001-03-15 00:00:00,1.4234083788325085
2001-03-16 00:00:00,1.431618152236355
2001-03-19 00:00:00,1.4286337205499207
2001-03-20 00:00:00,1.4247905096701914
2001-03-21 00:00:00,1.431718409164866
2001-03-22 00:00:00,1.440985523806555
2001-03-23 00:00:00,1.4315516571074818
2001-03-26 00:00:00,1.429819430512429
2001-03-27 00:00:00,1.4305751350723903
2001-03-28 00:00:00,1.4360847160866483
2001-03-29 00:00:00,1.4395290158386485
2001-03-30 00:00:00,1.4380303528523921
2001-04-02 00:00:00,1.438236713479011
2001-04-03 00:00:00,1.4321787378873618
2001-04-04 00:00:00,1.4300743097845388
2001-04-05 00:00:00,1.4276819887442553
2001-04-06 00:00:00,1.4234484370656386
2001-04-09 00:00:00,1.4242766075147086
2001-04-10 00:00:00,1.426638486347258
2001-04-11 00:00:00,1.4284908264980787
2001-04-12 00:00:00,1.4239416632865822
2001-04-13 00:00:00,1.426469192073794
2001-04-16 00:00:00,1.4273960518158213
2001-04-17 00:00:00,1.432589949164748
2001-04-18 00:00:00,1.4319872201108068
2001-04-19 00:00:00,1.4241561618879313
2001-04-20 00:00:00,1.4210507641606864
2001-04-23 00:00:00,1.4281480525728183
2001-04-24 00:00:00,1.4303101657687454
2001-04-25 00:00:00,1.4286321557185606
2001-04-26 00:00:00,1.4237361333260588
2001-04-27 00:00:00,1.4268609022480407
2001-04-30 00:00:00,1.430461443930551
2001-05-01 00:00:00,1.4275920664993866
2001-05-02 00:00:00,1.429053849688476
2001-05-03 00:00:00,1.4308298350895667
2001-05-04 00:00:00,1.426987465649324
2001-05-07 00:00:00,1.4288845554150118
2001-05-08 00:00:00,1.4318932524488295
2001-05-09 00:00:00,1.4313551122652184
2001-05-10 00:00:00,1.43161991364006
2001-05-11 00:00:00,1.4298458982247706
2001-05-14 00:00:00,1.4333734678014278
2001-05-15 00:00:00,1.429463694401425
2001-05-16 00:00:00,1.43021449896693
2001-05-17 00:00:00,1.4277292529267525
2001-05-18 00:00:00,1.4291326694129318
2001-05-21 00:00:00,1.4286714967091674
2001-05-22 00:00:00,1.4354160457971075
2001-05-23 00:00:00,1.44248337229841
2001-05-24 00:00:00,1.4433491252139037
2001-05-25 00:00:00,1.4438036567625838
2001-05-29 00:00:00,1.4456800697636951
2001-05-30 00:00:00,1.4465848598282405
2001-05-31 00:00:00,1.4563439153122117
2001-06-01 00:00:00,1.4592392687520328
2001-06-04 00:00:00,1.462600744784391
2001-06-05 00:00:00,1.4581139709055488
2001-06-06 00:00:00,1.462559107120894
2001-06-07 00:00:00,1.4637341450600747
2001-06-08 00:00:00,1.4629679652274028
2001-06-11 00:00:00,1.4672342601195587
2001-06-12 00:00:00,1.466010328214118
2001-06-13 00:00:00,1.4558360324918196
2001-06-14 00:00:00,1.451709221405034
2001-06-15 00:00:00,1.4447943735391537
2001-06-18 00:00:00,1.4417805171900726
2001-06-19 00:00:00,1.4475063210856458
2001-06-20 00:00:00,1.4521251880232464
2001-06-21 00:00:00,1.453224797935277
2001-06-22 00:00:00,1.4512470518043206
2001-06-25 00:00:00,1.4480822235961424
2001-06-26 00:00:00,1.4524658172741365
2001-06-27 00:00:00,1.4525815138963105
2001-06-28 00:00:00,1.4581189493649567
2001-06-29 00:00:00,1.4595501968974312
2001-07-02 00:00:00,1.4630109617290208
2001-07-03 00:00:00,1.4589104192384912
2001-07-05 00:00:00,1.4650137961291936
2001-07-06 00:00:00,1.4628416674555567
2001-07-09 00:00:00,1.4635865391168847
2001-07-10 00:00:00,1.457242217849358
2001-07-11 00:00:00,1.4556383192881177
2001-07-12 00:00:00,1.4580918909588312
2001-07-13 00:00:00,1.4557678519318704
2001-07-16 00:00:00,1.453326234446715
2001-07-17 00:00:00,1.4538559358542344
2001-07-18 00:00:00,1.4453218847500544
2001-07-19 00:00:00,1.4479221107481122
2001-07-20 00:00:00,1.4473664474372907
2001-07-23 00:00:00,1.4507850761090701
2001-07-24 00:00:00,1.4477528164746483
2001-07-25 00:00:00,1.4461958709951133
2001-07-26 00:00:00,1.445637383979532
2001-07-27 00:00:00,1.4441701526398416
2001-07-30 00:00:00,1.4448704333541502
2001-07-31 00:00:00,1.4458196278496442
2001-08-01 00:00:00,1.4430899693502666
2001-08-02 00:00:00,1.4380967840891574
2001-08-03 00:00:00,1.4326960530106976
2001-08-06 00:00:00,1.4352075724408593
2001-08-07 00:00:00,1.435854400361496
2001-08-08 00:00:00,1.4350947095918833
2001-08-09 00:00:00,1.4286526887753428
2001-08-10 00:00:00,1.4278745010103597
2001-08-13 00:00:00,1.4270944164747723
2001-08-14 00:00:00,1.4246661550604998
2001-08-15 00:00:00,1.4205743898044356
2001-08-16 00:00:00,1.4211763269516777
2001-08-17 00:00:00,1.4213663832839296
2001-08-20 00:00:00,1.432127956987043
2001-08-21 00:00:00,1.43106944340661
2001-08-22 00:00:00,1.425812344804764
2001-08-23 00:00:00,1.4282485079921783
2001-08-24 00:00:00,1.426854774958313
2001-08-27 00:00:00,1.4273875568034584
2001-08-28 00:00:00,1.4291975423893142
2001-08-29 00:00:00,1.432153769051836
2001-08-30 00:00:00,1.4314658460829461
2001-08-31 00:00:00,1.4346044171993844
2001-09-04 00:00:00,1.4489441334814688
2001-09-05 00:00:00,1.4451605806924301
2001-09-06 00:00:00,1.4423373587805686
2001-09-07 00:00:00,1.440148666686791
2001-09-10 00:00:00,1.4444903631775592
2001-09-12 00:00:00,1.4414084880698723
2001-09-13 00:00:00,1.4407682531331232
2001-09-14 00:00:00,1.4382510247793636
2001-09-17 00:00:00,1.4375373063461436
2001-09-18 00:00:00,1.4402785965722564
2001-09-19 00:00:00,1.435763845993829
2001-09-20 00:00:00,1.4420771379929533
2001-09-21 00:00:00,1.4573175131353575
2001-09-24 00:00:00,1.4533078114647808
2001-09-25 00:00:00,1.4475711556738706
2001-09-26 00:00:00,1.4496818782776961
2001-09-27 00:00:00,1.4483223596663346
2001-09-28 00:00:00,1.446604420628255
2001-10-01 00:00:00,1.4432336180591387
2001-10-02 00:00:00,1.4454477997120712
2001-10-03 00:00:00,1.4429147437715164
2001-10-04 00:00:00,1.4431245897306413
2001-10-05 00:00:00,1.4411834457617276
2001-10-09 00:00:00,1.4381521427224795
2001-10-10 00:00:00,1.4410958674418322
2001-10-11 00:00:00,1.439645230439051
2001-10-12 00:00:00,1.434483050404191
2001-10-15 00:00:00,1.4339340499575686
2001-10-16 00:00:00,1.433072027509467
2001-10-17 00:00:00,1.4317111996823626
2001-10-18 00:00:00,1.4344903346633537
2001-10-19 00:00:00,1.4391286763429583
2001-10-22 00:00:00,1.446000902856908
2001-10-23 00:00:00,1.4439546415064275
2001-10-24 00:00:00,1.441591350681221
2001-10-25 00:00:00,1.4396141055599592
2001-10-26 00:00:00,1.440292243809799
2001-10-29 00:00:00,1.4369271029228279
2001-10-30 00:00:00,1.4421702770617755
2001-10-31 00:00:00,1.444563082220594
2001-11-01 00:00:00,1.4399400118163266
2001-11-02 00:00:00,1.4396709151726086
2001-11-05 00:00:00,1.4407871000787569
2001-11-06 00:00:00,1.4386548788161526
2001-11-07 00:00:00,1.4340106630485534
2001-11-08 00:00:00,1.4374215173217144
2001-11-09 00:00:00,1.4386024580284444
2001-11-13 00:00:00,1.441762805338247
2001-11-14 00:00:00,1.4400447413890092
2001-11-15 00:00:00,1.4396850818296316
2001-11-16 00:00:00,1.440486905388519
2001-11-19 00:00:00,1.4441345631025508
2001-11-20 00:00:00,1.4431818710911184
2001-11-21 00:00:00,1.4450882808394678
2001-11-23 00:00:00,1.4435673041856816
2001-11-26 00:00:00,1.4411104939289932
2001-11-27 00:00:00,1.4415559291041822
2001-11-28 00:00:00,1.4427999425511544
2001-11-29 00:00:00,1.443689830170762
2001-11-30 00:00:00,1.4435836764711247
2001-12-03 00:00:00,1.4462235957157235
2001-12-04 00:00:00,1.4427737222505699
2001-12-05 00:00:00,1.4402126613322646
2001-12-06 00:00:00,1.4344592833555603
2001-12-07 00:00:00,1.432494018519213
2001-12-10 00:00:00,1.4346546939003204
2001-12-11 00:00:00,1.4352137539340755
2001-12-12 00:00:00,1.4338734596991258
2001-12-13 00:00:00,1.4310749000137253
2001-12-14 00:00:00,1.433863531006748
2001-12-17 00:00:00,1.4318446163206084
2001-12-18 00:00:00,1.433750668157772
2001-12-19 00:00:00,1.434002803902597
2001-12-20 00:00:00,1.438734955487555
2001-12-21 00:00:00,1.442936038326212
2001-12-24 00:00:00,1.4499880829092207
2001-12-26 00:00:00,1.4508972107911726
2001-12-27 00:00:00,1.4441049817227936
2001-12-28 00:00:00,1.4367814109643111
2001-12-31 00:00:00,1.4314455588498416
2002-01-02 00:00:00,1.421464928629847
2002-01-03 00:00:00,1.4226681907604597
2002-01-04 00:00:00,1.423652678264499
2002-01-07 00:00:00,1.4246863098871463
2002-01-08 00:00:00,1.427926705660907
2002-01-09 00:00:00,1.4278702742364189
2002-01-10 00:00:00,1.4224662443357445
2002-01-11 00:00:00,1.4225167241526884
2002-01-14 00:00:00,1.4249078385939773
2002-01-15 00:00:00,1.425195501481669
2002-01-16 00:00:00,1.4317506486455454
2002-01-17 00:00:00,1.4344681675304574
2002-01-18 00:00:00,1.4295644980500128
2002-01-22 00:00:00,1.4318394025308994
2002-01-23 00:00:00,1.43162817176708
2002-01-24 00:00:00,1.4336284701783377
2002-01-25 00:00:00,1.4415454360402171
2002-01-28 00:00:00,1.444160243361822
2002-01-29 00:00:00,1.4408103744046745
2002-01-30 00:00:00,1.440160252729087
2002-01-31 00:00:00,1.4411705155620154
2002-02-01 00:00:00,1.44151175062421
2002-02-04 00:00:00,1.4394109568703086
2002-02-05 00:00:00,1.440278929098454
2002-02-06 00:00:00,1.4378425415037677
2002-02-07 00:00:00,1.439016321344314
2002-02-08 00:00:00,1.4372763362274041
2002-02-11 00:00:00,1.4348907474250452
2002-02-12 00:00:00,1.4354438772851834
2002-02-13 00:00:00,1.4362991963603502
2002-02-14 00:00:00,1.4343397730084995
2002-02-15 00:00:00,1.431853371923875
2002-02-19 00:00:00,1.4315398746786674
2002-02-20 00:00:00,1.4350602227757858
2002-02-21 00:00:00,1.4316583820859703
2002-02-22 00:00:00,1.4287863859412924
2002-02-25 00:00:00,1.4282621697561895
2002-02-26 00:00:00,1.4299170170297886
2002-02-27 00:00:00,1.4312012861317394
2002-02-28 00:00:00,1.4298558427122394
2002-03-01 00:00:00,1.431345489103483
2002-03-04 00:00:00,1.425707631222251
2002-03-05 00:00:00,1.4254675373620604
2002-03-06 00:00:00,1.4215520252861045
2002-03-07 00:00:00,1.4211226733755713
2002-03-08 00:00:00,1.4244044052374676
2002-03-11 00:00:00,1.4233455048084163
2002-03-12 00:00:00,1.4254477172833873
2002-03-13 00:00:00,1.4260983368104991
2002-03-14 00:00:00,1.4235459690170051
2002-03-15 00:00:00,1.422272736365469
2002-03-18 00:00:00,1.419445215101259
2002-03-19 00:00:00,1.4183155042105788
2002-03-20 00:00:00,1.415231518464668
2002-03-21 00:00:00,1.4145492417371328
2002-03-22 00:00:00,1.4176080003169398
2002-03-25 00:00:00,1.4187074246570461
2002-03-26 00:00:00,1.4186241677985691
2002-03-27 00:00:00,1.422562590577387
2002-03-28 00:00:00,1.4236143652946354
2002-03-29 00:00:00,1.4230835383514842
2002-04-01 00:00:00,1.4162979846769206
2002-04-02 00:00:00,1.4186101476009314
2002-04-03 00:00:00,1.4196770490404442
2002-04-04 00:00:00,1.4208456915650869
2002-04-05 00:00:00,1.4167741874500548
2002-04-08 00:00:00,1.422982250519269
2002-04-09 00:00:00,1.4208092287128382
2002-04-10 00:00:00,1.4222097097619906
2002-04-11 00:00:00,1.4183758846329735
2002-04-12 00:00:00,1.4200017564319642
2002-04-15 00:00:00,1.422489169604968
2002-04-16 00:00:00,1.4234068982561927
2002-04-17 00:00:00,1.418471391734351
2002-04-18 00:00:00,1.4204938767300397
2002-04-19 00:00:00,1.418358528885375
2002-04-22 00:00:00,1.422470641793918
2002-04-23 00:00:00,1.4198994189246454
2002-04-24 00:00:00,1.4194171643525473
2002-04-25 00:00:00,1.4175167775311899
2002-04-26 00:00:00,1.4171652375950314
2002-04-29 00:00:00,1.414357220202711
2002-04-30 00:00:00,1.4174279125928972
2002-05-01 00:00:00,1.4140816440535529
2002-05-02 00:00:00,1.4163483458793038
2002-05-03 00:00:00,1.4106394323622138
2002-05-06 00:00:00,1.4082673220514224
2002-05-07 00:00:00,1.416017604490652
2002-05-08 00:00:00,1.4178923283408293
2002-05-09 00:00:00,1.414230909052126
2002-05-10 00:00:00,1.414877641163742
2002-05-13 00:00:00,1.416329669001437
2002-05-14 00:00:00,1.4153583699825834
2002-05-15 00:00:00,1.4102977738403903
2002-05-16 00:00:00,1.409691945364222
2002-05-17 00:00:00,1.4022242206583662
2002-05-20 00:00:00,1.4009512045705341
2002-05-21 00:00:00,1.4001850475093989
2002-05-22 00:00:00,1.3935729517904432
2002-05-23 00:00:00,1.3945037114877954
2002-05-24 00:00:00,1.395719792839624
2002-05-28 00:00:00,1.3931126596092425
2002-05-29 00:00:00,1.3901887588170265
2002-05-30 00:00:00,1.3845505478299522
2002-05-31 00:00:00,1.3858996571311757
2002-06-03 00:00:00,1.3825731392125702
2002-06-04 00:00:00,1.3831194763086898
2002-06-05 00:00:00,1.3849835798499854
2002-06-06 00:00:00,1.3826451015782601
2002-06-07 00:00:00,1.3863028502396393
2002-06-10 00:00:00,1.3848441937276388
2002-06-11 00:00:00,1.3819930947643455
2002-06-12 00:00:00,1.381876268200891
2002-06-13 00:00:00,1.3827244563372738
2002-06-14 00:00:00,1.3817029977397681
2002-06-17 00:00:00,1.3760351828107913
2002-06-18 00:00:00,1.3742495110056987
2002-06-19 00:00:00,1.372079626924766
2002-06-20 00:00:00,1.362902349641934
2002-06-21 00:00:00,1.3590731553429711
2002-06-24 00:00:00,1.3547411848457336
2002-06-25 00:00:00,1.3597601815228677
2002-06-26 00:00:00,1.3551891248290202
2002-06-27 00:00:00,1.3512521025234825
2002-06-28 00:00:00,1.3508282931204774
2002-07-01 00:00:00,1.3502367095150858
2002-07-02 00:00:00,1.3511829261254316
2002-07-03 00:00:00,1.355894115259601
2002-07-05 00:00:00,1.3616297848256977
2002-07-08 00:00:00,1.3563720116336948
2002-07-09 00:00:00,1.355823360366638
2002-07-10 00:00:00,1.362746985276264
2002-07-11 00:00:00,1.3599825601728126
2002-07-12 00:00:00,1.3579117193659376
2002-07-15 00:00:00,1.3497288266946936
2002-07-16 00:00:00,1.3526705775483185
2002-07-17 00:00:00,1.3518839559447868
2002-07-18 00:00:00,1.3526240094623407
2002-07-19 00:00:00,1.3515716482613258
2002-07-22 00:00:00,1.3629687534029622
2002-07-23 00:00:00,1.3722130389678036
2002-07-24 00:00:00,1.3731173215751227
2002-07-25 00:00:00,1.3637266759176419
2002-07-26 00:00:00,1.3654526779220484
2002-07-29 00:00:00,1.3672943100093227
2002-07-30 00:00:00,1.360799347036108
2002-07-31 00:00:00,1.3695059083626164
2002-08-01 00:00:00,1.3717559303798277
2002-08-02 00:00:00,1.3729388064229404
2002-08-05 00:00:00,1.3718913440289653
2002-08-06 00:00:00,1.3797620731987355
2002-08-07 00:00:00,1.3736955994236908
2002-08-08 00:00:00,1.377497295567376
2002-08-09 00:00:00,1.3719136870663673
2002-08-12 00:00:00,1.368616081593127
2002-08-13 00:00:00,1.3648389637906377
2002-08-14 00:00:00,1.3598562571498243
2002-08-15 00:00:00,1.362113056635043
2002-08-16 00:00:00,1.360516443334612
2002-08-19 00:00:00,1.3642957888819767
2002-08-20 00:00:00,1.3617516695024103
2002-08-21 00:00:00,1.3579572059854363
2002-08-22 00:00:00,1.367537258768702
2002-08-23 00:00:00,1.3648947329248695
2002-08-26 00:00:00,1.360242186305571
2002-08-27 00:00:00,1.3538482605095574
2002-08-28 00:00:00,1.355069950599559
2002-08-29 00:00:00,1.3563839815540248
2002-08-30 00:00:00,1.3609797908690844
2002-09-03 00:00:00,1.358929076955398
2002-09-04 00:00:00,1.3576438069848664
2002-09-05 00:00:00,1.3573280360548678
2002-09-06 00:00:00,1.3587985069337323
2002-09-09 00:00:00,1.358929172831869
2002-09-10 00:00:00,1.3622718269740635
2002-09-11 00:00:00,1.3616089401985862
2002-09-12 00:00:00,1.3617441531517251
2002-09-13 00:00:00,1.3637877807684016
2002-09-16 00:00:00,1.35809829904953
2002-09-17 00:00:00,1.3611914479657496
2002-09-18 00:00:00,1.354018168708233
2002-09-19 00:00:00,1.3500084229140128
2002-09-20 00:00:00,1.3466181429470088
2002-09-23 00:00:00,1.3498955600650366
2002-09-24 00:00:00,1.3514925635591584
2002-09-25 00:00:00,1.3538865407015563
2002-09-26 00:00:00,1.3580988042941289
2002-09-27 00:00:00,1.353688605323087
2002-09-30 00:00:00,1.3516623357853652
2002-10-01 00:00:00,1.347961237335155
2002-10-02 00:00:00,1.3480381010255593
2002-10-03 00:00:00,1.3464452760222296
2002-10-04 00:00:00,1.3503808097673713
2002-10-07 00:00:00,1.3514460452354518
2002-10-08 00:00:00,1.3564838118545552
2002-10-09 00:00:00,1.3523194793621673
2002-10-10 00:00:00,1.3514413552717726
2002-10-11 00:00:00,1.3493044044158538
2002-10-15 00:00:00,1.3489164274288004
2002-10-16 00:00:00,1.348926333815857
2002-10-17 00:00:00,1.3580498005172472
2002-10-18 00:00:00,1.3580898920816271
2002-10-21 00:00:00,1.3548643322722318
2002-10-22 00:00:00,1.3554249209157696
2002-10-23 00:00:00,1.35798492932605
2002-10-24 00:00:00,1.356962083338299
2002-10-25 00:00:00,1.354995981696666
2002-10-28 00:00:00,1.3484748824199528
2002-10-29 00:00:00,1.3489817433137306
2002-10-30 00:00:00,1.3467659395974874
2002-10-31 00:00:00,1.3447362370193283
2002-11-01 00:00:00,1.3407289919633756
2002-11-04 00:00:00,1.3430423560482714
2002-11-05 00:00:00,1.3417017147365171
2002-11-06 00:00:00,1.341035109222001
2002-11-07 00:00:00,1.335121505377441
2002-11-08 00:00:00,1.329434302770899
2002-11-12 00:00:00,1.33058646492774
2002-11-13 00:00:00,1.3324179424475397
2002-11-14 00:00:00,1.3349994905447486
2002-11-15 00:00:00,1.3319563204915785
2002-11-18 00:00:00,1.330430864028957
2002-11-19 00:00:00,1.330934869812367
2002-11-20 00:00:00,1.3345663087369846
2002-11-21 00:00:00,1.332288423731213
2002-11-22 00:00:00,1.3337262651183373
2002-11-25 00:00:00,1.3376314400111349
2002-11-26 00:00:00,1.3402675668958683
2002-11-27 00:00:00,1.3424091350476002
2002-11-29 00:00:00,1.3360211168484701
2002-12-02 00:00:00,1.3358614995750566
2002-12-03 00:00:00,1.3350818109402924
2002-12-04 00:00:00,1.3357830357991696
2002-12-05 00:00:00,1.3353824429758432
2002-12-06 00:00:00,1.3310964822725897
2002-12-09 00:00:00,1.3312493992063474
2002-12-10 00:00:00,1.332446136791452
2002-12-11 00:00:00,1.3317637459880454
2002-12-12 00:00:00,1.3263357999871255
2002-12-13 00:00:00,1.3261731261230605
2002-12-16 00:00:00,1.3231988705742068
2002-12-17 00:00:00,1.320810363106203
2002-12-18 00:00:00,1.3206458847318898
2002-12-19 00:00:00,1.3240289236401899
2002-12-20 00:00:00,1.320316818290929
2002-12-23 00:00:00,1.3249122746787563
2002-12-24 00:00:00,1.3201318550563588
2002-12-26 00:00:00,1.316230683458278
2002-12-27 00:00:00,1.3163201761591654
2002-12-30 00:00:00,1.3123742421182298
2002-12-31 00:00:00,1.3074829302564512
2003-01-02 00:00:00,1.3146153673928482
2003-01-03 00:00:00,1.3090145607632957
2003-01-06 00:00:00,1.305961938839607
2003-01-07 00:00:00,1.3072572045584991
2003-01-08 00:00:00,1.3071258256854956
2003-01-09 00:00:00,1.3084904539685736
2003-01-10 00:00:00,1.3058114545353563
2003-01-13 00:00:00,1.3072936592262285
2003-01-14 00:00:00,1.305246883033374
2003-01-15 00:00:00,1.3050397431240424
2003-01-16 00:00:00,1.3054352287052822
2003-01-17 00:00:00,1.3014793789059609
2003-01-21 00:00:00,1.3038135394393084
2003-01-22 00:00:00,1.3012522426906998
2003-01-23 00:00:00,1.2994386279411643
2003-01-24 00:00:00,1.2935863817218711
2003-01-27 00:00:00,1.2935299502973832
2003-01-28 00:00:00,1.2940965933021815
2003-01-29 00:00:00,1.2894962215891879
2003-01-30 00:00:00,1.2925801665780734
2003-01-31 00:00:00,1.3001707467632633
2003-02-03 00:00:00,1.2963515258691058
2003-02-04 00:00:00,1.2906873259067715
2003-02-05 00:00:00,1.293913590856884
2003-02-06 00:00:00,1.2891576330422598
2003-02-07 00:00:00,1.2902823105029253
2003-02-10 00:00:00,1.2945211346204084
2003-02-11 00:00:00,1.2918942107463431
2003-02-12 00:00:00,1.292813792221467
2003-02-13 00:00:00,1.2837086512010567
2003-02-14 00:00:00,1.286285319027145
2003-02-18 00:00:00,1.2926055123928575
2003-02-19 00:00:00,1.288863904338109
2003-02-20 00:00:00,1.283563019957238
2003-02-21 00:00:00,1.2874080215828463
2003-02-24 00:00:00,1.2877471559741946
2003-02-25 00:00:00,1.2867405804204335
2003-02-26 00:00:00,1.2841371925602734
2003-02-27 00:00:00,1.288919297108267
2003-02-28 00:00:00,1.2906692132763393
2003-03-03 00:00:00,1.289985596184067
2003-03-04 00:00:00,1.2842308944995726
2003-03-05 00:00:00,1.28040192469287
2003-03-06 00:00:00,1.2792945406763712
2003-03-07 00:00:00,1.2798852355142
2003-03-10 00:00:00,1.279343575407005
2003-03-11 00:00:00,1.2858589516983252
2003-03-12 00:00:00,1.2843708790993575
2003-03-13 00:00:00,1.2897694777633615
2003-03-14 00:00:00,1.2956969206675175
2003-03-17 00:00:00,1.3025752766881271
2003-03-18 00:00:00,1.3048481136643453
2003-03-19 00:00:00,1.3029898327876468
2003-03-20 00:00:00,1.3002118557470956
2003-03-21 00:00:00,1.304978161456796
2003-03-24 00:00:00,1.3028205385141827
2003-03-25 00:00:00,1.3026135028352577
2003-03-26 00:00:00,1.3010471997971784
2003-03-27 00:00:00,1.3001952883420334
2003-03-28 00:00:00,1.2938980636248159
2003-03-31 00:00:00,1.2870077608810668
2003-04-01 00:00:00,1.2877001148761034
2003-04-02 00:00:00,1.295578857920411
2003-04-03 00:00:00,1.293981406040609
2003-04-04 00:00:00,1.2960573753683042
2003-04-07 00:00:00,1.2998002683706171
2003-04-08 00:00:00,1.2940437234724824
2003-04-09 00:00:00,1.290807825861966
2003-04-10 00:00:00,1.2866746503647868
2003-04-11 00:00:00,1.2877993278254523
2003-04-14 00:00:00,1.2864039903650974
2003-04-15 00:00:00,1.2872145226001597
2003-04-16 00:00:00,1.2824016918702013
2003-04-17 00:00:00,1.2805842265300436
2003-04-18 00:00:00,1.2813694375311062
2003-04-21 00:00:00,1.2819128940994482
2003-04-22 00:00:00,1.2749945165382215
2003-04-23 00:00:00,1.2736307427669562
2003-04-24 00:00:00,1.2678783098745376
2003-04-25 00:00:00,1.268985280576549
2003-04-28 00:00:00,1.2737887553077534
2003-04-29 00:00:00,1.270610148725211
2003-04-30 00:00:00,1.2609280832684608
2003-05-01 00:00:00,1.2564296542928741
2003-05-02 00:00:00,1.2588574843704534
2003-05-05 00:00:00,1.2519045918853542
2003-05-06 00:00:00,1.246452797432262
2003-05-07 00:00:00,1.2481160441968866
2003-05-08 00:00:00,1.2427413902631745
2003-05-09 00:00:00,1.2433095431116745
2003-05-12 00:00:00,1.2407481702298098
2003-05-13 00:00:00,1.2439981072877606
2003-05-14 00:00:00,1.2440306117501823
2003-05-15 00:00:00,1.2451992238391947
2003-05-16 00:00:00,1.2388125821043412
2003-05-19 00:00:00,1.2325688821734255
2003-05-20 00:00:00,1.2332459177533641
2003-05-21 00:00:00,1.2295996709714545
2003-05-22 00:00:00,1.229774428822396
2003-05-23 00:00:00,1.2263279057481558
2003-05-27 00:00:00,1.2226139101577036
2003-05-28 00:00:00,1.2256547256635355
2003-05-29 00:00:00,1.2220200280551927
2003-05-30 00:00:00,1.223611517240112
2003-06-02 00:00:00,1.2242684432108653
2003-06-03 00:00:00,1.2262225281190076
2003-06-04 00:00:00,1.2267531252387434
2003-06-05 00:00:00,1.2147441542107587
2003-06-06 00:00:00,1.2264726367239145
2003-06-09 00:00:00,1.2241269155124785
2003-06-10 00:00:00,1.2263597738749386
2003-06-11 00:00:00,1.219581718953257
2003-06-12 00:00:00,1.2192880143866474
2003-06-13 00:00:00,1.2152702934176358
2003-06-16 00:00:00,1.2140123032461756
2003-06-17 00:00:00,1.2146292267206353
2003-06-18 00:00:00,1.221050622916458
2003-06-19 00:00:00,1.2229529901374674
2003-06-20 00:00:00,1.2271172166179944
2003-06-23 00:00:00,1.2344124678242134
2003-06-24 00:00:00,1.240667569509773
2003-06-25 00:00:00,1.2359332399385745
2003-06-26 00:00:00,1.2462289077136033
2003-06-27 00:00:00,1.2466119645687355
2003-06-30 00:00:00,1.2436890376689085
2003-07-01 00:00:00,1.2407427210871966
2003-07-02 00:00:00,1.2418895618045172
2003-07-03 00:00:00,1.2414503080447614
2003-07-07 00:00:00,1.25522880318857
2003-07-08 00:00:00,1.2545208933381224
2003-07-09 00:00:00,1.2512753031105932
2003-07-10 00:00:00,1.2459496271145558
2003-07-11 00:00:00,1.2517680303796421
2003-07-14 00:00:00,1.250759486522753
2003-07-15 00:00:00,1.2562918966646535
2003-07-16 00:00:00,1.258954275931657
2003-07-17 00:00:00,1.2660589242626072
2003-07-18 00:00:00,1.26311411648588
2003-07-21 00:00:00,1.2581920605956947
2003-07-22 00:00:00,1.259827002005988
2003-07-23 00:00:00,1.2450371934001554
2003-07-24 00:00:00,1.247401133559675
2003-07-25 00:00:00,1.2421858665545138
2003-07-28 00:00:00,1.2415525449818925
2003-07-29 00:00:00,1.243648003040889
2003-07-30 00:00:00,1.249388235143645
2003-07-31 00:00:00,1.2615346239026288
2003-08-01 00:00:00,1.2617715421486242
2003-08-04 00:00:00,1.2551605034644282
2003-08-05 00:00:00,1.2541636196882107
2003-08-06 00:00:00,1.251744892593914
2003-08-07 00:00:00,1.2497437208819686
2003-08-08 00:00:00,1.2538230607610419
2003-08-11 00:00:00,1.2560716186051173
2003-08-12 00:00:00,1.25652533706283
2003-08-13 00:00:00,1.2556608217202356
2003-08-14 00:00:00,1.2582766271786123
2003-08-15 00:00:00,1.2597379771778272
2003-08-18 00:00:00,1.2686010386973128
2003-08-19 00:00:00,1.2715724187215143
2003-08-20 00:00:00,1.2692660625126455
2003-08-21 00:00:00,1.2745974594543932
2003-08-22 00:00:00,1.2840804217699686
2003-08-25 00:00:00,1.2828875499801478
2003-08-26 00:00:00,1.284788083767089
2003-08-27 00:00:00,1.2818312467293491
2003-08-28 00:00:00,1.2806944524145325
2003-08-29 00:00:00,1.2722484596686428
2003-09-02 00:00:00,1.2778215299713083
2003-09-03 00:00:00,1.275527771122284
2003-09-04 00:00:00,1.2722653676433697
2003-09-05 00:00:00,1.261061679097201
2003-09-08 00:00:00,1.2587231923279607
2003-09-09 00:00:00,1.2556654812596597
2003-09-10 00:00:00,1.255311735659439
2003-09-11 00:00:00,1.2517963225235087
2003-09-12 00:00:00,1.2444108004736083
2003-09-15 00:00:00,1.2493150436752127
2003-09-16 00:00:00,1.253382170028506
2003-09-17 00:00:00,1.2461644647055963
2003-09-18 00:00:00,1.2445792628523167
2003-09-19 00:00:00,1.2394969642945453
2003-09-22 00:00:00,1.2304477143077759
2003-09-23 00:00:00,1.2204661673773507
2003-09-24 00:00:00,1.2170716197820357
2003-09-25 00:00:00,1.2174871959801936
2003-09-26 00:00:00,1.2223223951068154
2003-09-29 00:00:00,1.213056483493939
2003-09-30 00:00:00,1.217383934173595
2003-10-01 00:00:00,1.2152749341185558
2003-10-02 00:00:00,1.2096272210958303
2003-10-03 00:00:00,1.218936695162893
2003-10-06 00:00:00,1.2075831937384143
2003-10-07 00:00:00,1.2043669918325257
2003-10-08 00:00:00,1.2023035697710631
2003-10-09 00:00:00,1.2108827593665275
2003-10-10 00:00:00,1.2059024550954982
2003-10-14 00:00:00,1.2070589308333697
2003-10-15 00:00:00,1.2110010705277434
2003-10-16 00:00:00,1.21180611040916
2003-10-17 00:00:00,1.214132119915478
2003-10-20 00:00:00,1.218287879390245
2003-10-21 00:00:00,1.2148257771851099
2003-10-22 00:00:00,1.204534246137942
2003-10-23 00:00:00,1.2092222061331794
2003-10-24 00:00:00,1.2092908214194844
2003-10-27 00:00:00,1.2139834604847735
2003-10-28 00:00:00,1.216085290403684
2003-10-29 00:00:00,1.2132149261819611
2003-10-30 00:00:00,1.2131489836541594
2003-10-31 00:00:00,1.2221111522586003
2003-11-03 00:00:00,1.231306880574782
2003-11-04 00:00:00,1.22578280531769
2003-11-05 00:00:00,1.2268723436245614
2003-11-06 00:00:00,1.2285508288556926
2003-11-07 00:00:00,1.2204065291698025
2003-11-10 00:00:00,1.2193052721010291
2003-11-12 00:00:00,1.2109815093534004
2003-11-13 00:00:00,1.2058738709191212
2003-11-14 00:00:00,1.203913830845139
2003-11-17 00:00:00,1.2051016788039222
2003-11-18 00:00:00,1.195142149962938
2003-11-19 00:00:00,1.194936204817925
2003-11-20 00:00:00,1.195925121673913
2003-11-21 00:00:00,1.1929744351536973
2003-11-24 00:00:00,1.20300030014521
2003-11-25 00:00:00,1.2020162416162317
2003-11-26 00:00:00,1.198571499211626
2003-11-28 00:00:00,1.195841748894445
2003-12-01 00:00:00,1.1948899576817122
2003-12-02 00:00:00,1.1865762926497627
2003-12-03 00:00:00,1.1823227958615143
2003-12-04 00:00:00,1.1833969529665544
2003-12-05 00:00:00,1.1764540839662114
2003-12-08 00:00:00,1.1711903594035544
2003-12-09 00:00:00,1.170179565387494
2003-12-10 00:00:00,1.1743048341477609
2003-12-11 00:00:00,1.1784475899767093
2003-12-12 00:00:00,1.1696916274549976
2003-12-15 00:00:00,1.1738623674265525
2003-12-16 00:00:00,1.1722789190104517
2003-12-17 00:00:00,1.1677117286152132
2003-12-18 00:00:00,1.1732724298506367
2003-12-19 00:00:00,1.1719513124611198
2003-12-22 00:00:00,1.1717893034983908
2003-12-23 00:00:00,1.1706755090593393
2003-12-24 00:00:00,1.1688149103371182
2003-12-26 00:00:00,1.1710916888388931
2003-12-29 00:00:00,1.1657120843364173
2003-12-30 00:00:00,1.1647971428170603
2003-12-31 00:00:00,1.1574757412377812
2004-01-02 00:00:00,1.1569045956443884
2004-01-05 00:00:00,1.1542975569999046
2004-01-06 00:00:00,1.1506513119288309
2004-01-07 00:00:00,1.1556049542190763
2004-01-08 00:00:00,1.150905568834391
2004-01-09 00:00:00,1.1449116111135242
2004-01-12 00:00:00,1.1494560952066086
2004-01-13 00:00:00,1.154950386084044
2004-01-14 00:00:00,1.1594226295188104
2004-01-15 00:00:00,1.167279532576667
2004-01-16 00:00:00,1.1795475230744015
2004-01-20 00:00:00,1.16684680093792
2004-01-21 00:00:00,1.1590337286723482
2004-01-22 00:00:00,1.1538298864685377
2004-01-23 00:00:00,1.1633567100206272
2004-01-26 00:00:00,1.1687485732751979
2004-01-27 00:00:00,1.161950748076468
2004-01-28 00:00:00,1.1623258253719755
2004-01-29 00:00:00,1.1792508780532667
2004-01-30 00:00:00,1.179400757660885
2004-02-02 00:00:00,1.1773487657757649
2004-02-03 00:00:00,1.1695751525277527
2004-02-04 00:00:00,1.16983588654286
2004-02-05 00:00:00,1.167288014158754
2004-02-06 00:00:00,1.1547494562205405
2004-02-09 00:00:00,1.1571014263785626
2004-02-10 00:00:00,1.153647080733643
2004-02-11 00:00:00,1.1486613448873166
2004-02-12 00:00:00,1.1495512146466786
2004-02-13 00:00:00,1.1520440993491845
2004-02-17 00:00:00,1.1516560775147968
2004-02-18 00:00:00,1.1540248743334116
2004-02-19 00:00:00,1.159045903675371
2004-02-20 00:00:00,1.1680509283910971
2004-02-23 00:00:00,1.1683123567546654
2004-02-24 00:00:00,1.162117856364305
2004-02-25 00:00:00,1.1755948508555523
2004-02-26 00:00:00,1.1782818504232913
2004-02-27 00:00:00,1.1804881233365032
2004-03-01 00:00:00,1.1810464703590213
2004-03-02 00:00:00,1.1963877120368875
2004-03-03 00:00:00,1.2013102468376708
2004-03-04 00:00:00,1.190380847276322
2004-03-05 00:00:00,1.1765481210233806
2004-03-08 00:00:00,1.1775772385854264
2004-03-09 00:00:00,1.1731600422258945
2004-03-10 00:00:00,1.1865435760245857
2004-03-11 00:00:00,1.1871317299621507
2004-03-12 00:00:00,1.1961818861708267
2004-03-15 00:00:00,1.1918780390196746
2004-03-16 00:00:00,1.1902288004829558
2004-03-17 00:00:00,1.1938455214958112
2004-03-18 00:00:00,1.1840821899857215
2004-03-19 00:00:00,1.188900485224312
2004-03-22 00:00:00,1.1810692394453448
2004-03-23 00:00:00,1.1860860910639555
2004-03-24 00:00:00,1.1963192768226538
2004-03-25 00:00:00,1.1985114872551943
2004-03-26 00:00:00,1.2021406255916973
2004-03-29 00:00:00,1.199031653319984
2004-03-30 00:00:00,1.1952099390292357
2004-03-31 00:00:00,1.1910021302304912
2004-04-01 00:00:00,1.1824011676697315
2004-04-02 00:00:00,1.197392302857185
2004-04-05 00:00:00,1.2010291688132895
2004-04-06 00:00:00,1.1976699428145503
2004-04-07 00:00:00,1.1887268499166672
2004-04-08 00:00:00,1.1938799417693622
2004-04-09 00:00:00,1.1933798081587281
2004-04-12 00:00:00,1.195977713480949
2004-04-13 00:00:00,1.2034365763142552
2004-04-14 00:00:00,1.2049606399045427
2004-04-15 00:00:00,1.2067633543145981
2004-04-16 00:00:00,1.2001342457059954
2004-04-19 00:00:00,1.2011412025439867
2004-04-20 00:00:00,1.2050215493887397
2004-04-21 00:00:00,1.2079139921522906
2004-04-22 00:00:00,1.2056719564982123
2004-04-23 00:00:00,1.2095025543928262
2004-04-26 00:00:00,1.2042223298583121
2004-04-27 00:00:00,1.198527111840984
2004-04-28 00:00:00,1.2054462308002603
2004-04-29 00:00:00,1.1994326909219561
2004-04-30 00:00:00,1.1988431389302157
2004-05-03 00:00:00,1.200480342842093
2004-05-04 00:00:00,1.1916303675396243
2004-05-05 00:00:00,1.1854437716563704
2004-05-06 00:00:00,1.1871418941720984
2004-05-07 00:00:00,1.199674814625577
2004-05-10 00:00:00,1.2090326641522282
2004-05-11 00:00:00,1.210847307070384
2004-05-12 00:00:00,1.2029707640131264
2004-05-13 00:00:00,1.2086181981760356
2004-05-14 00:00:00,1.207948117193023
2004-05-17 00:00:00,1.198949185791747
2004-05-18 00:00:00,1.1974377414222948
2004-05-19 00:00:00,1.1916023581084232
2004-05-20 00:00:00,1.1945935015713356
2004-05-21 00:00:00,1.1894107994778136
2004-05-24 00:00:00,1.1935002675509319
2004-05-25 00:00:00,1.1888013046754582
2004-05-26 00:00:00,1.1859014630104134
2004-05-27 00:00:00,1.1752322402292112
2004-05-28 00:00:00,1.179364945653028
2004-06-01 00:00:00,1.1786458324974582
2004-06-02 00:00:00,1.1787016284719423
2004-06-03 00:00:00,1.1831576905553045
2004-06-04 00:00:00,1.1790984728979492
2004-06-07 00:00:00,1.1744092979336733
2004-06-08 00:00:00,1.1754032383052648
2004-06-09 00:00:00,1.1874410096492933
2004-06-10 00:00:00,1.1886771909594693
2004-06-11 00:00:00,1.1957974428361082
2004-06-14 00:00:00,1.1934947308034762
2004-06-15 00:00:00,1.1874940692358478
2004-06-16 00:00:00,1.1949459332412808
2004-06-17 00:00:00,1.193374413181574
2004-06-18 00:00:00,1.1884378499310169
2004-06-21 00:00:00,1.187884918041634
2004-06-22 00:00:00,1.190945507695985
2004-06-23 00:00:00,1.1917257451020198
2004-06-24 00:00:00,1.1858229102062432
2004-06-25 00:00:00,1.1871620339136866
2004-06-28 00:00:00,1.1823999074543914
2004-06-29 00:00:00,1.1857035465146648
2004-06-30 00:00:00,1.1848974596560948
2004-07-01 00:00:00,1.1869363082157345
2004-07-02 00:00:00,1.1788347799685395
2004-07-06 00:00:00,1.1798035385433556
2004-07-07 00:00:00,1.173502558839335
2004-07-08 00:00:00,1.1732399833123024
2004-07-09 00:00:00,1.1746858510421436
2004-07-12 00:00:00,1.1739510301899774
2004-07-13 00:00:00,1.180422473505544
2004-07-14 00:00:00,1.1757878517037301
2004-07-15 00:00:00,1.174511469359554
2004-07-16 00:00:00,1.17062644635189
2004-07-19 00:00:00,1.1713988341825425
2004-07-20 00:00:00,1.1754597593347071
2004-07-21 00:00:00,1.1833562684585601
2004-07-22 00:00:00,1.1809364937371516
2004-07-23 00:00:00,1.190147192206282
2004-07-26 00:00:00,1.1896475849327606
2004-07-27 00:00:00,1.1949233650101883
2004-07-28 00:00:00,1.1967080233361442
2004-07-29 00:00:00,1.1965065750235084
2004-07-30 00:00:00,1.1989557514532954
2004-08-02 00:00:00,1.1968285924313513
2004-08-03 00:00:00,1.1946897749757983
2004-08-04 00:00:00,1.1942932403341135
2004-08-05 00:00:00,1.1936043605661797
2004-08-06 00:00:00,1.1795078202713474
2004-08-09 00:00:00,1.1799565459442505
2004-08-10 00:00:00,1.1779769208744113
2004-08-11 00:00:00,1.1836109734230984
2004-08-12 00:00:00,1.1838043607198578
2004-08-13 00:00:00,1.1770966137678576
2004-08-16 00:00:00,1.1786633993735898
2004-08-17 00:00:00,1.1791128002999314
2004-08-18 00:00:00,1.1806705013485146
2004-08-19 00:00:00,1.1752406978963146
2004-08-20 00:00:00,1.1767127745161714
2004-08-23 00:00:00,1.182809496950038
2004-08-24 00:00:00,1.1876239782674562
2004-08-25 00:00:00,1.1881596574193967
2004-08-26 00:00:00,1.185927557803828
2004-08-27 00:00:00,1.1884410144636934
2004-08-30 00:00:00,1.1869436654252365
2004-08-31 00:00:00,1.1791545936604793
2004-09-01 00:00:00,1.1791486273848537
2004-09-02 00:00:00,1.1803013421375508
2004-09-03 00:00:00,1.187172526871552
2004-09-07 00:00:00,1.1846388367763085
2004-09-08 00:00:00,1.1787714860300023
2004-09-09 00:00:00,1.17638573112628
2004-09-10 00:00:00,1.169978188057048
2004-09-13 00:00:00,1.1717765558707176
2004-09-14 00:00:00,1.171514479918582
2004-09-15 00:00:00,1.181756483716089
2004-09-16 00:00:00,1.179602268899927
2004-09-17 00:00:00,1.1762502618644104
2004-09-20 00:00:00,1.1740556379820661
2004-09-21 00:00:00,1.1671688023057445
2004-09-22 00:00:00,1.1674552456204237
2004-09-23 00:00:00,1.1630119580467118
2004-09-24 00:00:00,1.1672281252397794
2004-09-27 00:00:00,1.1645238835423488
2004-09-28 00:00:00,1.1650423460215957
2004-09-29 00:00:00,1.1644633192803417
2004-09-30 00:00:00,1.1569086595648215
2004-10-01 00:00:00,1.1553564294024061
2004-10-04 00:00:00,1.1664841673905009
2004-10-05 00:00:00,1.1622662648418554
2004-10-06 00:00:00,1.162871562121161
2004-10-07 00:00:00,1.1641247307334137
2004-10-08 00:00:00,1.1580601348024233
2004-10-12 00:00:00,1.164847679938288
2004-10-13 00:00:00,1.1663015407993895
2004-10-14 00:00:00,1.1618015039411937
2004-10-15 00:00:00,1.1564509682458517
2004-10-18 00:00:00,1.1521066774726114
2004-10-19 00:00:00,1.1528255490627064
2004-10-20 00:00:00,1.1441112528591384
2004-10-21 00:00:00,1.1465105612108824
2004-10-22 00:00:00,1.1461042457542476
2004-10-25 00:00:00,1.1347861670644503
2004-10-26 00:00:00,1.1321329118979397
2004-10-27 00:00:00,1.1338509205736782
2004-10-28 00:00:00,1.1333318591398345
2004-10-29 00:00:00,1.1347967041544418
2004-11-01 00:00:00,1.1349988763682284
2004-11-02 00:00:00,1.139513270839973
2004-11-03 00:00:00,1.133568763451238
2004-11-04 00:00:00,1.1296140793966924
2004-11-05 00:00:00,1.1261268374653375
2004-11-08 00:00:00,1.1262541223003435
2004-11-09 00:00:00,1.1278130795006653
2004-11-10 00:00:00,1.1248419689729887
2004-11-12 00:00:00,1.113114146561332
2004-11-15 00:00:00,1.113365748237227
2004-11-16 00:00:00,1.1107193855679067
2004-11-17 00:00:00,1.1095889338019151
2004-11-18 00:00:00,1.1125089850207772
2004-11-19 00:00:00,1.1058635833868256
2004-11-22 00:00:00,1.1076233529605115
2004-11-23 00:00:00,1.1050268282176319
2004-11-24 00:00:00,1.0968368767610255
2004-11-26 00:00:00,1.0879323787765565
2004-11-29 00:00:00,1.0864650401654605
2004-11-30 00:00:00,1.0908770337940201
2004-12-01 00:00:00,1.0883788768120894
2004-12-02 00:00:00,1.0941837023051761
2004-12-03 00:00:00,1.080074750819244
2004-12-06 00:00:00,1.0777203793070151
2004-12-07 00:00:00,1.0773033715427989
2004-12-08 00:00:00,1.0951328162997704
2004-12-09 00:00:00,1.0949528727556739
2004-12-10 00:00:00,1.0988308223067242
2004-12-13 00:00:00,1.0885924758153835
2004-12-14 00:00:00,1.0931745952566256
2004-12-15 00:00:00,1.083510425714373
2004-12-16 00:00:00,1.0929004936225264
2004-12-17 00:00:00,1.0913527698261032
2004-12-20 00:00:00,1.0826555059111471
2004-12-21 00:00:00,1.0876139521654975
2004-12-22 00:00:00,1.0901863296290677
2004-12-23 00:00:00,1.0850073982580182
2004-12-24 00:00:00,1.0813100853069575
2004-12-27 00:00:00,1.0734750212807365
2004-12-28 00:00:00,1.0715852085600224
2004-12-29 00:00:00,1.0751231286311262
2004-12-30 00:00:00,1.0750537752955316
2004-12-31 00:00:00,1.0810534086134325
2005-01-03 00:00:00,1.0831318906850795
2005-01-04 00:00:00,1.0991056051973744
2005-01-05 00:00:00,1.0961966173238946
2005-01-06 00:00:00,1.1051809828026957
2005-01-07 00:00:00,1.111623817363161
2005-01-10 00:00:00,1.1074770720877816
2005-01-11 00:00:00,1.1045426450386884
2005-01-12 00:00:00,1.0991938279113653
2005-01-13 00:00:00,1.1026087022415694
2005-01-14 00:00:00,1.109563104190271
2005-01-18 00:00:00,1.1119236229350142
2005-01-19 00:00:00,1.11146535579545
2005-01-20 00:00:00,1.117173862611966
2005-01-21 00:00:00,1.1136400352708333
2005-01-24 00:00:00,1.1147812110521478
2005-01-25 00:00:00,1.1211569940276271
2005-01-26 00:00:00,1.1130707560712687
2005-01-27 00:00:00,1.1170548920071324
2005-01-28 00:00:00,1.11805757768528
2005-01-31 00:00:00,1.117570849482485
2005-02-01 00:00:00,1.118200350827728
2005-02-02 00:00:00,1.1162227143764776
2005-02-03 00:00:00,1.120888890749159
2005-02-04 00:00:00,1.1224787580424154
2005-02-07 00:00:00,1.132530886595625
2005-02-08 00:00:00,1.1317343677108973
2005-02-09 00:00:00,1.1296750707799441
2005-02-10 00:00:00,1.1261632727205404
2005-02-11 00:00:00,1.127662612027052
2005-02-14 00:00:00,1.1189682358904263
2005-02-15 00:00:00,1.1178682932174402
2005-02-16 00:00:00,1.1180671905383919
2005-02-17 00:00:00,1.1142458468665568
2005-02-18 00:00:00,1.1155105220506423
2005-02-22 00:00:00,1.103936136815842
2005-02-23 00:00:00,1.1049108643998464
2005-02-24 00:00:00,1.104147287864078
2005-02-25 00:00:00,1.1038148606715485
2005-02-28 00:00:00,1.098612889866753
2005-03-01 00:00:00,1.1027405716062162
2005-03-02 00:00:00,1.108466763755476
2005-03-03 00:00:00,1.1055291812610801
2005-03-04 00:00:00,1.0977181499620314
2005-03-07 00:00:00,1.0990350719635582
2005-03-08 00:00:00,1.0914240756729061
2005-03-09 00:00:00,1.0905266195890706
2005-03-10 00:00:00,1.0902101181476296
2005-03-11 00:00:00,1.0862331636722382
2005-03-14 00:00:00,1.0964045218982328
2005-03-15 00:00:00,1.0978584275995122
2005-03-16 00:00:00,1.0911596140968234
2005-03-17 00:00:00,1.0947806131849145
2005-03-18 00:00:00,1.100596833702851
2005-03-21 00:00:00,1.109733261375451
2005-03-22 00:00:00,1.107083099775608
2005-03-23 00:00:00,1.1202361289651146
2005-03-24 00:00:00,1.1215919168254826
2005-03-25 00:00:00,1.1231711347536142
2005-03-28 00:00:00,1.1261283136841929
2005-03-29 00:00:00,1.1256864940048827
2005-03-30 00:00:00,1.1238798274474515
2005-03-31 00:00:00,1.1250970511209424
2005-04-01 00:00:00,1.1301511591455193
2005-04-04 00:00:00,1.1343761113268809
2005-04-05 00:00:00,1.1338869518220798
2005-04-06 00:00:00,1.1305643410837736
2005-04-07 00:00:00,1.1279701673112303
2005-04-08 00:00:00,1.1286677605814168
2005-04-11 00:00:00,1.1238382061172076
2005-04-12 00:00:00,1.1289145269024032
2005-04-13 00:00:00,1.1263564723064565
2005-04-14 00:00:00,1.1355846070610014
2005-04-15 00:00:00,1.1280931659262987
2005-04-18 00:00:00,1.1229753328941843
2005-04-19 00:00:00,1.1230556161129694
2005-04-20 00:00:00,1.1192110014140206
2005-04-21 00:00:00,1.1185331659364695
2005-04-22 00:00:00,1.1182232954958953
2005-04-25 00:00:00,1.1210375214124695
2005-04-26 00:00:00,1.1232515940783736
2005-04-27 00:00:00,1.1240929716116763
2005-04-28 00:00:00,1.1267517867274275
2005-04-29 00:00:00,1.1293586785702823
2005-05-02 00:00:00,1.134388061621462
2005-05-03 00:00:00,1.1311007202984849
2005-05-04 00:00:00,1.1266838829793546
2005-05-05 00:00:00,1.1260635153345249
2005-05-06 00:00:00,1.1322891711992402
2005-05-09 00:00:00,1.1321660738992683
2005-05-10 00:00:00,1.13315278905122
2005-05-11 00:00:00,1.138926975655592
2005-05-12 00:00:00,1.1445083563953127
2005-05-13 00:00:00,1.147026823581091
2005-05-16 00:00:00,1.1500803800027743
2005-05-17 00:00:00,1.146539512753615
2005-05-18 00:00:00,1.1444117801681113
2005-05-19 00:00:00,1.1478156438472302
2005-05-20 00:00:00,1.149727336343585
2005-05-23 00:00:00,1.148022614686306
2005-05-24 00:00:00,1.1471874618585984
2005-05-25 00:00:00,1.1476219133658883
2005-05-26 00:00:00,1.1538385723282378
2005-05-27 00:00:00,1.1502402310987074
2005-05-31 00:00:00,1.1602595943519927
2005-06-01 00:00:00,1.1666170968848344
2005-06-02 00:00:00,1.1637608352341222
2005-06-03 00:00:00,1.166047490836014
2005-06-06 00:00:00,1.1636786275579225
2005-06-07 00:00:00,1.162701465156499
2005-06-08 00:00:00,1.1643721295727312
2005-06-09 00:00:00,1.1720965915275336
2005-06-10 00:00:00,1.1792030738182906
2005-06-13 00:00:00,1.1895340601442765
2005-06-14 00:00:00,1.1885044846156851
2005-06-15 00:00:00,1.1846936645330772
2005-06-16 00:00:00,1.1850616341701161
2005-06-17 00:00:00,1.171328246270193
2005-06-20 00:00:00,1.178962465627767
2005-06-21 00:00:00,1.1804994885723472
2005-06-22 00:00:00,1.18526945141245
2005-06-23 00:00:00,1.1964493719582243
2005-06-24 00:00:00,1.194135522237639
2005-06-27 00:00:00,1.190671309599556
2005-06-28 00:00:00,1.1955042052527178
2005-06-29 00:00:00,1.1982814835854734
2005-06-30 00:00:00,1.1973884258943794
2005-07-01 00:00:00,1.208276554724498
2005-07-05 00:00:00,1.2064371456229017
2005-07-06 00:00:00,1.204132603937252
2005-07-07 00:00:00,1.2046509154402834
2005-07-08 00:00:00,1.207391166858658
2005-07-11 00:00:00,1.2011309677690316
2005-07-12 00:00:00,1.1894805211882367
2005-07-13 00:00:00,1.1928188604194774
2005-07-14 00:00:00,1.1944340063854462
2005-07-15 00:00:00,1.1973170250387106
2005-07-18 00:00:00,1.1949483521372257
2005-07-19 00:00:00,1.2005346241903019
2005-07-20 00:00:00,1.2006991369135378
2005-07-21 00:00:00,1.1970262359312982
2005-07-22 00:00:00,1.1980557629525737
2005-07-25 00:00:00,1.1965413582293938
2005-07-26 00:00:00,1.2019154266096725
2005-07-27 00:00:00,1.1995877414831613
2005-07-28 00:00:00,1.1916517854099173
2005-07-29 00:00:00,1.1924239470686604
2005-08-01 00:00:00,1.187100518692344
2005-08-02 00:00:00,1.1840743162223388
2005-08-03 00:00:00,1.1774677198405414
2005-08-04 00:00:00,1.1703050772145398
2005-08-05 00:00:00,1.1738433294026756
2005-08-08 00:00:00,1.17234125235505
2005-08-09 00:00:00,1.1732755910915664
2005-08-10 00:00:00,1.1728924951331579
2005-08-11 00:00:00,1.1640693076587458
2005-08-12 00:00:00,1.16519698334649
2005-08-15 00:00:00,1.1680195170880345
2005-08-16 00:00:00,1.1711584452034887
2005-08-17 00:00:00,1.175549923171857
2005-08-18 00:00:00,1.1814683926095326
2005-08-19 00:00:00,1.1869110938389411
2005-08-22 00:00:00,1.180910491582439
2005-08-23 00:00:00,1.1805925927484875
2005-08-24 00:00:00,1.1783598097006986
2005-08-25 00:00:00,1.1739416665298483
2005-08-26 00:00:00,1.1734018249102787
2005-08-29 00:00:00,1.178093058672156
2005-08-30 00:00:00,1.1806686959865984
2005-08-31 00:00:00,1.1716695113297233
2005-09-01 00:00:00,1.1643058823070567
2005-09-02 00:00:00,1.154700190516464
2005-09-06 00:00:00,1.1602406823896314
2005-09-07 00:00:00,1.164035499936605
2005-09-08 00:00:00,1.1670401263184078
2005-09-09 00:00:00,1.1648818849592164
2005-09-12 00:00:00,1.171433069034724
2005-09-13 00:00:00,1.176005102047161
2005-09-14 00:00:00,1.1738286678885654
2005-09-15 00:00:00,1.1789527153784456
2005-09-16 00:00:00,1.1799624836641647
2005-09-19 00:00:00,1.1829999627531946
2005-09-20 00:00:00,1.1813757179130626
2005-09-21 00:00:00,1.1793961462712896
2005-09-22 00:00:00,1.183971073768113
2005-09-23 00:00:00,1.1903547699323078
2005-09-26 00:00:00,1.1926225504153292
2005-09-27 00:00:00,1.1949869507678479
2005-09-28 00:00:00,1.1943547080756032
2005-09-29 00:00:00,1.190232448970232
2005-09-30 00:00:00,1.1868809201087238
2005-10-03 00:00:00,1.1943062241844022
2005-10-04 00:00:00,1.1939430416715167
2005-10-05 00:00:00,1.1900255209853832
2005-10-06 00:00:00,1.1826500776947821
2005-10-07 00:00:00,1.1842963842615226
2005-10-11 00:00:00,1.1901756397278074
2005-10-12 00:00:00,1.1893201508872029
2005-10-13 00:00:00,1.2008044628461276
2005-10-14 00:00:00,1.1944211154842843
2005-10-17 00:00:00,1.1982952849069002
2005-10-18 00:00:00,1.2032781236565295
2005-10-19 00:00:00,1.2004146144725603
2005-10-20 00:00:00,1.2034366254764004
2005-10-21 00:00:00,1.2082119829210172
2005-10-24 00:00:00,1.2065104010974714
2005-10-25 00:00:00,1.1970562529389175
2005-10-26 00:00:00,1.1985970231177188
2005-10-27 00:00:00,1.196446265710308
2005-10-28 00:00:00,1.1998006476227046
2005-10-31 00:00:00,1.2060310314441778
2005-11-01 00:00:00,1.210155309232133
2005-11-02 00:00:00,1.2082419065050425
2005-11-03 00:00:00,1.2126382726224234
2005-11-04 00:00:00,1.220419934376839
2005-11-07 00:00:00,1.222404968561781
2005-11-08 00:00:00,1.2192214404152464
2005-11-09 00:00:00,1.224151571224016
2005-11-10 00:00:00,1.2270598306422664
2005-11-14 00:00:00,1.2276606547588786
2005-11-15 00:00:00,1.2297777118089677
2005-11-16 00:00:00,1.23087377806581
2005-11-17 00:00:00,1.228029714345553
2005-11-18 00:00:00,1.2243060309135059
2005-11-21 00:00:00,1.2221535663366465
2005-11-22 00:00:00,1.2206154936417062
2005-11-23 00:00:00,1.2144291390951054
2005-11-25 00:00:00,1.215619483714161
2005-11-28 00:00:00,1.2107963391438363
2005-11-29 00:00:00,1.2159675908811598
2005-11-30 00:00:00,1.215885082974095
2005-12-01 00:00:00,1.2195380162561837
2005-12-02 00:00:00,1.2137410091972805
2005-12-05 00:00:00,1.2099137887505091
2005-12-06 00:00:00,1.2053932909920886
2005-12-07 00:00:00,1.2109390409461447
2005-12-08 00:00:00,1.2067093413172643
2005-12-09 00:00:00,1.2061623683124398
2005-12-12 00:00:00,1.1977441150987944
2005-12-13 00:00:00,1.2014683830235346
2005-12-14 00:00:00,1.1937272850674772
2005-12-15 00:00:00,1.2005228299846877
2005-12-16 00:00:00,1.1968874367034876
2005-12-19 00:00:00,1.1944895900756007
2005-12-20 00:00:00,1.2051599234788533
2005-12-21 00:00:00,1.2060855733937712
2005-12-22 00:00:00,1.2051543286474593
2005-12-23 00:00:00,1.206783113437972
2005-12-27 00:00:00,1.2058627809391016
2005-12-28 00:00:00,1.2014641387709102
2005-12-29 00:00:00,1.2038813584667383
2005-12-30 00:00:00,1.2026487074786771
2006-01-03 00:00:00,1.1909568109851982
2006-01-04 00:00:00,1.1829366828962784
2006-01-05 00:00:00,1.1813866196825311
2006-01-06 00:00:00,1.176889762688092
2006-01-09 00:00:00,1.1819690040544337
2006-01-10 00:00:00,1.1853220392272363
2006-01-11 00:00:00,1.1798621211856273
2006-01-12 00:00:00,1.1831199061922428
2006-01-13 00:00:00,1.1798544767418258
2006-01-17 00:00:00,1.1810964472331347
2006-01-18 00:00:00,1.1815352539287374
2006-01-19 00:00:00,1.1814978567933632
2006-01-20 00:00:00,1.1789203381944278
2006-01-23 00:00:00,1.164124647047465
2006-01-24 00:00:00,1.1645066205858905
2006-01-25 00:00:00,1.166822618960262
2006-01-26 00:00:00,1.1665385303157403
2006-01-27 00:00:00,1.170940619789394
2006-01-30 00:00:00,1.1738271623032994
2006-01-31 00:00:00,1.1701520744819538
2006-02-01 00:00:00,1.174557798006536
2006-02-02 00:00:00,1.1767317172721068
2006-02-03 00:00:00,1.180601017314224
2006-02-06 00:00:00,1.1859522413666068
2006-02-07 00:00:00,1.1857456294721926
2006-02-08 00:00:00,1.1856516432636122
2006-02-09 00:00:00,1.1833820593626865
2006-02-10 00:00:00,1.1873464009267451
2006-02-13 00:00:00,1.1934043282468778
2006-02-14 00:00:00,1.1924833476648924
2006-02-15 00:00:00,1.1923624520137834
2006-02-16 00:00:00,1.1977719244308995
2006-02-17 00:00:00,1.194288437616377
2006-02-21 00:00:00,1.1957125657597585
2006-02-22 00:00:00,1.1950536787186858
2006-02-23 00:00:00,1.1963650068827665
2006-02-24 00:00:00,1.199145951828212
2006-02-27 00:00:00,1.203067246232029
2006-02-28 00:00:00,1.1984999643355023
2006-03-01 00:00:00,1.2011550882469146
2006-03-02 00:00:00,1.1959918276049204
2006-03-03 00:00:00,1.1933315291267603
2006-03-06 00:00:00,1.1942274658179084
2006-03-07 00:00:00,1.2022640396828195
2006-03-08 00:00:00,1.199470176431451
2006-03-09 00:00:00,1.195918986951776
2006-03-10 00:00:00,1.1951613203973255
2006-03-13 00:00:00,1.1923137580682464
2006-03-14 00:00:00,1.1869732485830136
2006-03-15 00:00:00,1.1859367021620977
2006-03-16 00:00:00,1.1775130476225377
2006-03-17 00:00:00,1.1728471592523173
2006-03-20 00:00:00,1.1748379229898631
2006-03-21 00:00:00,1.1829337002429743
2006-03-22 00:00:00,1.181433390220902
2006-03-23 00:00:00,1.1872115624340334
2006-03-24 00:00:00,1.184371426097834
2006-03-27 00:00:00,1.185148602470071
2006-03-28 00:00:00,1.1830280888621019
2006-03-29 00:00:00,1.1902928112871412
2006-03-30 00:00:00,1.1820674515594103
2006-03-31 00:00:00,1.1833665159912858
2006-04-03 00:00:00,1.1826235523520092
2006-04-04 00:00:00,1.1717145851324637
2006-04-05 00:00:00,1.1694117614510853
2006-04-06 00:00:00,1.1704267365094818
2006-04-07 00:00:00,1.1779560899920771
2006-04-10 00:00:00,1.1813610874521017
2006-04-11 00:00:00,1.1750504007407112
2006-04-12 00:00:00,1.1775961811652333
2006-04-13 00:00:00,1.1763748558115454
2006-04-14 00:00:00,1.175983551518983
2006-04-17 00:00:00,1.164811290538559
2006-04-18 00:00:00,1.165267399078169
2006-04-19 00:00:00,1.159404055424407
2006-04-20 00:00:00,1.1601270896529665
2006-04-21 00:00:00,1.1624589224245716
2006-04-24 00:00:00,1.1616577894967197
2006-04-25 00:00:00,1.1583771975611363
2006-04-26 00:00:00,1.154471730959569
2006-04-27 00:00:00,1.1492764270615496
2006-04-28 00:00:00,1.1418403419288152
2006-05-01 00:00:00,1.1421081881935842
2006-05-02 00:00:00,1.145372880900493
2006-05-03 00:00:00,1.1422252922498424
2006-05-04 00:00:00,1.1400941982024735
2006-05-05 00:00:00,1.1371059033633053
2006-05-08 00:00:00,1.137620713077773
2006-05-09 00:00:00,1.1353593037362981
2006-05-10 00:00:00,1.1338650202810914
2006-05-11 00:00:00,1.133701869327433
2006-05-12 00:00:00,1.1312364794759213
2006-05-15 00:00:00,1.1366826147688167
2006-05-16 00:00:00,1.1383166718801865
2006-05-17 00:00:00,1.1428712618041763
2006-05-18 00:00:00,1.1363650508233967
2006-05-19 00:00:00,1.1376832293177843
2006-05-22 00:00:00,1.131155557352127
2006-05-23 00:00:00,1.130067437523832
2006-05-24 00:00:00,1.1350148672108586
2006-05-25 00:00:00,1.1330308062537462
2006-05-26 00:00:00,1.1340618396894708
2006-05-30 00:00:00,1.1234953768267189
2006-05-31 00:00:00,1.1252720172379893
2006-06-01 00:00:00,1.1251720404670573
2006-06-02 00:00:00,1.1171646643512387
2006-06-05 00:00:00,1.1115260926856079
2006-06-06 00:00:00,1.1218218150918473
2006-06-07 00:00:00,1.1225219533242223
2006-06-08 00:00:00,1.1347903557855799
2006-06-09 00:00:00,1.1334261776935421
2006-06-12 00:00:00,1.13719546692368
2006-06-13 00:00:00,1.1407810373171932
2006-06-14 00:00:00,1.1376411048503159
2006-06-15 00:00:00,1.1396221311833188
2006-06-16 00:00:00,1.138527311022355
2006-06-19 00:00:00,1.1428362528750542
2006-06-20 00:00:00,1.1376259244727005
2006-06-21 00:00:00,1.130077808213924
2006-06-22 00:00:00,1.137428857271165
2006-06-23 00:00:00,1.1407785116480935
2006-06-26 00:00:00,1.137473862521746
2006-06-27 00:00:00,1.1384577439946206
2006-06-28 00:00:00,1.1405152995354435
2006-06-29 00:00:00,1.1410011880489943
2006-06-30 00:00:00,1.1239434303770481
2006-07-03 00:00:00,1.1218565680222088
2006-07-05 00:00:00,1.1239503188913538
2006-07-06 00:00:00,1.1210207039132236
2006-07-07 00:00:00,1.1156436478072256
2006-07-10 00:00:00,1.1213352294657817
2006-07-11 00:00:00,1.120203965499849
2006-07-12 00:00:00,1.1243315753387497
2006-07-13 00:00:00,1.1274245867941184
2006-07-14 00:00:00,1.1295181015152944
2006-07-17 00:00:00,1.1401510927135994
2006-07-18 00:00:00,1.144521811732782
2006-07-19 00:00:00,1.1385859858351965
2006-07-20 00:00:00,1.1326227716705488
2006-07-21 00:00:00,1.1312141393902229
2006-07-24 00:00:00,1.1359805403503331
2006-07-25 00:00:00,1.1379308517570177
2006-07-26 00:00:00,1.1352562294779447
2006-07-27 00:00:00,1.1267632460304506
2006-07-28 00:00:00,1.1263184674811202
2006-07-31 00:00:00,1.1229454379274226
2006-08-01 00:00:00,1.1222135854643256
2006-08-02 00:00:00,1.1189824373880282
2006-08-03 00:00:00,1.1218389572829899
2006-08-04 00:00:00,1.1143482869212307
2006-08-07 00:00:00,1.1143140905312463
2006-08-08 00:00:00,1.115877458399877
2006-08-09 00:00:00,1.1120386127598387
2006-08-10 00:00:00,1.1214476798037705
2006-08-11 00:00:00,1.1225899089068343
2006-08-14 00:00:00,1.1253305950061283
2006-08-15 00:00:00,1.1217582886710438
2006-08-16 00:00:00,1.1144301327148343
2006-08-17 00:00:00,1.114151581251032
2006-08-18 00:00:00,1.1196220415508509
2006-08-21 00:00:00,1.1119446926930365
2006-08-22 00:00:00,1.1184231518274084
2006-08-23 00:00:00,1.118553422750764
2006-08-24 00:00:00,1.1204902813499398
2006-08-25 00:00:00,1.1251358713664334
2006-08-28 00:00:00,1.1244204346065798
2006-08-29 00:00:00,1.123443862756616
2006-08-30 00:00:00,1.120930383979295
2006-08-31 00:00:00,1.1246942006566751
2006-09-01 00:00:00,1.1271998055650347
2006-09-05 00:00:00,1.1264453256792546
2006-09-06 00:00:00,1.1295256399445157
2006-09-07 00:00:00,1.1331621577850375
2006-09-08 00:00:00,1.135296297767109
2006-09-11 00:00:00,1.130580611513328
2006-09-12 00:00:00,1.1290119177751217
2006-09-13 00:00:00,1.1275765521607404
2006-09-14 00:00:00,1.1239918653325705
2006-09-15 00:00:00,1.1283407868597617
2006-09-18 00:00:00,1.125291980108504
2006-09-19 00:00:00,1.124804646662997
2006-09-20 00:00:00,1.1261576512719993
2006-09-21 00:00:00,1.1273236211518618
2006-09-22 00:00:00,1.1236640822387265
2006-09-25 00:00:00,1.129920624283485
2006-09-26 00:00:00,1.13289297635003
2006-09-27 00:00:00,1.1301053332804007
2006-09-28 00:00:00,1.1287400078920158
2006-09-29 00:00:00,1.1310427722206107
2006-10-02 00:00:00,1.1320338026137924
2006-10-03 00:00:00,1.1322414339832922
2006-10-04 00:00:00,1.1348262377906577
2006-10-05 00:00:00,1.130233896881356
2006-10-06 00:00:00,1.1350802422843862
2006-10-10 00:00:00,1.139223003185591
2006-10-11 00:00:00,1.1371925215058025
2006-10-12 00:00:00,1.1388820855974924
2006-10-13 00:00:00,1.1417386580996274
2006-10-16 00:00:00,1.1391734086753618
2006-10-17 00:00:00,1.1360490482955883
2006-10-18 00:00:00,1.1393815178605053
2006-10-19 00:00:00,1.1334956176541877
2006-10-20 00:00:00,1.1297438504305408
2006-10-23 00:00:00,1.1328885729735931
2006-10-24 00:00:00,1.131123929344077
2006-10-25 00:00:00,1.1312576724616896
2006-10-26 00:00:00,1.1266538496316552
2006-10-27 00:00:00,1.1224177661694903
2006-10-30 00:00:00,1.122134420225476
2006-10-31 00:00:00,1.118941788204832
2006-11-01 00:00:00,1.1182201749063154
2006-11-02 00:00:00,1.1170161164437789
2006-11-03 00:00:00,1.1186090289815478
2006-11-06 00:00:00,1.11700175286786
2006-11-07 00:00:00,1.1106246512920366
2006-11-08 00:00:00,1.1113458143591919
2006-11-09 00:00:00,1.1036026221122863
2006-11-10 00:00:00,1.1022089307114296
2006-11-13 00:00:00,1.1052620960094124
2006-11-14 00:00:00,1.1027425897343708
2006-11-15 00:00:00,1.1045292445066133
2006-11-16 00:00:00,1.1026863896029442
2006-11-17 00:00:00,1.1032527195910076
2006-11-20 00:00:00,1.105047515844805
2006-11-21 00:00:00,1.1058460706846074
2006-11-22 00:00:00,1.0966624825769145
2006-11-24 00:00:00,1.084079009949148
2006-11-27 00:00:00,1.0813820673049435
2006-11-28 00:00:00,1.0821719724012566
2006-11-29 00:00:00,1.0839452821239715
2006-11-30 00:00:00,1.0742938403831508
2006-12-01 00:00:00,1.0661878549123676
2006-12-04 00:00:00,1.066687745450026
2006-12-05 00:00:00,1.0686525562362295
2006-12-06 00:00:00,1.0716707691297283
2006-12-07 00:00:00,1.0693749080457067
2006-12-08 00:00:00,1.076302618776876
2006-12-11 00:00:00,1.0773547318520305
2006-12-12 00:00:00,1.0719085541164353
2006-12-13 00:00:00,1.0755296052951004
2006-12-14 00:00:00,1.078446997423808
2006-12-15 00:00:00,1.0824017775328567
2006-12-18 00:00:00,1.0840761734077438
2006-12-19 00:00:00,1.0731474642765877
2006-12-20 00:00:00,1.0733460260514986
2006-12-21 00:00:00,1.070219291590661
2006-12-22 00:00:00,1.0745057813674195
2006-12-26 00:00:00,1.0780879653760629
2006-12-27 00:00:00,1.0800299182299644
2006-12-28 00:00:00,1.0783348090343288
2006-12-29 00:00:00,1.0732986664169624
2007-01-02 00:00:00,1.066836857940121
2007-01-03 00:00:00,1.0755685995167934
2007-01-04 00:00:00,1.0850022259204077
2007-01-05 00:00:00,1.089737719484432
2007-01-08 00:00:00,1.092328262712533
2007-01-09 00:00:00,1.0952693375507623
2007-01-10 00:00:00,1.0987579773411644
2007-01-11 00:00:00,1.1019559321385093
2007-01-12 00:00:00,1.0962241214037711
2007-01-16 00:00:00,1.0937205335340052
2007-01-17 00:00:00,1.0944239641606017
2007-01-18 00:00:00,1.0973356580465772
2007-01-19 00:00:00,1.0948628312256203
2007-01-22 00:00:00,1.0963769889112038
2007-01-23 00:00:00,1.0884408570887891
2007-01-24 00:00:00,1.09075752361904
2007-01-25 00:00:00,1.091222705869668
2007-01-26 00:00:00,1.0967229487238899
2007-01-29 00:00:00,1.0910866744452117
2007-01-30 00:00:00,1.0885551806893763
2007-01-31 00:00:00,1.0877170788543633
2007-02-01 00:00:00,1.0851186138248436
2007-02-02 00:00:00,1.0903509046033077
2007-02-05 00:00:00,1.0980490451261815
2007-02-06 00:00:00,1.096042187513909
2007-02-07 00:00:00,1.0913861357760166
2007-02-08 00:00:00,1.087378490307435
2007-02-09 00:00:00,1.0907756822863321
2007-02-12 00:00:00,1.0959993595844786
2007-02-13 00:00:00,1.0948786707331444
2007-02-14 00:00:00,1.0864748793309549
2007-02-15 00:00:00,1.0946970494354853
2007-02-16 00:00:00,1.095430632353233
2007-02-20 00:00:00,1.0968698288488756
2007-02-21 00:00:00,1.1005452015122938
2007-02-22 00:00:00,1.1003080862459473
2007-02-23 00:00:00,1.0974064531736485
2007-02-26 00:00:00,1.09631348910483
2007-02-27 00:00:00,1.0873780704822906
2007-02-28 00:00:00,1.0904457259437381
2007-03-01 00:00:00,1.0963836321690161
2007-03-02 00:00:00,1.0952428933910816
2007-03-05 00:00:00,1.1025811220140478
2007-03-06 00:00:00,1.097534378265274
2007-03-07 00:00:00,1.0953592267518593
2007-03-08 00:00:00,1.0991220481578061
2007-03-09 00:00:00,1.1008715904326913
2007-03-12 00:00:00,1.0956351069240076
2007-03-13 00:00:00,1.0937491757755684
2007-03-14 00:00:00,1.0934978705464358
2007-03-15 00:00:00,1.088770824717643
2007-03-16 00:00:00,1.0862128676227656
2007-03-19 00:00:00,1.0883214451350534
2007-03-20 00:00:00,1.0882882307305186
2007-03-21 00:00:00,1.0880924772432738
2007-03-22 00:00:00,1.0853798015135663
2007-03-23 00:00:00,1.08764272169666
2007-03-26 00:00:00,1.0871793227534674
2007-03-27 00:00:00,1.0870065399059623
2007-03-28 00:00:00,1.0907145378507603
2007-03-29 00:00:00,1.0883108899237521
2007-03-30 00:00:00,1.0875464710070217
2007-04-02 00:00:00,1.0900376419543745
2007-04-03 00:00:00,1.0897271705401066
2007-04-04 00:00:00,1.0846146937849372
2007-04-05 00:00:00,1.0783475826712459
2007-04-06 00:00:00,1.081626252995384
2007-04-09 00:00:00,1.0827107417890247
2007-04-10 00:00:00,1.077346203148517
2007-04-11 00:00:00,1.0775752482117265
2007-04-12 00:00:00,1.0739840063863948
2007-04-13 00:00:00,1.073975545596785
2007-04-16 00:00:00,1.0648504387639186
2007-04-17 00:00:00,1.063394329770845
2007-04-18 00:00:00,1.0629933983563191
2007-04-19 00:00:00,1.0606536407170315
2007-04-20 00:00:00,1.0597299885144007
2007-04-23 00:00:00,1.060800594296867
2007-04-24 00:00:00,1.0586486755460314
2007-04-25 00:00:00,1.0540556264893746
2007-04-26 00:00:00,1.0563798336234027
2007-04-27 00:00:00,1.0535656412633512
2007-04-30 00:00:00,1.0516943195905244
2007-05-01 00:00:00,1.0535030808750248
2007-05-02 00:00:00,1.053069234795915
2007-05-03 00:00:00,1.0558977198132071
2007-05-04 00:00:00,1.0579982910515053
2007-05-07 00:00:00,1.0555722988177203
2007-05-08 00:00:00,1.0626093463509771
2007-05-09 00:00:00,1.063756252583392
2007-05-10 00:00:00,1.0664251400448683
2007-05-11 00:00:00,1.0677064828498923
2007-05-14 00:00:00,1.0650312789923937
2007-05-15 00:00:00,1.0581376900530424
2007-05-16 00:00:00,1.0649306347590743
2007-05-17 00:00:00,1.0683055920310447
2007-05-18 00:00:00,1.0660256410340472
2007-05-21 00:00:00,1.069909899451169
2007-05-22 00:00:00,1.0659736886489641
2007-05-23 00:00:00,1.0663068727997742
2007-05-24 00:00:00,1.0684957621128777
2007-05-25 00:00:00,1.0675911793861317
2007-05-29 00:00:00,1.072753480162181
2007-05-30 00:00:00,1.0797855642226728
2007-05-31 00:00:00,1.0775456039228153
2007-06-01 00:00:00,1.0786945061305049
2007-06-04 00:00:00,1.077077554567952
2007-06-05 00:00:00,1.0735836448969407
2007-06-06 00:00:00,1.0777220507703045
2007-06-07 00:00:00,1.0783153568273656
2007-06-08 00:00:00,1.0865778997630882
2007-06-11 00:00:00,1.0861743666633756
2007-06-12 00:00:00,1.0939358863687199
2007-06-13 00:00:00,1.094605363998737
2007-06-14 00:00:00,1.0955223060803008
2007-06-15 00:00:00,1.0910441090052758
2007-06-18 00:00:00,1.0907018307917955
2007-06-19 00:00:00,1.087614415626505
2007-06-20 00:00:00,1.07410795589739
2007-06-21 00:00:00,1.0750508373109546
2007-06-22 00:00:00,1.071881408920559
2007-06-25 00:00:00,1.0715495191762616
2007-06-26 00:00:00,1.072414550964603
2007-06-27 00:00:00,1.0731343751952969
2007-06-28 00:00:00,1.0688204595933088
2007-06-29 00:00:00,1.0675567655189602
2007-07-02 00:00:00,1.0611529988586872
2007-07-03 00:00:00,1.0579419163115151
2007-07-05 00:00:00,1.0543577522334437
2007-07-06 00:00:00,1.0533272261950057
2007-07-09 00:00:00,1.055166948412721
2007-07-10 00:00:00,1.0482212797505568
2007-07-11 00:00:00,1.0445437058920632
2007-07-12 00:00:00,1.0416964407085367
2007-07-13 00:00:00,1.0405468694013809
2007-07-16 00:00:00,1.0409923438981443
2007-07-17 00:00:00,1.0428480310192025
2007-07-18 00:00:00,1.0421380810320893
2007-07-19 00:00:00,1.041375749814861
2007-07-20 00:00:00,1.0393881811415364
2007-07-23 00:00:00,1.0427119257446802
2007-07-24 00:00:00,1.0432183911240502
2007-07-25 00:00:00,1.0514292427862053
2007-07-26 00:00:00,1.0527496812590058
2007-07-27 00:00:00,1.0537416521539833
2007-07-30 00:00:00,1.051585796994523
2007-07-31 00:00:00,1.050249590040764
2007-08-01 00:00:00,1.0559341332428813
2007-08-02 00:00:00,1.0526049637378745
2007-08-03 00:00:00,1.0479639331427528
2007-08-06 00:00:00,1.047541102252302
2007-08-07 00:00:00,1.0515102098782858
2007-08-08 00:00:00,1.0474787961310654
2007-08-09 00:00:00,1.0548635736089869
2007-08-10 00:00:00,1.0572338574100641
2007-08-13 00:00:00,1.0653072967447321
2007-08-14 00:00:00,1.0681943592141594
2007-08-15 00:00:00,1.0781366634535303
2007-08-16 00:00:00,1.0837303864296635
2007-08-17 00:00:00,1.0734940263118948
2007-08-20 00:00:00,1.0770513147542728
2007-08-21 00:00:00,1.0794448212186278
2007-08-22 00:00:00,1.0751001532286815
2007-08-23 00:00:00,1.073695104196078
2007-08-24 00:00:00,1.0679592223462455
2007-08-27 00:00:00,1.0679508454177011
2007-08-28 00:00:00,1.0705168815292636
2007-08-29 00:00:00,1.066743355992282
2007-08-30 00:00:00,1.068369764738672
2007-08-31 00:00:00,1.0694872477193982
2007-09-03 00:00:00,1.06943081629491
2007-09-04 00:00:00,1.0708549632237276
2007-09-05 00:00:00,1.0673996278632616
2007-09-06 00:00:00,1.0616073170006013
2007-09-07 00:00:00,1.0575963563361395
2007-09-10 00:00:00,1.0563449816439956
2007-09-11 00:00:00,1.0518984486192329
2007-09-12 00:00:00,1.0426418187450444
2007-09-13 00:00:00,1.042279493739166
2007-09-14 00:00:00,1.046030971436066
2007-09-17 00:00:00,1.0456585179727447
2007-09-18 00:00:00,1.0449566690363048
2007-09-19 00:00:00,1.036806761140177
2007-09-20 00:00:00,1.0249200118769728
2007-09-21 00:00:00,1.0240269104206254
2007-09-24 00:00:00,1.0219585382608651
2007-09-25 00:00:00,1.0221424304311835
2007-09-26 00:00:00,1.0247340873713988
2007-09-27 00:00:00,1.0228296880475942
2007-09-28 00:00:00,1.0165200195203077
2007-10-01 00:00:00,1.0127309587764166
2007-10-02 00:00:00,1.0201484144471225
2007-10-03 00:00:00,1.0195422271786565
2007-10-04 00:00:00,1.021306715711501
2007-10-05 00:00:00,1.0158051510505002
2007-10-08 00:00:00,1.0157487196260122
2007-10-09 00:00:00,1.0192359912114501
2007-10-10 00:00:00,1.0129761335392076
2007-10-11 00:00:00,1.0061715101946564
2007-10-12 00:00:00,1.0091178840293686
2007-10-15 00:00:00,1.0071905390738503
2007-10-16 00:00:00,1.0139737131040376
2007-10-17 00:00:00,1.0119174495892058
2007-10-18 00:00:00,1.0073657579838284
2007-10-19 00:00:00,1.0093433555477267
2007-10-22 00:00:00,1.0211369663550296
2007-10-23 00:00:00,1.0124410273915574
2007-10-24 00:00:00,1.0161390237598917
2007-10-25 00:00:00,1.0100079962404522
2007-10-26 00:00:00,1.0026665773720642
2007-10-29 00:00:00,1.0028743853783664
2007-10-30 00:00:00,1.0002803368269402
2007-10-31 00:00:00,0.9995802306626914
2007-11-01 00:00:00,1.0065120707204838
2007-11-02 00:00:00,1.005130373446596
2007-11-05 00:00:00,1.005833694788922
2007-11-06 00:00:00,0.9981626531568002
2007-11-07 00:00:00,0.9905450062011465
2007-11-08 00:00:00,0.990331471522242
2007-11-09 00:00:00,0.9942853425776625
2007-11-13 00:00:00,0.9969248608422638
2007-11-14 00:00:00,0.9877990254587559
2007-11-15 00:00:00,0.9918450986277448
2007-11-16 00:00:00,0.9938330389836503
2007-11-19 00:00:00,0.9939748694863758
2007-11-20 00:00:00,0.9875158570864787
2007-11-21 00:00:00,0.9890650598328828
2007-11-22 00:00:00,0.9890086284083948
2007-11-23 00:00:00,0.9857928402094783
2007-11-26 00:00:00,0.9807370713133966
2007-11-27 00:00:00,0.9887534629396904
2007-11-28 00:00:00,0.9947393379228986
2007-11-29 00:00:00,0.9969788509547763
2007-11-30 00:00:00,1.0011591705335174
2007-12-03 00:00:00,1.004098513260455
2007-12-04 00:00:00,0.9986742207396052
2007-12-05 00:00:00,1.0043725121105396
2007-12-06 00:00:00,1.0059564764178435
2007-12-07 00:00:00,1.003347219401856
2007-12-10 00:00:00,1.0019741323409925
2007-12-11 00:00:00,1.0033312186418193
2007-12-12 00:00:00,1.0043526757083097
2007-12-13 00:00:00,1.0126633031722025
2007-12-14 00:00:00,1.0178299549267078
2007-12-17 00:00:00,1.0262016421005742
2007-12-18 00:00:00,1.0258301319068166
2007-12-19 00:00:00,1.0310989173730742
2007-12-20 00:00:00,1.0278003858530014
2007-12-21 00:00:00,1.0286709052643348
2007-12-24 00:00:00,1.0272690884523648
2007-12-26 00:00:00,1.0190110682921458
2007-12-27 00:00:00,1.0144919897520908
2007-12-28 00:00:00,1.0039665062056722
2007-12-31 00:00:00,1.0105095987900325
2008-01-02 00:00:00,1.002195145320836
2008-01-03 00:00:00,0.9962986735000205
2008-01-04 00:00:00,0.9934979817726654
2008-01-07 00:00:00,1.0000135114251876
2008-01-08 00:00:00,0.9989962694868106
2008-01-09 00:00:00,1.0052787551156435
2008-01-10 00:00:00,0.9956515884981763
2008-01-11 00:00:00,0.9943859567487555
2008-01-14 00:00:00,0.9893031629138145
2008-01-15 00:00:00,0.9929476539130843
2008-01-16 00:00:00,1.0075724972527635
2008-01-17 00:00:00,1.0042663086122066
2008-01-18 00:00:00,1.0085103207032884
2008-01-22 00:00:00,1.0157524112003629
2008-01-23 00:00:00,1.0193531321361955
2008-01-24 00:00:00,1.0046732138187686
2008-01-25 00:00:00,1.0094687185075668
2008-01-28 00:00:00,1.0012635037282278
2008-01-29 00:00:00,1.0010962914177577
2008-01-30 00:00:00,0.9976197674669633
2008-01-31 00:00:00,0.9981769979907945
2008-02-01 00:00:00,0.9946787263291345
2008-02-04 00:00:00,0.9911819973549946
2008-02-05 00:00:00,1.0073167847247595
2008-02-06 00:00:00,1.004316478024102
2008-02-07 00:00:00,1.016426890076882
2008-02-08 00:00:00,1.0135150176461163
2008-02-11 00:00:00,1.014922158835132
2008-02-12 00:00:00,1.0058047017634628
2008-02-13 00:00:00,1.002630786537473
2008-02-14 00:00:00,0.9977938308995358
2008-02-15 00:00:00,0.992792186373855
2008-02-19 00:00:00,0.9881338704332933
2008-02-20 00:00:00,0.9940717707692871
2008-02-21 00:00:00,0.9845491181344957
2008-02-22 00:00:00,0.9853381213195784
2008-02-25 00:00:00,0.9852816898950905
2008-02-26 00:00:00,0.9793752234822134
2008-02-27 00:00:00,0.9666725964108888
2008-02-28 00:00:00,0.9680750287077754
2008-02-29 00:00:00,0.9676468783744512
2008-03-03 00:00:00,0.9652940005959338
2008-03-04 00:00:00,0.9657754291663382
2008-03-05 00:00:00,0.960221284244169
2008-03-06 00:00:00,0.9569502206432561
2008-03-07 00:00:00,0.9616923456092377
2008-03-10 00:00:00,0.9594320295905696
2008-03-11 00:00:00,0.9607052242512074
2008-03-12 00:00:00,0.9527820874034651
2008-03-13 00:00:00,0.9496000706688599
2008-03-14 00:00:00,0.9492654820517875
2008-03-17 00:00:00,0.9416829027104483
2008-03-18 00:00:00,0.9385535506568162
2008-03-19 00:00:00,0.9416799788577612
2008-03-20 00:00:00,0.9587535557970941
2008-03-21 00:00:00,0.9557204340961895
2008-03-24 00:00:00,0.9609360475273506
2008-03-25 00:00:00,0.9440538895494541
2008-03-26 00:00:00,0.9355673227015663
2008-03-27 00:00:00,0.9323525164769522
2008-03-28 00:00:00,0.9329677986926339
2008-03-31 00:00:00,0.9300259019598945
2008-04-01 00:00:00,0.941391897173843
2008-04-02 00:00:00,0.9388331120316498
2008-04-03 00:00:00,0.9349424751954087
2008-04-04 00:00:00,0.9327335848550741
2008-04-07 00:00:00,0.9331084256923954
2008-04-08 00:00:00,0.9336901980066514
2008-04-09 00:00:00,0.9292770134446211
2008-04-10 00:00:00,0.9337367522858075
2008-04-11 00:00:00,0.9331380843120113
2008-04-14 00:00:00,0.930104313507956
2008-04-15 00:00:00,0.9318429178509304
2008-04-16 00:00:00,0.9194551279615834
2008-04-17 00:00:00,0.9245415459059058
2008-04-18 00:00:00,0.9351799888257543
2008-04-21 00:00:00,0.9229649033922382
2008-04-22 00:00:00,0.9125355712080971
2008-04-23 00:00:00,0.9188281526987061
2008-04-24 00:00:00,0.9306153293943172
2008-04-25 00:00:00,0.9353105144498659
2008-04-28 00:00:00,0.9352540830253779
2008-04-29 00:00:00,0.9388799573027518
2008-04-30 00:00:00,0.9375466588499185
2008-05-01 00:00:00,0.9469137957369764
2008-05-02 00:00:00,0.9495110194428865
2008-05-05 00:00:00,0.9448318461424101
2008-05-06 00:00:00,0.9390855658213282
2008-05-07 00:00:00,0.9479550637324015
2008-05-08 00:00:00,0.9432465301819433
2008-05-09 00:00:00,0.9391206685159836
2008-05-12 00:00:00,0.9346104346053967
2008-05-13 00:00:00,0.9372597158492988
2008-05-14 00:00:00,0.9408809120019563
2008-05-15 00:00:00,0.9430734495355879
2008-05-16 00:00:00,0.9334793599955095
2008-05-19 00:00:00,0.9355010691022627
2008-05-20 00:00:00,0.9268352787578473
2008-05-21 00:00:00,0.9236416804886524
2008-05-22 00:00:00,0.9271251972950931
2008-05-23 00:00:00,0.9209259220309385
2008-05-27 00:00:00,0.9235048332187517
2008-05-28 00:00:00,0.934481346907079
2008-05-29 00:00:00,0.9372854147591563
2008-05-30 00:00:00,0.9371344369109563
2008-06-02 00:00:00,0.9417978648892327
2008-06-03 00:00:00,0.943641064622096
2008-06-04 00:00:00,0.9439419007117599
2008-06-05 00:00:00,0.9354566262596757
2008-06-06 00:00:00,0.9254160957029469
2008-06-09 00:00:00,0.9290261776346241
2008-06-10 00:00:00,0.9445229082263139
2008-06-11 00:00:00,0.939965241161071
2008-06-12 00:00:00,0.9509213078968288
2008-06-13 00:00:00,0.9519946748321791
2008-06-16 00:00:00,0.9432108718033395
2008-06-17 00:00:00,0.941800796073537
2008-06-18 00:00:00,0.944943241637974
2008-06-19 00:00:00,0.9461540968849662
2008-06-20 00:00:00,0.9394763116992124
2008-06-23 00:00:00,0.9470587563606883
2008-06-24 00:00:00,0.9424992538698987
2008-06-25 00:00:00,0.9429090628533086
2008-06-26 00:00:00,0.9331853120244618
2008-06-27 00:00:00,0.9336993322942355
2008-06-30 00:00:00,0.939857217588693
2008-07-01 00:00:00,0.9345515021930116
2008-07-02 00:00:00,0.9315781539418594
2008-07-03 00:00:00,0.9344702464707538
2008-07-07 00:00:00,0.9377365463956688
2008-07-08 00:00:00,0.9406990211671817
2008-07-09 00:00:00,0.9366654839482813
2008-07-10 00:00:00,0.9360583860783507
2008-07-11 00:00:00,0.9291678353756632
2008-07-14 00:00:00,0.9297498219421411
2008-07-15 00:00:00,0.9298688052611406
2008-07-16 00:00:00,0.9370118741043785
2008-07-17 00:00:00,0.9301543716217882
2008-07-18 00:00:00,0.9292688319078442
2008-07-21 00:00:00,0.928381843775199
2008-07-22 00:00:00,0.9342511355487436
2008-07-23 00:00:00,0.9393448834534857
2008-07-24 00:00:00,0.9418891571495268
2008-07-25 00:00:00,0.9414443142956621
2008-07-28 00:00:00,0.9364033643839877
2008-07-29 00:00:00,0.9477837081471372
2008-07-30 00:00:00,0.9449905439553806
2008-07-31 00:00:00,0.9436524932448354
2008-08-01 00:00:00,0.9474150827312453
2008-08-04 00:00:00,0.9470057795550286
2008-08-05 00:00:00,0.951394343384019
2008-08-06 00:00:00,0.9519759606172689
2008-08-07 00:00:00,0.9527840503989308
2008-08-08 00:00:00,0.9716093247009274
2008-08-11 00:00:00,0.9769159537560815
2008-08-12 00:00:00,0.9796816125528169
2008-08-13 00:00:00,0.9781375500681943
2008-08-14 00:00:00,0.9801823934311931
2008-08-15 00:00:00,0.9890354894615181
2008-08-18 00:00:00,0.9861320920679042
2008-08-19 00:00:00,0.9906388190294723
2008-08-20 00:00:00,0.9917784004905408
2008-08-21 00:00:00,0.9792294668466455
2008-08-22 00:00:00,0.9822616618784159
2008-08-25 00:00:00,0.982828911208486
2008-08-26 00:00:00,0.9921633437400447
2008-08-27 00:00:00,0.9944032495154657
2008-08-28 00:00:00,0.9961643469097603
2008-08-29 00:00:00,0.9986699935636443
2008-09-02 00:00:00,1.0076321528139434
2008-09-03 00:00:00,1.0120226553942218
2008-09-04 00:00:00,1.0184999221932634
2008-09-05 00:00:00,1.0232955769870475
2008-09-08 00:00:00,1.0333858903780553
2008-09-09 00:00:00,1.0338581545796592
2008-09-10 00:00:00,1.042615458201596
2008-09-11 00:00:00,1.0496191289326091
2008-09-12 00:00:00,1.0343550801379955
2008-09-15 00:00:00,1.0392061170516929
2008-09-16 00:00:00,1.0438039979801024
2008-09-17 00:00:00,1.0467812227305235
2008-09-18 00:00:00,1.0295071081386116
2008-09-19 00:00:00,1.0248416854900735
2008-09-22 00:00:00,1.0076042487769463
2008-09-23 00:00:00,1.0111133834437076
2008-09-24 00:00:00,1.0190516387888535
2008-09-25 00:00:00,1.017653450825943
2008-09-26 00:00:00,1.023467014058468
2008-09-29 00:00:00,1.0421281533416935
2008-09-30 00:00:00,1.0615747373520283
2008-10-01 00:00:00,1.0573636202637628
2008-10-02 00:00:00,1.0684359498567622
2008-10-03 00:00:00,1.0716331339971785
2008-10-06 00:00:00,1.0920108790766192
2008-10-07 00:00:00,1.0764706767014236
2008-10-08 00:00:00,1.0767647110091076
2008-10-09 00:00:00,1.0769455175531397
2008-10-10 00:00:00,1.0865402668868227
2008-10-14 00:00:00,1.0832297832126516
2008-10-15 00:00:00,1.104910911700962
2008-10-16 00:00:00,1.1160032891220135
2008-10-17 00:00:00,1.1107444113287737
2008-10-20 00:00:00,1.1190935563236515
2008-10-21 00:00:00,1.1374527912847419
2008-10-22 00:00:00,1.1527445664279259
2008-10-23 00:00:00,1.1431071491934202
2008-10-24 00:00:00,1.1556141580719714
2008-10-27 00:00:00,1.1750897185759952
2008-10-28 00:00:00,1.171536456842459
2008-10-29 00:00:00,1.1385476932471805
2008-10-30 00:00:00,1.1406931471984978
2008-10-31 00:00:00,1.1479322256476077
2008-11-03 00:00:00,1.143962616777313
2008-11-04 00:00:00,1.1300001399958945
2008-11-05 00:00:00,1.1385055100183383
2008-11-06 00:00:00,1.1549503996716977
2008-11-07 00:00:00,1.1543432797661415
2008-11-10 00:00:00,1.1510113132299244
2008-11-12 00:00:00,1.1711648927060163
2008-11-13 00:00:00,1.1694667162746133
2008-11-14 00:00:00,1.1542461232930956
2008-11-17 00:00:00,1.161308147191144
2008-11-18 00:00:00,1.1665766256452248
2008-11-19 00:00:00,1.1769352855072093
2008-11-20 00:00:00,1.188519078406709
2008-11-21 00:00:00,1.2037799658243873
2008-11-24 00:00:00,1.1709235939250913
2008-11-25 00:00:00,1.1543832593973964
2008-11-26 00:00:00,1.173427098601239
2008-11-28 00:00:00,1.1772503766379063
2008-12-01 00:00:00,1.190966183151227
2008-12-02 00:00:00,1.1802343727186457
2008-12-03 00:00:00,1.1834331009744927
2008-12-04 00:00:00,1.1834104169211708
2008-12-05 00:00:00,1.207054258342184
2008-12-08 00:00:00,1.170870611903768
2008-12-09 00:00:00,1.1802757066635552
2008-12-10 00:00:00,1.1755075900339313
2008-12-11 00:00:00,1.1629229405266408
2008-12-12 00:00:00,1.1730495556804366
2008-12-15 00:00:00,1.168835611702168
2008-12-16 00:00:00,1.1742799496001708
2008-12-17 00:00:00,1.1361088810817628
2008-12-18 00:00:00,1.136494571191597
2008-12-19 00:00:00,1.1520920598889406
2008-12-22 00:00:00,1.1533858299604642
2008-12-23 00:00:00,1.163488822754284
2008-12-24 00:00:00,1.168923493378755
2008-12-26 00:00:00,1.1663575657464638
2008-12-29 00:00:00,1.141439362588466
2008-12-30 00:00:00,1.1462830088135287
2008-12-31 00:00:00,1.1544928591588843
2009-01-02 00:00:00,1.1458056169406947
2009-01-05 00:00:00,1.1584385786467293
2009-01-06 00:00:00,1.1538210019926216
2009-01-07 00:00:00,1.143967925798757
2009-01-08 00:00:00,1.1508531086977374
2009-01-09 00:00:00,1.1588983513183313
2009-01-12 00:00:00,1.1706202206203582
2009-01-13 00:00:00,1.1858857110626833
2009-01-14 00:00:00,1.1983737296546813
2009-01-15 00:00:00,1.1953784115113073
2009-01-16 00:00:00,1.182288145118825
2009-01-20 00:00:00,1.1980275341591162
2009-01-21 00:00:00,1.1936404535623106
2009-01-22 00:00:00,1.1847956581299008
2009-01-23 00:00:00,1.1861156588810764
2009-01-26 00:00:00,1.163158211263557
2009-01-27 00:00:00,1.1716387245746824
2009-01-28 00:00:00,1.1604399968811028
2009-01-29 00:00:00,1.174979650578642
2009-01-30 00:00:00,1.1953002897238272
2009-02-02 00:00:00,1.1967305087994238
2009-02-03 00:00:00,1.1863943289840138
2009-02-04 00:00:00,1.187937795724348
2009-02-05 00:00:00,1.18719424052562
2009-02-06 00:00:00,1.179258538800008
2009-02-09 00:00:00,1.1632422596398295
2009-02-10 00:00:00,1.1811998671190982
2009-02-11 00:00:00,1.1963596736276751
2009-02-12 00:00:00,1.2000390474561577
2009-02-13 00:00:00,1.1935435628574507
2009-02-17 00:00:00,1.229614705379443
2009-02-18 00:00:00,1.224951346231447
2009-02-19 00:00:00,1.2226856288502832
2009-02-20 00:00:00,1.2281463018048921
2009-02-23 00:00:00,1.225033162843446
2009-02-24 00:00:00,1.2367053901981568
2009-02-25 00:00:00,1.2363427628158448
2009-02-26 00:00:00,1.2366636934157889
2009-02-27 00:00:00,1.2437137899472173
2009-03-02 00:00:00,1.2553667887649593
2009-03-03 00:00:00,1.2604597044585857
2009-03-04 00:00:00,1.2471347452843675
2009-03-05 00:00:00,1.261221895391504
2009-03-06 00:00:00,1.2555227445674704
2009-03-09 00:00:00,1.2493020940650306
2009-03-10 00:00:00,1.2335110231582551
2009-03-11 00:00:00,1.2265925795568609
2009-03-12 00:00:00,1.2228567067629004
2009-03-13 00:00:00,1.215033026231744
2009-03-16 00:00:00,1.2000080054871232
2009-03-17 00:00:00,1.204637985724645
2009-03-18 00:00:00,1.1945535842481763
2009-03-19 00:00:00,1.1586260540099123
2009-03-20 00:00:00,1.1767646304569963
2009-03-23 00:00:00,1.1665841113878246
2009-03-24 00:00:00,1.1705035742829022
2009-03-25 00:00:00,1.1684778742593056
2009-03-26 00:00:00,1.163277363640013
2009-03-27 00:00:00,1.1753672387751064
2009-03-30 00:00:00,1.1904419154474424
2009-03-31 00:00:00,1.1837528434423634
2009-04-01 00:00:00,1.1808560183186911
2009-04-02 00:00:00,1.16395610186903
2009-04-03 00:00:00,1.161452630538817
2009-04-06 00:00:00,1.166640456639107
2009-04-07 00:00:00,1.176478213934771
2009-04-08 00:00:00,1.1812861606870677
2009-04-09 00:00:00,1.188247992293356
2009-04-10 00:00:00,1.184861936549131
2009-04-13 00:00:00,1.1761930530627787
2009-04-14 00:00:00,1.1748861255787082
2009-04-15 00:00:00,1.1878253717378757
2009-04-16 00:00:00,1.1876868672152263
2009-04-17 00:00:00,1.199288656002979
2009-04-20 00:00:00,1.2165218831552382
2009-04-21 00:00:00,1.2045954172534552
2009-04-22 00:00:00,1.1963003189243533
2009-04-23 00:00:00,1.1922620101798251
2009-04-24 00:00:00,1.1683655112749936
2009-04-27 00:00:00,1.1716060624329574
2009-04-28 00:00:00,1.178826185460424
2009-04-29 00:00:00,1.1621877367575792
2009-04-30 00:00:00,1.1598215176726943
2009-05-01 00:00:00,1.1643784295893205
2009-05-04 00:00:00,1.1531945731035742
2009-05-05 00:00:00,1.15431174152336
2009-05-06 00:00:00,1.1545526116869511
2009-05-07 00:00:00,1.1464825282363653
2009-05-08 00:00:00,1.1369851999669296
2009-05-11 00:00:00,1.138926884890889
2009-05-12 00:00:00,1.143540050978051
2009-05-13 00:00:00,1.1491276348350608
2009-05-14 00:00:00,1.1466972927743828
2009-05-15 00:00:00,1.147568455896177
2009-05-18 00:00:00,1.1409029590117374
2009-05-19 00:00:00,1.1321020022178627
2009-05-20 00:00:00,1.1204818141981647
2009-05-21 00:00:00,1.1207805365806986
2009-05-22 00:00:00,1.1088332500874623
2009-05-26 00:00:00,1.118690316806736
2009-05-27 00:00:00,1.1275473689773154
2009-05-28 00:00:00,1.1327093469787983
2009-05-29 00:00:00,1.1246365556704565
2009-06-01 00:00:00,1.101318285485684
2009-06-02 00:00:00,1.1132378303613262
2009-06-03 00:00:00,1.127690822676033
2009-06-04 00:00:00,1.1266276125107209
2009-06-05 00:00:00,1.1383244559936505
2009-06-08 00:00:00,1.1460701622445804
2009-06-09 00:00:00,1.1325249914779052
2009-06-10 00:00:00,1.130498947398527
2009-06-11 00:00:00,1.127120143441483
2009-06-12 00:00:00,1.1263374894636877
2009-06-15 00:00:00,1.1494904120457052
2009-06-16 00:00:00,1.1435287224966444
2009-06-17 00:00:00,1.1533391030939382
2009-06-18 00:00:00,1.1465272661212476
2009-06-19 00:00:00,1.1455439011626927
2009-06-22 00:00:00,1.1600468444469507
2009-06-23 00:00:00,1.153014421673018
2009-06-24 00:00:00,1.1449148458821092
2009-06-25 00:00:00,1.1540154737075383
2009-06-26 00:00:00,1.1393228791260728
2009-06-29 00:00:00,1.1337509696551955
2009-06-30 00:00:00,1.1335902055796
2009-07-01 00:00:00,1.1169057513582032
2009-07-02 00:00:00,1.136236868077441
2009-07-03 00:00:00,1.1375242838768787
2009-07-06 00:00:00,1.144812866260445
2009-07-07 00:00:00,1.1488602506724113
2009-07-08 00:00:00,1.158247461718389
2009-07-09 00:00:00,1.1442020776935489
2009-07-10 00:00:00,1.1542636769260624
2009-07-13 00:00:00,1.1488434864096744
2009-07-14 00:00:00,1.1471028226004047
2009-07-15 00:00:00,1.1367819289583831
2009-07-16 00:00:00,1.1405171000442864
2009-07-17 00:00:00,1.1424526138948652
2009-07-20 00:00:00,1.1362839160645564
2009-07-21 00:00:00,1.1255110419841832
2009-07-22 00:00:00,1.1205170608589143
2009-07-23 00:00:00,1.1043760725710052
2009-07-24 00:00:00,1.1061874014989819
2009-07-27 00:00:00,1.1031668691795427
2009-07-28 00:00:00,1.1033258563527555
2009-07-29 00:00:00,1.110310581689693
2009-07-30 00:00:00,1.1011873640879937
2009-07-31 00:00:00,1.080375128494769
2009-08-03 00:00:00,1.0661894695260223
2009-08-04 00:00:00,1.0731388481564235
2009-08-05 00:00:00,1.0730713409895383
2009-08-06 00:00:00,1.0725383594705773
2009-08-07 00:00:00,1.0757178072837335
2009-08-10 00:00:00,1.0844602809866
2009-08-11 00:00:00,1.0924508437557081
2009-08-12 00:00:00,1.0775890147662999
2009-08-13 00:00:00,1.0718456884342806
2009-08-14 00:00:00,1.076840999186734
2009-08-17 00:00:00,1.086846973530549
2009-08-18 00:00:00,1.0864592706826999
2009-08-19 00:00:00,1.0753213464082396
2009-08-20 00:00:00,1.0733135741512092
2009-08-21 00:00:00,1.0581423556895089
2009-08-24 00:00:00,1.0591863103376924
2009-08-25 00:00:00,1.0585571361640533
2009-08-26 00:00:00,1.0701148437278625
2009-08-27 00:00:00,1.0709482127807604
2009-08-28 00:00:00,1.062164315112798
2009-08-31 00:00:00,1.0674210454695738
2009-09-01 00:00:00,1.0823725277534855
2009-09-02 00:00:00,1.0791207124723554
2009-09-03 00:00:00,1.0794338937335994
2009-09-04 00:00:00,1.075424208702156
2009-09-08 00:00:00,1.0587135593929213
2009-09-09 00:00:00,1.054724125005702
2009-09-10 00:00:00,1.0585778076709775
2009-09-11 00:00:00,1.0542759941016253
2009-09-14 00:00:00,1.054404572505458
2009-09-15 00:00:00,1.0519596555829933
2009-09-16 00:00:00,1.04088266294748
2009-09-17 00:00:00,1.0379971083561828
2009-09-18 00:00:00,1.038277352508167
2009-09-21 00:00:00,1.0435350323773736
2009-09-22 00:00:00,1.0307915091872843
2009-09-23 00:00:00,1.035491617000525
2009-09-24 00:00:00,1.0419513768795319
2009-09-25 00:00:00,1.0464061741423833
2009-09-28 00:00:00,1.047302442315384
2009-09-29 00:00:00,1.0564569973324107
2009-09-30 00:00:00,1.0507686979910764
2009-10-01 00:00:00,1.0583488794811102
2009-10-02 00:00:00,1.0578694188316893
2009-10-05 00:00:00,1.0583616963574403
2009-10-06 00:00:00,1.0450680297747963
2009-10-07 00:00:00,1.057104844582149
2009-10-08 00:00:00,1.048305146977201
2009-10-09 00:00:00,1.054751819482374
2009-10-13 00:00:00,1.0499327746488885
2009-10-14 00:00:00,1.0437695817673278
2009-10-15 00:00:00,1.0438669377448657
2009-10-16 00:00:00,1.0496469018568717
2009-10-19 00:00:00,1.0449940893755798
2009-10-20 00:00:00,1.048892258806604
2009-10-21 00:00:00,1.0325160503173791
2009-10-22 00:00:00,1.035088086586643
2009-10-23 00:00:00,1.0278213064331467
2009-10-26 00:00:00,1.0314952958075396
2009-10-27 00:00:00,1.0474289164776909
2009-10-28 00:00:00,1.057481640206717
2009-10-29 00:00:00,1.0506054684246207
2009-10-30 00:00:00,1.0583043736861557
2009-11-02 00:00:00,1.0520810851782998
2009-11-03 00:00:00,1.0677853499738894
2009-11-04 00:00:00,1.056181550027633
2009-11-05 00:00:00,1.0531942528454024
2009-11-06 00:00:00,1.052849333216768
2009-11-09 00:00:00,1.0343384568512224
2009-11-10 00:00:00,1.0336898533873575
2009-11-12 00:00:00,1.0392310200347776
2009-11-13 00:00:00,1.0332019129997652
2009-11-16 00:00:00,1.0274905206179354
2009-11-17 00:00:00,1.0395863452696945
2009-11-18 00:00:00,1.0302025717420515
2009-11-19 00:00:00,1.0392231793792774
2009-11-20 00:00:00,1.0439672874162922
2009-11-23 00:00:00,1.0375693886750357
2009-11-24 00:00:00,1.045371731406307
2009-11-25 00:00:00,1.0368577120356328
2009-11-27 00:00:00,1.0479618727030566
2009-11-30 00:00:00,1.0504631259462731
2009-12-01 00:00:00,1.04024453033929
2009-12-02 00:00:00,1.0362482882304356
2009-12-03 00:00:00,1.0325288238479302
2009-12-04 00:00:00,1.047539741054823
2009-12-07 00:00:00,1.0564140294402566
2009-12-08 00:00:00,1.063886593036983
2009-12-09 00:00:00,1.064412081292171
2009-12-10 00:00:00,1.0616965226797221
2009-12-11 00:00:00,1.0663403841770887
2009-12-14 00:00:00,1.0622922485994724
2009-12-15 00:00:00,1.0713892612897493
2009-12-16 00:00:00,1.069064213989883
2009-12-17 00:00:00,1.0840140571438877
2009-12-18 00:00:00,1.0830530810428896
2009-12-21 00:00:00,1.0806349347531867
2009-12-22 00:00:00,1.0871680737447411
2009-12-23 00:00:00,1.0814962794531042
2009-12-24 00:00:00,1.0824969375907063
2009-12-28 00:00:00,1.0743491002801862
2009-12-29 00:00:00,1.0728639643929976
2009-12-30 00:00:00,1.0695160258705718
2009-12-31 00:00:00,1.067493583250637
2010-01-04 00:00:00,1.0573562880512586
2010-01-05 00:00:00,1.0605346150480444
2010-01-06 00:00:00,1.0585019790130235
2010-01-07 00:00:00,1.064144216926158
2010-01-08 00:00:00,1.063350542672883
2010-01-11 00:00:00,1.052609163338302
2010-01-12 00:00:00,1.0544658311612944
2010-01-13 00:00:00,1.0549119402560712
2010-01-14 00:00:00,1.052152693856922
2010-01-15 00:00:00,1.056598492292396
2010-01-19 00:00:00,1.0601055775701036
2010-01-20 00:00:00,1.0708263875897368
2010-01-21 00:00:00,1.0738161585704813
2010-01-22 00:00:00,1.0743248762575972
2010-01-25 00:00:00,1.076002272395857
2010-01-26 00:00:00,1.083314782504189
2010-01-27 00:00:00,1.0819511416881051
2010-01-28 00:00:00,1.0823203024046464
2010-01-29 00:00:00,1.091302592399426
2010-02-01 00:00:00,1.0797966974786173
2010-02-02 00:00:00,1.0760851431117981
2010-02-03 00:00:00,1.0786552651218242
2010-02-04 00:00:00,1.0921763902133497
2010-02-05 00:00:00,1.1005102450913073
2010-02-08 00:00:00,1.0927051852340905
2010-02-09 00:00:00,1.084919398834629
2010-02-10 00:00:00,1.0834677814766123
2010-02-11 00:00:00,1.0788313008000248
2010-02-12 00:00:00,1.0771106115127669
2010-02-16 00:00:00,1.069503603963134
2010-02-17 00:00:00,1.0713075359522144
2010-02-18 00:00:00,1.0728961971293167
2010-02-19 00:00:00,1.076023129108242
2010-02-22 00:00:00,1.071105487846388
2010-02-23 00:00:00,1.075845557815312
2010-02-24 00:00:00,1.0710253788297743
2010-02-25 00:00:00,1.0760345760779988
2010-02-26 00:00:00,1.0595268607255395
2010-03-01 00:00:00,1.0707578148740615
2010-03-02 00:00:00,1.068522239602843
2010-03-03 00:00:00,1.0615760844904936
2010-03-04 00:00:00,1.0664389015089897
2010-03-05 00:00:00,1.061519085124446
2010-03-08 00:00:00,1.0609148530768149
2010-03-09 00:00:00,1.0641672412069474
2010-03-10 00:00:00,1.0612492309329116
2010-03-11 00:00:00,1.0603090147754433
2010-03-12 00:00:00,1.0542949815575133
2010-03-15 00:00:00,1.062262697975811
2010-03-16 00:00:00,1.0543866856114417
2010-03-17 00:00:00,1.0555214856574282
2010-03-18 00:00:00,1.0633948285377481
2010-03-19 00:00:00,1.0650227831250931
2010-03-22 00:00:00,1.0700532807220813
2010-03-23 00:00:00,1.0662787354360506
2010-03-24 00:00:00,1.0762857424890258
2010-03-25 00:00:00,1.0716158522055512
2010-03-26 00:00:00,1.075065002816924
2010-03-29 00:00:00,1.0748577432166853
2010-03-30 00:00:00,1.0769612043455061
2010-03-31 00:00:00,1.0695054031658238
2010-04-01 00:00:00,1.0655419557107106
2010-04-02 00:00:00,1.0681018042747703
2010-04-05 00:00:00,1.065892051183048
2010-04-06 00:00:00,1.0716857302596015
2010-04-07 00:00:00,1.0723991631075445
2010-04-08 00:00:00,1.0728839831530927
2010-04-09 00:00:00,1.0700048476261534
2010-04-12 00:00:00,1.0673466527663023
2010-04-13 00:00:00,1.064913996486108
2010-04-14 00:00:00,1.0595142459218567
2010-04-15 00:00:00,1.0635080205410232
2010-04-16 00:00:00,1.0675265334871649
2010-04-19 00:00:00,1.0673933977302292
2010-04-20 00:00:00,1.0625186740049197
2010-04-21 00:00:00,1.06668831336705
2010-04-22 00:00:00,1.0728817776398902
2010-04-23 00:00:00,1.0658064297327938
2010-04-26 00:00:00,1.0646708458594618
2010-04-27 00:00:00,1.0753178666682264
2010-04-28 00:00:00,1.0832899311232773
2010-04-29 00:00:00,1.0737429613769536
2010-04-30 00:00:00,1.0718620692170058
2010-05-03 00:00:00,1.0766235446085852
2010-05-04 00:00:00,1.0875573423175322
2010-05-05 00:00:00,1.0981648258963839
2010-05-06 00:00:00,1.1171241291564784
2010-05-07 00:00:00,1.1179402714062827
2010-05-10 00:00:00,1.098903577364917
2010-05-11 00:00:00,1.1071492932867177
2010-05-12 00:00:00,1.1049179982944854
2010-05-13 00:00:00,1.109061481687846
2010-05-14 00:00:00,1.1229354772187543
2010-05-17 00:00:00,1.1281929944633862
2010-05-18 00:00:00,1.122652643375939
2010-05-19 00:00:00,1.134324727823542
2010-05-20 00:00:00,1.1421460605699691
2010-05-21 00:00:00,1.1274924571785578
2010-05-24 00:00:00,1.1300167073275686
2010-05-25 00:00:00,1.1448367415801082
2010-05-26 00:00:00,1.140450240544439
2010-05-27 00:00:00,1.1310479257026569
2010-05-28 00:00:00,1.126818812184634
2010-06-01 00:00:00,1.1282700853858183
2010-06-02 00:00:00,1.1296596182031677
2010-06-03 00:00:00,1.1295846852555875
2010-06-04 00:00:00,1.1450889168341976
2010-06-07 00:00:00,1.1504470601783574
2010-06-08 00:00:00,1.14956973656989
2010-06-09 00:00:00,1.1420291580517445
2010-06-10 00:00:00,1.1354207972147856
2010-06-11 00:00:00,1.1390921685527269
2010-06-14 00:00:00,1.1280871199836968
2010-06-15 00:00:00,1.1221938582967326
2010-06-16 00:00:00,1.125469530517152
2010-06-17 00:00:00,1.121779136624875
2010-06-18 00:00:00,1.1190897770018127
2010-06-21 00:00:00,1.1146059479797923
2010-06-22 00:00:00,1.121317178755601
2010-06-23 00:00:00,1.1229004136594793
2010-06-24 00:00:00,1.1251496283239975
2010-06-25 00:00:00,1.1206564384637598
2010-06-28 00:00:00,1.119795258347281
2010-06-29 00:00:00,1.1261183893941293
2010-06-30 00:00:00,1.1216296834126354
2010-07-01 00:00:00,1.1185533778698797
2010-07-02 00:00:00,1.1089834598134203
2010-07-06 00:00:00,1.1046301431655183
2010-07-07 00:00:00,1.1082751348472328
2010-07-08 00:00:00,1.099140878265625
2010-07-09 00:00:00,1.0945024784887774
2010-07-12 00:00:00,1.0976039988598518
2010-07-13 00:00:00,1.0870239940596558
2010-07-14 00:00:00,1.0823117899986496
2010-07-15 00:00:00,1.0768858025958443
2010-07-16 00:00:00,1.0810156282234418
2010-07-19 00:00:00,1.0804449531647518
2010-07-20 00:00:00,1.0830467785371791
2010-07-21 00:00:00,1.0826251407912963
2010-07-22 00:00:00,1.0769109813792257
2010-07-23 00:00:00,1.0804397015870273
2010-07-26 00:00:00,1.0735001263775117
2010-07-27 00:00:00,1.0753301729364935
2010-07-28 00:00:00,1.0747204716999905
2010-07-29 00:00:00,1.0697782892116197
2010-07-30 00:00:00,1.0640967070675507
2010-08-02 00:00:00,1.0531060831919556
2010-08-03 00:00:00,1.0516304544975676
2010-08-04 00:00:00,1.057709927913208
2010-08-05 00:00:00,1.0572199315041608
2010-08-06 00:00:00,1.050840085737495
2010-08-09 00:00:00,1.0525202366597
2010-08-10 00:00:00,1.0633953172952515
2010-08-11 00:00:00,1.0797480738503047
2010-08-12 00:00:00,1.0824210438433903
2010-08-13 00:00:00,1.0888533976770283
2010-08-16 00:00:00,1.080710535419581
2010-08-17 00:00:00,1.0757786687475426
2010-08-18 00:00:00,1.07846763671076
2010-08-19 00:00:00,1.0825658881862963
2010-08-20 00:00:00,1.08807915315594
2010-08-23 00:00:00,1.0852428426206815
2010-08-24 00:00:00,1.0897470897969614
2010-08-25 00:00:00,1.0913208485460641
2010-08-26 00:00:00,1.0847323943973923
2010-08-27 00:00:00,1.0788504466443471
2010-08-30 00:00:00,1.0835320148963794
2010-08-31 00:00:00,1.0812077949042302
2010-09-01 00:00:00,1.0706386848702945
2010-09-02 00:00:00,1.0690354018032415
2010-09-03 00:00:00,1.0664521979101032
2010-09-07 00:00:00,1.075136955253893
2010-09-08 00:00:00,1.0709807448081587
2010-09-09 00:00:00,1.0706137407575065
2010-09-10 00:00:00,1.0663131275276234
2010-09-13 00:00:00,1.0554968000994267
2010-09-14 00:00:00,1.0455576159310713
2010-09-15 00:00:00,1.0495536886453696
2010-09-16 00:00:00,1.046105934362084
2010-09-17 00:00:00,1.0472096359320024
2010-09-20 00:00:00,1.0388916376103978
2010-09-21 00:00:00,1.036043403957389
2010-09-22 00:00:00,1.0234108395129864
2010-09-23 00:00:00,1.026472056900888
2010-09-24 00:00:00,1.018357747402114
2010-09-27 00:00:00,1.0204880960552212
2010-09-28 00:00:00,1.0114785741404035
2010-09-29 00:00:00,1.005123182555826
2010-09-30 00:00:00,1.0110808727000618
2010-10-01 00:00:00,1.004670874177977
2010-10-04 00:00:00,1.0121926783736357
2010-10-05 00:00:00,1.0033110376975531
2010-10-06 00:00:00,1.002913882909051
2010-10-07 00:00:00,0.997534505827514
2010-10-08 00:00:00,0.999493145771269
2010-10-12 00:00:00,1.0023530488823371
2010-10-13 00:00:00,0.9944275967626949
2010-10-14 00:00:00,0.9844353366685243
2010-10-15 00:00:00,0.9925863558793028
2010-10-18 00:00:00,0.9947728838895699
2010-10-19 00:00:00,1.008715464668319
2010-10-20 00:00:00,0.998448735125027
2010-10-21 00:00:00,0.9960795627626327
2010-10-22 00:00:00,0.9948684567723864
2010-10-25 00:00:00,0.9860642925306973
2010-10-26 00:00:00,1.0033401327716045
2010-10-27 00:00:00,1.0103251847665142
2010-10-28 00:00:00,1.0046098880666345
2010-10-29 00:00:00,1.0027299631505933
2010-11-01 00:00:00,1.0010952124562245
2010-11-02 00:00:00,0.9946404164778395
2010-11-03 00:00:00,0.9953281756538863
2010-11-04 00:00:00,0.9778201005238654
2010-11-05 00:00:00,0.9889130471008287
2010-11-08 00:00:00,1.0012050280508875
2010-11-09 00:00:00,1.0008578129192625
2010-11-10 00:00:00,1.0084340253306594
2010-11-12 00:00:00,1.0190093149017623
2010-11-15 00:00:00,1.0219566514320655
2010-11-16 00:00:00,1.0317573017450699
2010-11-17 00:00:00,1.0279640989416132
2010-11-18 00:00:00,1.0234068152853484
2010-11-19 00:00:00,1.022367471772003
2010-11-22 00:00:00,1.0248832148747573
2010-11-23 00:00:00,1.0357937823330219
2010-11-24 00:00:00,1.0306435233280518
2010-11-26 00:00:00,1.036990750099137
2010-11-29 00:00:00,1.0387932461429914
2010-11-30 00:00:00,1.038679212479364
2010-12-01 00:00:00,1.0332996763290296
2010-12-02 00:00:00,1.0256790954030144
2010-12-03 00:00:00,1.0163991986676757
2010-12-06 00:00:00,1.0204929658717155
2010-12-07 00:00:00,1.0204846884631493
2010-12-08 00:00:00,1.024226688797637
2010-12-09 00:00:00,1.0257297723084235
2010-12-10 00:00:00,1.023922944487797
2010-12-13 00:00:00,1.0177111504201342
2010-12-14 00:00:00,1.0129896247740529
2010-12-15 00:00:00,1.014559130264442
2010-12-16 00:00:00,1.0164746099960844
2010-12-17 00:00:00,1.0180543068337262
2010-12-20 00:00:00,1.0183968366057496
2010-12-21 00:00:00,1.015977313677276
2010-12-22 00:00:00,1.020393266596582
2010-12-23 00:00:00,1.018903688126876
2010-12-27 00:00:00,1.0162574378923324
2010-12-28 00:00:00,1.0200075128026946
2010-12-29 00:00:00,1.0153182415630901
2010-12-30 00:00:00,1.0069566337811495
2011-01-03 00:00:00,0.9986929638211378
2011-01-04 00:00:00,1.0032672907487565
2011-01-05 00:00:00,1.0078036175004723
2011-01-06 00:00:00,1.0190670516188618
2011-01-07 00:00:00,1.023765448056154
2011-01-10 00:00:00,1.02151209104543
2011-01-11 00:00:00,1.0164087577465497
2011-01-12 00:00:00,1.0081893723123339
2011-01-13 00:00:00,0.9980769942582556
2011-01-14 00:00:00,0.998286291181068
2011-01-18 00:00:00,0.9938814200396772
2011-01-19 00:00:00,0.9867114282918676
2011-01-20 00:00:00,0.995057386731894
2011-01-21 00:00:00,0.9865465838263558
2011-01-24 00:00:00,0.982822613937731
2011-01-25 00:00:00,0.9791200366352661
2011-01-26 00:00:00,0.9689400100567213
2011-01-27 00:00:00,0.9659241226982225
2011-01-28 00:00:00,0.9765116510017111
2011-01-31 00:00:00,0.963421033593473
2011-02-01 00:00:00,0.957310915276125
2011-02-02 00:00:00,0.9651259264822565
2011-02-03 00:00:00,0.9686284801785139
2011-02-04 00:00:00,0.9707313366076247
2011-02-07 00:00:00,0.9688401909449197
2011-02-08 00:00:00,0.9588577311150125
2011-02-09 00:00:00,0.9636282079891144
2011-02-10 00:00:00,0.966584023716421
2011-02-11 00:00:00,0.9709066567050508
2011-02-14 00:00:00,0.9721661585024733
2011-02-15 00:00:00,0.9697300942314271
2011-02-16 00:00:00,0.9615919217965226
2011-02-17 00:00:00,0.9596916306559471
2011-02-18 00:00:00,0.9575065927380969
2011-02-22 00:00:00,0.9623416754989939
2011-02-23 00:00:00,0.9573244474336104
2011-02-24 00:00:00,0.956546835628135
2011-02-25 00:00:00,0.962007916439944
2011-02-28 00:00:00,0.9501858343677277
2011-03-01 00:00:00,0.9456021116720649
2011-03-02 00:00:00,0.9464406160515666
2011-03-03 00:00:00,0.947291500263274
2011-03-04 00:00:00,0.9500304852438302
2011-03-07 00:00:00,0.9515195369832097
2011-03-08 00:00:00,0.9528774365861848
2011-03-09 00:00:00,0.9487761603342268
2011-03-10 00:00:00,0.9560380384734148
2011-03-11 00:00:00,0.9532251410315784
2011-03-14 00:00:00,0.950381000577297
2011-03-15 00:00:00,0.9594625050413783
2011-03-16 00:00:00,0.9677108156140832
2011-03-17 00:00:00,0.9586883727756892
2011-03-18 00:00:00,0.944270886172373
2011-03-21 00:00:00,0.9408415616782734
2011-03-22 00:00:00,0.9431459542554637
2011-03-23 00:00:00,0.9482400620570572
2011-03-24 00:00:00,0.9439454802649901
2011-03-25 00:00:00,0.9506593638707626
2011-03-28 00:00:00,0.9523110373904189
2011-03-29 00:00:00,0.9504342649935552
2011-03-30 00:00:00,0.9477885824086884
2011-03-31 00:00:00,0.94453122199774
2011-04-01 00:00:00,0.9416658473742111
2011-04-04 00:00:00,0.9443046319126437
2011-04-05 00:00:00,0.9451004528057443
2011-04-06 00:00:00,0.9419826002093356
2011-04-07 00:00:00,0.9455123392180086
2011-04-08 00:00:00,0.9303657118974318
2011-04-11 00:00:00,0.9342927404166063
2011-04-12 00:00:00,0.9420139811414477
2011-04-13 00:00:00,0.9348331506698666
2011-04-14 00:00:00,0.9310038407264857
2011-04-15 00:00:00,0.926715039670417
2011-04-18 00:00:00,0.9437971848887774
2011-04-19 00:00:00,0.932003261857586
2011-04-20 00:00:00,0.9158964053297018
2011-04-21 00:00:00,0.9100623680493322
2011-04-22 00:00:00,0.9146640590042627
2011-04-25 00:00:00,0.9097046541346412
2011-04-26 00:00:00,0.912471472600878
2011-04-27 00:00:00,0.910646792666826
2011-04-28 00:00:00,0.9018494518368565
2011-04-29 00:00:00,0.9005152880105767
2011-05-02 00:00:00,0.8959120153020386
2011-05-03 00:00:00,0.9001058688245548
2011-05-04 00:00:00,0.9088501911185286
2011-05-05 00:00:00,0.9252453487243147
2011-05-06 00:00:00,0.9304957151486596
2011-05-09 00:00:00,0.9369688580513016
2011-05-10 00:00:00,0.9317691656314944
2011-05-11 00:00:00,0.9388683490899703
2011-05-12 00:00:00,0.9414431315306162
2011-05-13 00:00:00,0.9513834203246487
2011-05-16 00:00:00,0.9436909354928285
2011-05-17 00:00:00,0.9491461675959466
2011-05-18 00:00:00,0.9402467920787236
2011-05-19 00:00:00,0.9376109408449962
2011-05-20 00:00:00,0.9420730648976416
2011-05-23 00:00:00,0.9517553523810883
2011-05-24 00:00:00,0.9451924214266353
2011-05-25 00:00:00,0.942657201758564
2011-05-26 00:00:00,0.9431260014663787
2011-05-27 00:00:00,0.9293860970265015
2011-05-31 00:00:00,0.9224785600383526
2011-06-01 00:00:00,0.9229117341776394
2011-06-02 00:00:00,0.930034982191225
2011-06-03 00:00:00,0.9168588368455903
2011-06-06 00:00:00,0.9203487988258092
2011-06-07 00:00:00,0.9170012676547173
2011-06-08 00:00:00,0.921768709819894
2011-06-09 00:00:00,0.9274406011558729
2011-06-10 00:00:00,0.9432279865232567
2011-06-13 00:00:00,0.9467553366969623
2011-06-14 00:00:00,0.9415399279092566
2011-06-15 00:00:00,0.9610219999022371
2011-06-16 00:00:00,0.9660240182741604
2011-06-17 00:00:00,0.9534320032505939
2011-06-20 00:00:00,0.9528494777274843
2011-06-21 00:00:00,0.9474274133869798
2011-06-22 00:00:00,0.9469641839554864
2011-06-23 00:00:00,0.9673659611751148
2011-06-24 00:00:00,0.963974270098128
2011-06-27 00:00:00,0.9586345703815058
2011-06-28 00:00:00,0.9584551483427619
2011-06-29 00:00:00,0.9465135879820867
2011-06-30 00:00:00,0.9393961197685718
2011-07-01 00:00:00,0.9353140040465443
2011-07-05 00:00:00,0.9333395790044019
2011-07-06 00:00:00,0.9448958098675573
2011-07-07 00:00:00,0.9420563672784977
2011-07-08 00:00:00,0.9513671854046793
2011-07-11 00:00:00,0.9728382841564762
2011-07-12 00:00:00,0.9729139385859905
2011-07-13 00:00:00,0.9617553671885277
2011-07-14 00:00:00,0.9653281842479274
2011-07-15 00:00:00,0.9649222836265908
2011-07-18 00:00:00,0.9791504106644009
2011-07-19 00:00:00,0.9682782252299127
2011-07-20 00:00:00,0.9608224349643882
2011-07-21 00:00:00,0.9409957942359362
2011-07-22 00:00:00,0.9438664168755015
2011-07-25 00:00:00,0.9429352902428945
2011-07-26 00:00:00,0.931914672620449
2011-07-27 00:00:00,0.941464677058766
2011-07-28 00:00:00,0.9427236285725118
2011-07-29 00:00:00,0.9358793416530893
2011-08-01 00:00:00,0.9451035941444953
2011-08-02 00:00:00,0.943823612802285
2011-08-03 00:00:00,0.9443160840990829
2011-08-04 00:00:00,0.9657294498649622
2011-08-05 00:00:00,0.9683043231463977
2011-08-08 00:00:00,0.9599802699233221
2011-08-09 00:00:00,0.9686705911503948
2011-08-10 00:00:00,0.9733370845322133
2011-08-11 00:00:00,0.9634330456821163
2011-08-12 00:00:00,0.9648412238593416
2011-08-15 00:00:00,0.9512992559994962
2011-08-16 00:00:00,0.9501071069746005
2011-08-17 00:00:00,0.9427096870892407
2011-08-18 00:00:00,0.9570109287797488
2011-08-19 00:00:00,0.9466528395810765
2011-08-22 00:00:00,0.9443835056197154
2011-08-23 00:00:00,0.9411001555682302
2011-08-24 00:00:00,0.9393718121462309
2011-08-25 00:00:00,0.9406760532613361
2011-08-26 00:00:00,0.9360679079192951
2011-08-29 00:00:00,0.9355680694182381
2011-08-30 00:00:00,0.9439466224015798
2011-08-31 00:00:00,0.9397563339202304
2011-09-01 00:00:00,0.946996369901915
2011-09-02 00:00:00,0.9509516338450917
2011-09-06 00:00:00,0.9576013065183354
2011-09-07 00:00:00,0.9484694550006212
2011-09-08 00:00:00,0.9502707540355133
2011-09-09 00:00:00,0.9629903053714225
2011-09-12 00:00:00,0.9852342787551523
2011-09-13 00:00:00,0.9868461415020718
2011-09-14 00:00:00,0.9925336529229971
2011-09-15 00:00:00,0.9788439056692101
2011-09-16 00:00:00,0.9827439988338628
2011-09-19 00:00:00,0.9920005823006878
2011-09-20 00:00:00,0.9805478946610238
2011-09-21 00:00:00,0.9864567095792149
2011-09-22 00:00:00,1.0149720134080409
2011-09-23 00:00:00,1.0110755206186666
2011-09-26 00:00:00,1.0081937814635917
2011-09-27 00:00:00,0.993377766729908
2011-09-28 00:00:00,0.9957266328293798
2011-09-29 00:00:00,0.9977156675867668
2011-09-30 00:00:00,1.0038459078702475
2011-10-03 00:00:00,1.0080443049914989
2011-10-04 00:00:00,1.014081133956538
2011-10-05 00:00:00,1.0108396797783141
2011-10-06 00:00:00,1.0061468335112755
2011-10-07 00:00:00,0.9944608159940631
2011-10-11 00:00:00,0.9851506929813809
2011-10-12 00:00:00,0.977322889115641
2011-10-13 00:00:00,0.9856865009912742
2011-10-14 00:00:00,0.9764575240308607
2011-10-17 00:00:00,0.9807807231316836
2011-10-18 00:00:00,0.9830188456567512
2011-10-19 00:00:00,0.9770536945912011
2011-10-20 00:00:00,0.9850356134029062
2011-10-21 00:00:00,0.9717243092416488
2011-10-24 00:00:00,0.968348735082642
2011-10-25 00:00:00,0.9693091942784982
2011-10-26 00:00:00,0.9705435365405939
2011-10-27 00:00:00,0.9425171714364354
2011-10-28 00:00:00,0.9438742709082232
2011-10-31 00:00:00,0.9570192748760438
2011-11-01 00:00:00,0.9782276169870056
2011-11-02 00:00:00,0.9724128486508312
2011-11-03 00:00:00,0.9721862653851432
2011-11-04 00:00:00,0.9751823146935232
2011-11-07 00:00:00,0.9715232213181532
2011-11-08 00:00:00,0.9683489731422888
2011-11-09 00:00:00,0.9825631571682545
2011-11-10 00:00:00,0.9851294067409639
2011-11-14 00:00:00,0.9878182676409225
2011-11-15 00:00:00,0.992227336278018
2011-11-16 00:00:00,0.9972803010589022
2011-11-17 00:00:00,0.9960883289921681
2011-11-18 00:00:00,0.9968715074364815
2011-11-21 00:00:00,1.0007314481925667
2011-11-22 00:00:00,1.0022483532512385
2011-11-23 00:00:00,1.0132068207675469
2011-11-25 00:00:00,1.0233917728222237
2011-11-28 00:00:00,1.0168693057191092
2011-11-29 00:00:00,1.0095858035326477
2011-11-30 00:00:00,0.9937788203388354
2011-12-01 00:00:00,0.9945037770355276
2011-12-02 00:00:00,0.9948436838094797
2011-12-05 00:00:00,0.9882747923879921
2011-12-06 00:00:00,0.992546308708944
2011-12-07 00:00:00,0.991630336287915
2011-12-08 00:00:00,0.9986834308515363
2011-12-09 00:00:00,0.9911931317689834
2011-12-12 00:00:00,1.0072450955062613
2011-12-13 00:00:00,1.015978367607467
2011-12-14 00:00:00,1.0231317715148114
2011-12-15 00:00:00,1.0193874053820193
2011-12-16 00:00:00,1.0141251567442646
2011-12-19 00:00:00,1.0113813345635543
2011-12-20 00:00:00,1.005547601497049
2011-12-21 00:00:00,1.0109357629980276
2011-12-22 00:00:00,1.0069496916738805
2011-12-23 00:00:00,1.0091553001440747
2011-12-27 00:00:00,1.0046950331453344
2011-12-28 00:00:00,1.0123708875471646
2011-12-29 00:00:00,1.0105584966667929
2011-12-30 00:00:00,1.0070154279532824
2012-01-03 00:00:00,0.999359048176152
2012-01-04 00:00:00,1.0042680849083292
2012-01-05 00:00:00,1.0137782445771732
2012-01-06 00:00:00,1.0136982316491123
2012-01-09 00:00:00,1.012058733641969
2012-01-10 00:00:00,1.0070723611982209
2012-01-11 00:00:00,1.0146357990407904
2012-01-12 00:00:00,1.012327167301872
2012-01-13 00:00:00,1.0229602137746303
2012-01-17 00:00:00,1.012285243270336
2012-01-18 00:00:00,1.0052779839530965
2012-01-19 00:00:00,0.9927599240214982
2012-01-20 00:00:00,0.9947058106135541
2012-01-23 00:00:00,0.9892509907459552
2012-01-24 00:00:00,0.9934199111573224
2012-01-25 00:00:00,0.9992447366394748
2012-01-26 00:00:00,0.9914357463082005
2012-01-27 00:00:00,0.9912302431718352
2012-01-30 00:00:00,0.9915463917297501
2012-01-31 00:00:00,0.9989214641060298
2012-02-01 00:00:00,0.989342808326356
2012-02-02 00:00:00,0.9882371026392217
2012-02-03 00:00:00,0.9869406592002767
2012-02-06 00:00:00,0.985351098038666
2012-02-07 00:00:00,0.9798972686052853
2012-02-08 00:00:00,0.9775522769401594
2012-02-09 00:00:00,0.9743304915864603
2012-02-10 00:00:00,0.9808104222206232
2012-02-13 00:00:00,0.977395802151912
2012-02-14 00:00:00,0.9819675029245692
2012-02-15 00:00:00,0.984628624386959
2012-02-16 00:00:00,0.9879478513868791
2012-02-17 00:00:00,0.9860751856129932
2012-02-21 00:00:00,0.976690398285377
2012-02-22 00:00:00,0.9787587753448437
2012-02-23 00:00:00,0.976872569970819
2012-02-24 00:00:00,0.9649982821092781
2012-02-27 00:00:00,0.9689696182850782
2012-02-28 00:00:00,0.9652806743835831
2012-02-29 00:00:00,0.9685301661028509
2012-03-01 00:00:00,0.9731916021777074
2012-03-02 00:00:00,0.9806177293858422
2012-03-05 00:00:00,0.9825000438550497
2012-03-06 00:00:00,0.9944089009308459
2012-03-07 00:00:00,0.9947945898135864
2012-03-08 00:00:00,0.9837947520872155
2012-03-09 00:00:00,0.9949394141660918
2012-03-12 00:00:00,0.9966945576322217
2012-03-13 00:00:00,0.9907462923068862
2012-03-14 00:00:00,1.0016076458725864
2012-03-15 00:00:00,0.9964153248802687
2012-03-16 00:00:00,0.9888391645869185
2012-03-19 00:00:00,0.9839663015052659
2012-03-20 00:00:00,0.9886765434051262
2012-03-21 00:00:00,0.9863998787880608
2012-03-22 00:00:00,0.9913658089691704
2012-03-23 00:00:00,0.9877227766012703
2012-03-26 00:00:00,0.9799687619396324
2012-03-27 00:00:00,0.9797980784264086
2012-03-28 00:00:00,0.9790682041878755
2012-03-29 00:00:00,0.979659822043436
2012-03-30 00:00:00,0.9718126140298765
2012-04-02 00:00:00,0.9698250451653225
2012-04-03 00:00:00,0.9685718762812808
2012-04-04 00:00:00,0.9830751764189356
2012-04-05 00:00:00,0.9884842585896226
2012-04-06 00:00:00,0.9883532648138877
2012-04-09 00:00:00,0.9907504143862751
2012-04-10 00:00:00,0.9956316175108587
2012-04-11 00:00:00,0.9935678827399421
2012-04-12 00:00:00,0.987779406183263
2012-04-13 00:00:00,0.9925461097795025
2012-04-16 00:00:00,0.9928706790863265
2012-04-17 00:00:00,0.9901275507184557
2012-04-18 00:00:00,0.9866571536818132
2012-04-19 00:00:00,0.9849395923625673
2012-04-20 00:00:00,0.9804928681030392
2012-04-23 00:00:00,0.9902725803303933
2012-04-24 00:00:00,0.9857078320379182
2012-04-25 00:00:00,0.9850516195652151
2012-04-26 00:00:00,0.9832283739499261
2012-04-27 00:00:00,0.9831593854381692
2012-04-30 00:00:00,0.984406891631925
2012-05-01 00:00:00,0.9834983423065073
2012-05-02 00:00:00,0.9867156305087504
2012-05-03 00:00:00,0.9881129291818092
2012-05-04 00:00:00,0.9951649475208284
2012-05-07 00:00:00,0.9954376256215323
2012-05-08 00:00:00,0.9991654172478363
2012-05-09 00:00:00,1.0016127084239743
2012-05-10 00:00:00,1.008411208510981
2012-05-11 00:00:00,1.0100742437710881
2012-05-14 00:00:00,1.0201273360877103
2012-05-15 00:00:00,1.0313731417727527
2012-05-16 00:00:00,1.0340043704848745
2012-05-17 00:00:00,1.0388210960769866
2012-05-18 00:00:00,1.0371542751440193
2012-05-21 00:00:00,1.0308241164972574
2012-05-22 00:00:00,1.0294159017117621
2012-05-23 00:00:00,1.0376649957011983
2012-05-24 00:00:00,1.0338096458762884
2012-05-25 00:00:00,1.0351118060887288
2012-05-29 00:00:00,1.0394742137561224
2012-05-30 00:00:00,1.0420151215010425
2012-05-31 00:00:00,1.0455383537015035
2012-06-01 00:00:00,1.0437500957798702
2012-06-04 00:00:00,1.0368533316352249
2012-06-05 00:00:00,1.0408350524850956
2012-06-06 00:00:00,1.0373652698276052
2012-06-07 00:00:00,1.032227054946727
2012-06-08 00:00:00,1.0328911109445815
2012-06-11 00:00:00,1.0269326984736666
2012-06-12 00:00:00,1.0263476373790028
2012-06-13 00:00:00,1.0182309427416698
2012-06-14 00:00:00,1.018105605949825
2012-06-15 00:00:00,1.014901477535004
2012-06-18 00:00:00,1.0195860339120488
2012-06-19 00:00:00,1.0102724620545394
2012-06-20 00:00:00,1.009560051746045
2012-06-21 00:00:00,1.014814628222294
2012-06-22 00:00:00,1.016985266319103
2012-06-25 00:00:00,1.0250173013333428
2012-06-26 00:00:00,1.0244078613547916
2012-06-27 00:00:00,1.02275584230894
2012-06-28 00:00:00,1.0224612253896308
2012-06-29 00:00:00,1.0045078485711987
2012-07-02 00:00:00,1.005233279635929
2012-07-03 00:00:00,1.0060517099882536
2012-07-05 00:00:00,1.010178077544436
2012-07-06 00:00:00,1.0178215174707805
2012-07-09 00:00:00,1.0158105945659834
2012-07-10 00:00:00,1.0118631554404427
2012-07-11 00:00:00,1.013976866881135
2012-07-12 00:00:00,1.0182490064315097
2012-07-13 00:00:00,1.0179520401786468
2012-07-16 00:00:00,1.0189368901103648
2012-07-17 00:00:00,1.0136469615613688
2012-07-18 00:00:00,1.00717272126649
2012-07-19 00:00:00,1.0061743071938294
2012-07-20 00:00:00,1.0055752506623055
2012-07-23 00:00:00,1.0100966211070175
2012-07-24 00:00:00,1.0114733458237588
2012-07-25 00:00:00,1.0114983242250817
2012-07-26 00:00:00,0.9987573778222701
2012-07-27 00:00:00,0.996174254423209
2012-07-30 00:00:00,0.9893036321440692
2012-07-31 00:00:00,0.9881907752356894
2012-08-01 00:00:00,0.9848249879146962
2012-08-02 00:00:00,0.9923363323263126
2012-08-03 00:00:00,0.9786811409677462
2012-08-06 00:00:00,0.9777686494528037
2012-08-07 00:00:00,0.9773718300319388
2012-08-08 00:00:00,0.9750264377125426
2012-08-09 00:00:00,0.9772841905131522
2012-08-10 00:00:00,0.9713097534329165
2012-08-13 00:00:00,0.976237060818431
2012-08-14 00:00:00,0.9755988272928642
2012-08-15 00:00:00,0.9754031507317781
2012-08-16 00:00:00,0.9759287126977042
2012-08-17 00:00:00,0.9755434268069251
2012-08-20 00:00:00,0.972503022558977
2012-08-21 00:00:00,0.9706204963952059
2012-08-22 00:00:00,0.9721607326449996
2012-08-23 00:00:00,0.9638785922607964
2012-08-24 00:00:00,0.9622987686343668
2012-08-27 00:00:00,0.9618116840700817
2012-08-28 00:00:00,0.9638262583963431
2012-08-29 00:00:00,0.970831837989657
2012-08-30 00:00:00,0.9750481969606566
2012-08-31 00:00:00,0.9655240040368298
2012-09-04 00:00:00,0.977282228690211
2012-09-05 00:00:00,0.979121524701007
2012-09-06 00:00:00,0.9815255667364179
2012-09-07 00:00:00,0.9648840831163397
2012-09-10 00:00:00,0.9642963780049
2012-09-11 00:00:00,0.9636820485977068
2012-09-12 00:00:00,0.9598309013719051
2012-09-13 00:00:00,0.9651501696538582
2012-09-14 00:00:00,0.9556384424646223
2012-09-17 00:00:00,0.9603944687472076
2012-09-18 00:00:00,0.9579516651615199
2012-09-19 00:00:00,0.9495985589874232
2012-09-20 00:00:00,0.9540619363027372
2012-09-21 00:00:00,0.9574798542510792
2012-09-24 00:00:00,0.9590125509477683
2012-09-25 00:00:00,0.9545950439427834
2012-09-26 00:00:00,0.9626976299065826
2012-09-27 00:00:00,0.9546278200079965
2012-09-28 00:00:00,0.9575790962879567
2012-10-01 00:00:00,0.9588614650648088
2012-10-02 00:00:00,0.9607793741877356
2012-10-03 00:00:00,0.9726607344150011
2012-10-04 00:00:00,0.9640837468554863
2012-10-05 00:00:00,0.9596175042874068
2012-10-09 00:00:00,0.9740235958926919
2012-10-10 00:00:00,0.9737522373831977
2012-10-11 00:00:00,0.9739233724144221
2012-10-12 00:00:00,0.9743595821181118
2012-10-15 00:00:00,0.9695167896904376
2012-10-16 00:00:00,0.9634945582084681
2012-10-17 00:00:00,0.9600845887028078
2012-10-18 00:00:00,0.9546709512586248
2012-10-19 00:00:00,0.9572489171673708
2012-10-22 00:00:00,0.9598891954290051
2012-10-23 00:00:00,0.9675920450858351
2012-10-24 00:00:00,0.9739333789083471
2012-10-25 00:00:00,0.9742554894554957
2012-10-26 00:00:00,0.9740855310263256
2012-10-29 00:00:00,0.9702146089214048
2012-10-30 00:00:00,0.9636805418978049
2012-10-31 00:00:00,0.9654297697580035
2012-11-01 00:00:00,0.9683488553121841
2012-11-02 00:00:00,0.9722614384905077
2012-11-05 00:00:00,0.9721037000222686
2012-11-06 00:00:00,0.9719332692016401
2012-11-07 00:00:00,0.972206085680602
2012-11-08 00:00:00,0.972883208948886
2012-11-09 00:00:00,0.9777264897223228
2012-11-13 00:00:00,0.9830192803785189
2012-11-14 00:00:00,0.9832340708117132
2012-11-15 00:00:00,0.9801472439831698
2012-11-16 00:00:00,0.9857870417073696
2012-11-19 00:00:00,0.9779311846047809
2012-11-20 00:00:00,0.9816999273635157
2012-11-21 00:00:00,0.9774313827910865
2012-11-23 00:00:00,0.9637974844856564
2012-11-26 00:00:00,0.9612192949432514
2012-11-27 00:00:00,0.9700833810117533
2012-11-28 00:00:00,0.9676961500865364
2012-11-29 00:00:00,0.9698815968708075
2012-11-30 00:00:00,0.9674555520174368
2012-12-03 00:00:00,0.9629686409972029
2012-12-04 00:00:00,0.9597898190796
2012-12-05 00:00:00,0.958300639190484
2012-12-06 00:00:00,0.9644999260226556
2012-12-07 00:00:00,0.9679137256320559
2012-12-10 00:00:00,0.9712614682104436
2012-12-11 00:00:00,0.9646776446712948
2012-12-12 00:00:00,0.9672084585642106
2012-12-13 00:00:00,0.9679174958382399
2012-12-14 00:00:00,0.9684469913329263
2012-12-17 00:00:00,0.9645033042981326
2012-12-18 00:00:00,0.958522752785855
2012-12-19 00:00:00,0.9519439544444903
2012-12-20 00:00:00,0.9475552099643414
2012-12-21 00:00:00,0.9502414030897675
2012-12-24 00:00:00,0.953094954951395
2012-12-26 00:00:00,0.94686472659657
2012-12-27 00:00:00,0.9467949231367573
2012-12-28 00:00:00,0.9468454564918636
2012-12-31 00:00:00,0.9464546728074207
2013-01-02 00:00:00,0.9434044139922133
2013-01-03 00:00:00,0.9461544604541157
2013-01-04 00:00:00,0.9521854994230166
2013-01-07 00:00:00,0.9463225916351492
2013-01-08 00:00:00,0.9517029203712859
2013-01-09 00:00:00,0.9526756272685305
2013-01-10 00:00:00,0.9459526058485355
2013-01-11 00:00:00,0.9404287561612157
2013-01-14 00:00:00,0.9375582373265363
2013-01-15 00:00:00,0.9437040680190947
2013-01-16 00:00:00,0.9449768135510159
2013-01-17 00:00:00,0.9436584325255759
2013-01-18 00:00:00,0.9491194505687097
2013-01-22 00:00:00,0.9464265814745809
2013-01-23 00:00:00,0.9488339785608878
2013-01-24 00:00:00,0.9431502823195042
2013-01-25 00:00:00,0.9391342036740519
2013-01-28 00:00:00,0.9331324194217728
2013-01-29 00:00:00,0.9278438360798371
2013-01-30 00:00:00,0.9234077984056683
2013-01-31 00:00:00,0.9241521447649211
2013-02-01 00:00:00,0.9151787066100818
2013-02-04 00:00:00,0.9193548077808078
2013-02-05 00:00:00,0.9212091324850282
2013-02-06 00:00:00,0.9243192575467111
2013-02-07 00:00:00,0.9345620898317443
2013-02-08 00:00:00,0.9364060676599475
2013-02-11 00:00:00,0.9287539027695547
2013-02-12 00:00:00,0.9239953546799993
2013-02-13 00:00:00,0.9143834863646774
2013-02-14 00:00:00,0.9201639556095125
2013-02-15 00:00:00,0.9185915405475875
2013-02-19 00:00:00,0.9172986969945458
2013-02-20 00:00:00,0.9178111540961836
2013-02-21 00:00:00,0.9310019225719905
2013-02-22 00:00:00,0.9350925386047209
2013-02-25 00:00:00,0.9341468196696379
2013-02-26 00:00:00,0.9401428651082586
2013-02-27 00:00:00,0.9366964434320396
2013-02-28 00:00:00,0.9366944586621072
2013-03-01 00:00:00,0.9368149322489157
2013-03-04 00:00:00,0.9342753261789233
2013-03-05 00:00:00,0.9282681456977362
2013-03-06 00:00:00,0.9306733599527957
2013-03-07 00:00:00,0.9210961782190715
2013-03-08 00:00:00,0.9293452149439181
2013-03-11 00:00:00,0.9293717498096995
2013-03-12 00:00:00,0.9246032079668001
2013-03-13 00:00:00,0.9322490832995481
2013-03-14 00:00:00,0.9361845843210115
2013-03-15 00:00:00,0.9285233975631677
2013-03-18 00:00:00,0.933711011934043
2013-03-19 00:00:00,0.9371298224465276
2013-03-20 00:00:00,0.9374940020031883
2013-03-21 00:00:00,0.9392510637645092
2013-03-22 00:00:00,0.9401524751098931
2013-03-25 00:00:00,0.9453069342105851
2013-03-26 00:00:00,0.9417745607962158
2013-03-27 00:00:00,0.9441675492059738
2013-03-28 00:00:00,0.9422786965169584
2013-03-29 00:00:00,0.9457597796518774
2013-04-01 00:00:00,0.9432234268429386
2013-04-02 00:00:00,0.9387455869047571
2013-04-03 00:00:00,0.9417043398192526
2013-04-04 00:00:00,0.9493066362588402
2013-04-05 00:00:00,0.9339323070141805
2013-04-08 00:00:00,0.9306836492614807
2013-04-09 00:00:00,0.9265660367222506
2013-04-10 00:00:00,0.9264818502281142
2013-04-11 00:00:00,0.9196008461294414
2013-04-12 00:00:00,0.9226480204360562
2013-04-15 00:00:00,0.9247694205560564
2013-04-16 00:00:00,0.9247965391574839
2013-04-17 00:00:00,0.9410058624397206
2013-04-18 00:00:00,0.9450362092263228
2013-04-19 00:00:00,0.9450196546253358
2013-04-22 00:00:00,0.9450695434827336
2013-04-23 00:00:00,0.9577270889347829
2013-04-24 00:00:00,0.958701559698601
2013-04-25 00:00:00,0.9561667742759269
2013-04-26 00:00:00,0.9504679863055311
2013-04-29 00:00:00,0.9473180694838141
2013-04-30 00:00:00,0.938318769336261
2013-05-01 00:00:00,0.9371416032668589
2013-05-02 00:00:00,0.9446712424586807
2013-05-03 00:00:00,0.9398587890066713
2013-05-06 00:00:00,0.9455537448144075
2013-05-07 00:00:00,0.9434110624336122
2013-05-08 00:00:00,0.939434195986185
2013-05-09 00:00:00,0.9411617243020245
2013-05-10 00:00:00,0.9559342192670126
2013-05-13 00:00:00,0.9543488707983149
2013-05-14 00:00:00,0.9591068230301636
2013-05-15 00:00:00,0.9635444081439203
2013-05-16 00:00:00,0.9593147078070552
2013-05-17 00:00:00,0.9661027663769296
2013-05-20 00:00:00,0.960776415804662
2013-05-21 00:00:00,0.9562499689326875
2013-05-22 00:00:00,0.9573283171109224
2013-05-23 00:00:00,0.9581981044815595
2013-05-24 00:00:00,0.9594631937957003
2013-05-28 00:00:00,0.9646268547979142
2013-05-29 00:00:00,0.9592093929395105
2013-05-30 00:00:00,0.9478563948763862
2013-05-31 00:00:00,0.9556095438425474
2013-06-03 00:00:00,0.9435393264051514
2013-06-04 00:00:00,0.9485939597331305
2013-06-05 00:00:00,0.9520157795140537
2013-06-06 00:00:00,0.9444580483607203
2013-06-07 00:00:00,0.9473204106276389
2013-06-10 00:00:00,0.9510643699300771
2013-06-11 00:00:00,0.9501851831130527
2013-06-12 00:00:00,0.9372726533385569
2013-06-13 00:00:00,0.9400348694386189
2013-06-14 00:00:00,0.9307164536331819
2013-06-17 00:00:00,0.9350517826081409
2013-06-18 00:00:00,0.9313408817635719
2013-06-19 00:00:00,0.923175139061202
2013-06-20 00:00:00,0.9497378715371411
2013-06-21 00:00:00,0.964748412189217
2013-06-24 00:00:00,0.9743359404495071
2013-06-25 00:00:00,0.9689921093547554
2013-06-26 00:00:00,0.9668697265470416
2013-06-27 00:00:00,0.9703754098503719
2013-06-28 00:00:00,0.968422937323546
2013-07-01 00:00:00,0.9597527943339902
2013-07-02 00:00:00,0.9627476151248978
2013-07-03 00:00:00,0.9633494040153069
2013-07-05 00:00:00,0.9787280812574232
2013-07-08 00:00:00,0.9740993114964591
2013-07-09 00:00:00,0.9763414498735661
2013-07-10 00:00:00,0.9730980533272058
2013-07-11 00:00:00,0.9628648265300525
2013-07-12 00:00:00,0.9608805624901782
2013-07-15 00:00:00,0.9620047012054732
2013-07-16 00:00:00,0.9501360570033935
2013-07-17 00:00:00,0.9488005409202879
2013-07-18 00:00:00,0.9508174409159487
2013-07-19 00:00:00,0.9429108514647284
2013-07-22 00:00:00,0.9358432538022683
2013-07-23 00:00:00,0.9310357153494715
2013-07-24 00:00:00,0.9369672034278569
2013-07-25 00:00:00,0.9398675445747194
2013-07-26 00:00:00,0.9337016338957875
2013-07-29 00:00:00,0.9338074341276494
2013-07-30 00:00:00,0.9428998356072875
2013-07-31 00:00:00,0.9409598535742574
2013-08-01 00:00:00,0.9508251150820126
2013-08-02 00:00:00,0.9512750365600278
2013-08-05 00:00:00,0.9489287750452511
2013-08-06 00:00:00,0.9453488174291559
2013-08-07 00:00:00,0.9400657738255775
2013-08-08 00:00:00,0.9337477943943084
2013-08-09 00:00:00,0.9376304205887873
2013-08-12 00:00:00,0.9400695016672198
2013-08-13 00:00:00,0.9430628707737349
2013-08-14 00:00:00,0.9374075896584723
2013-08-15 00:00:00,0.9414410502119434
2013-08-16 00:00:00,0.9385511003624879
2013-08-19 00:00:00,0.9360856628798688
2013-08-20 00:00:00,0.9335663535805216
2013-08-21 00:00:00,0.9434767925171237
2013-08-22 00:00:00,0.938458818112879
2013-08-23 00:00:00,0.9344754367277435
2013-08-26 00:00:00,0.9383726390389799
2013-08-27 00:00:00,0.935988575411091
2013-08-28 00:00:00,0.9388730512764873
2013-08-29 00:00:00,0.9484735848397778
2013-08-30 00:00:00,0.9535068791254089
2013-09-03 00:00:00,0.9517347350572813
2013-09-04 00:00:00,0.9485257118214493
2013-09-05 00:00:00,0.9579727630730356
2013-09-06 00:00:00,0.9537057918417431
2013-09-09 00:00:00,0.9443532914961614
2013-09-10 00:00:00,0.9416734351876703
2013-09-11 00:00:00,0.9390706961765747
2013-09-12 00:00:00,0.9373617969877389
2013-09-13 00:00:00,0.9439303745097731
2013-09-16 00:00:00,0.9343688082836167
2013-09-17 00:00:00,0.9299901799096317
2013-09-18 00:00:00,0.9297844116290319
2013-09-19 00:00:00,0.9134214284944708
2013-09-20 00:00:00,0.9161597329741211
2013-09-23 00:00:00,0.9188945196017652
2013-09-24 00:00:00,0.9206707277383982
2013-09-25 00:00:00,0.9224531832932378
2013-09-26 00:00:00,0.9248184641967643
2013-09-27 00:00:00,0.9235803557253156
2013-09-30 00:00:00,0.9224908034020325
2013-10-01 00:00:00,0.9153305024324435
2013-10-02 00:00:00,0.917608215295301
2013-10-03 00:00:00,0.911855747335895
2013-10-04 00:00:00,0.9228990116790173
2013-10-07 00:00:00,0.9237917781549398
2013-10-08 00:00:00,0.923845266704183
2013-10-09 00:00:00,0.9309159144710999
2013-10-10 00:00:00,0.9333127198966387
2013-10-11 00:00:00,0.9304244058001231
2013-10-15 00:00:00,0.9359734119184682
2013-10-16 00:00:00,0.9351817669326491
2013-10-17 00:00:00,0.9217584586096844
2013-10-18 00:00:00,0.9220467123685778
2013-10-21 00:00:00,0.9208448895981821
2013-10-22 00:00:00,0.9164282931982668
2013-10-23 00:00:00,0.9165811270669926
2013-10-24 00:00:00,0.9140911457285317
2013-10-25 00:00:00,0.9094817583396136
2013-10-28 00:00:00,0.910966963888683
2013-10-29 00:00:00,0.9161600901605701
2013-10-30 00:00:00,0.9156010356011126
2013-10-31 00:00:00,0.9294065978155139
2013-11-01 00:00:00,0.9382213447791907
2013-11-04 00:00:00,0.9335106327281784
2013-11-05 00:00:00,0.936952903298018
2013-11-06 00:00:00,0.9322835125123297
2013-11-07 00:00:00,0.9372521514787906
2013-11-08 00:00:00,0.9457345005244049
2013-11-12 00:00:00,0.9524634086955452
2013-11-13 00:00:00,0.9540450872999447
2013-11-14 00:00:00,0.9521068510041437
2013-11-15 00:00:00,0.9523069366073956
2013-11-18 00:00:00,0.9458039378259506
2013-11-19 00:00:00,0.9485887293168374
2013-11-20 00:00:00,0.9494881009595316
2013-11-21 00:00:00,0.9527090257497789
2013-11-22 00:00:00,0.9445747561139546
2013-11-25 00:00:00,0.9419534596217222
2013-11-26 00:00:00,0.9428671917564703
2013-11-27 00:00:00,0.9430595042830249
2013-11-29 00:00:00,0.9388076575347579
2013-12-02 00:00:00,0.9388701524019786
2013-12-03 00:00:00,0.9330011932138276
2013-12-04 00:00:00,0.9342149887319376
2013-12-05 00:00:00,0.9310634289337778
2013-12-06 00:00:00,0.9332869325784162
2013-12-09 00:00:00,0.936760858950445
2013-12-10 00:00:00,0.9362796409706653
2013-12-11 00:00:00,0.9370988762007249
2013-12-12 00:00:00,0.9447144170124835
2013-12-13 00:00:00,0.9421507261647534
2013-12-16 00:00:00,0.9414520748862678
2013-12-17 00:00:00,0.9406210864809128
2013-12-18 00:00:00,0.9368034645924647
2013-12-19 00:00:00,0.9420690407731354
2013-12-20 00:00:00,0.9416458665046332
2013-12-23 00:00:00,0.9390661884397843
2013-12-24 00:00:00,0.9401023466624399
2013-12-26 00:00:00,0.9373423195807744
2013-12-27 00:00:00,0.9329380884888276
2013-12-30 00:00:00,0.9194895803332089
2013-12-31 00:00:00,0.9211794080940229
2014-01-02 00:00:00,0.9300207694508025
2014-01-03 00:00:00,0.933553405174516
2014-01-06 00:00:00,0.9329231052142866
2014-01-07 00:00:00,0.9333738523338206
2014-01-08 00:00:00,0.9393972124650013
2014-01-09 00:00:00,0.938893343939713
2014-01-10 00:00:00,0.9303137483568462
2014-01-13 00:00:00,0.93157126703106
2014-01-14 00:00:00,0.9220964000732188
2014-01-15 00:00:00,0.9261516057657461
2014-01-16 00:00:00,0.9266233488210368
2014-01-17 00:00:00,0.9247494938541537
2014-01-21 00:00:00,0.9287784385807714
2014-01-22 00:00:00,0.9274544834132821
2014-01-23 00:00:00,0.9208952166303959
2014-01-24 00:00:00,0.9229989298086267
2014-01-27 00:00:00,0.920809763726148
2014-01-28 00:00:00,0.9205888470503911
2014-01-29 00:00:00,0.9243680646832384
2014-01-30 00:00:00,0.9335101494808441
2014-01-31 00:00:00,0.9356041373362407
2014-02-03 00:00:00,0.9356668613800211
2014-02-04 00:00:00,0.9334739063134361
2014-02-05 00:00:00,0.9342282044627145
2014-02-06 00:00:00,0.929848178611847
2014-02-07 00:00:00,0.929187836454293
2014-02-10 00:00:00,0.927503398299154
2014-02-11 00:00:00,0.9207094832084037
2014-02-12 00:00:00,0.9225107419033158
2014-02-13 00:00:00,0.9244127529174977
2014-02-14 00:00:00,0.9229972195780427
2014-02-18 00:00:00,0.9273290655724427
2014-02-19 00:00:00,0.9284972665777907
2014-02-20 00:00:00,0.9362322403828934
2014-02-21 00:00:00,0.9349332528616768
2014-02-24 00:00:00,0.9281532350197542
2014-02-25 00:00:00,0.9282043425130686
2014-02-26 00:00:00,0.9315752185196373
2014-02-27 00:00:00,0.9307580075214709
2014-02-28 00:00:00,0.9169278308356044
2014-03-03 00:00:00,0.9235205235108614
2014-03-04 00:00:00,0.9220360398482171
2014-03-05 00:00:00,0.9191369305298462
2014-03-06 00:00:00,0.9151693116422488
2014-03-07 00:00:00,0.9135192329218615
2014-03-10 00:00:00,0.913171167902584
2014-03-11 00:00:00,0.9108585284436916
2014-03-12 00:00:00,0.909669684080513
2014-03-13 00:00:00,0.9085481165328262
2014-03-14 00:00:00,0.9116516131452497
2014-03-17 00:00:00,0.9079719666060342
2014-03-18 00:00:00,0.9062831832568654
2014-03-19 00:00:00,0.908518791523337
2014-03-20 00:00:00,0.9159861294167344
2014-03-21 00:00:00,0.9197877110151397
2014-03-24 00:00:00,0.918403322011502
2014-03-25 00:00:00,0.9182097598280037
2014-03-26 00:00:00,0.9222759503784728
2014-03-27 00:00:00,0.9253469795763869
2014-03-28 00:00:00,0.9282350239743846
2014-03-31 00:00:00,0.9244915072689405
2014-04-01 00:00:00,0.9213703371014073
2014-04-02 00:00:00,0.9256201187023367
2014-04-03 00:00:00,0.9338259250002182
2014-04-04 00:00:00,0.9344036606745476
2014-04-07 00:00:00,0.9313133349829439
2014-04-08 00:00:00,0.9266592225254345
2014-04-09 00:00:00,0.9283460014082727
2014-04-10 00:00:00,0.9304654695702353
2014-04-11 00:00:00,0.930382405890447
2014-04-14 00:00:00,0.9342630588026148
2014-04-15 00:00:00,0.9374407236091338
2014-04-16 00:00:00,0.9393314174441032
2014-04-17 00:00:00,0.9393140994893824
2014-04-18 00:00:00,0.9394922741443823
2014-04-21 00:00:00,0.9431851132391134
2014-04-22 00:00:00,0.9378652544961692
2014-04-23 00:00:00,0.936826998456199
2014-04-24 00:00:00,0.9364690252085343
2014-04-25 00:00:00,0.9382970398007819
2014-04-28 00:00:00,0.9328269244592593
2014-04-29 00:00:00,0.9357616761170394
2014-04-30 00:00:00,0.9272719677681591
2014-05-01 00:00:00,0.926733246913506
2014-05-02 00:00:00,0.9282556627894379
2014-05-05 00:00:00,0.9324654237788301
2014-05-06 00:00:00,0.9273005685576011
2014-05-07 00:00:00,0.9245056856115388
2014-05-08 00:00:00,0.9272546090474603
2014-05-09 00:00:00,0.9340214168502087
2014-05-12 00:00:00,0.9351749972208999
2014-05-13 00:00:00,0.9327875873996281
2014-05-14 00:00:00,0.9325594574726538
2014-05-15 00:00:00,0.9362778104609156
2014-05-16 00:00:00,0.9339762682014932
2014-05-19 00:00:00,0.9371067689441677
2014-05-20 00:00:00,0.9365666034009955
2014-05-21 00:00:00,0.9364055092900628
2014-05-22 00:00:00,0.9379163509093433
2014-05-23 00:00:00,0.9451631379197609
2014-05-27 00:00:00,0.9420842147787434
2014-05-28 00:00:00,0.9447297493588384
2014-05-29 00:00:00,0.9440443875502389
2014-05-30 00:00:00,0.9496151403464199
2014-06-02 00:00:00,0.9493812093628826
2014-06-03 00:00:00,0.9494515709238638
2014-06-04 00:00:00,0.9446655759488594
2014-06-05 00:00:00,0.9484249510018485
2014-06-06 00:00:00,0.9419295279683777
2014-06-09 00:00:00,0.9486422831911543
2014-06-10 00:00:00,0.9509910358203947
2014-06-11 00:00:00,0.9500880192606218
2014-06-12 00:00:00,0.9497152634720208
2014-06-13 00:00:00,0.9452692889847822
2014-06-16 00:00:00,0.941100521681957
2014-06-17 00:00:00,0.9419083959773974
2014-06-18 00:00:00,0.9456368050512295
2014-06-19 00:00:00,0.949584971542435
2014-06-20 00:00:00,0.9545597302922675
2014-06-23 00:00:00,0.9509499448124161
2014-06-24 00:00:00,0.9544468674432914
2014-06-25 00:00:00,0.9539275619236667
2014-06-26 00:00:00,0.9553704950507353
2014-06-27 00:00:00,0.9548148690326845
2014-06-30 00:00:00,0.9486708538189046
2014-07-01 00:00:00,0.9494117982462686
2014-07-02 00:00:00,0.9511345425203542
2014-07-03 00:00:00,0.964510489774988
2014-07-07 00:00:00,0.9666068817070766
2014-07-08 00:00:00,0.9659798848173882
2014-07-09 00:00:00,0.9621894201539363
2014-07-10 00:00:00,0.9599577220303138
2014-07-11 00:00:00,0.9616963969173616
2014-07-14 00:00:00,0.9615049864849126
2014-07-15 00:00:00,0.9640301000421767
2014-07-16 00:00:00,0.9649969497928903
2014-07-17 00:00:00,0.9649526851133108
2014-07-18 00:00:00,0.9672135818385289
2014-07-21 00:00:00,0.9682204725237537
2014-07-22 00:00:00,0.9676810516539962
2014-07-23 00:00:00,0.9664752557542504
2014-07-24 00:00:00,0.9657519420173954
2014-07-25 00:00:00,0.9643463457802537
2014-07-28 00:00:00,0.9652991628777305
2014-07-29 00:00:00,0.9678215411377296
2014-07-30 00:00:00,0.9723500755717892
2014-07-31 00:00:00,0.9730330095061842
2014-08-01 00:00:00,0.9695548321879477
2014-08-04 00:00:00,0.9725029264933797
2014-08-05 00:00:00,0.9731257512007994
2014-08-06 00:00:00,0.9746736151856229
2014-08-07 00:00:00,0.9734532084723024
2014-08-08 00:00:00,0.971919246103071
2014-08-11 00:00:00,0.969372395740751
2014-08-12 00:00:00,0.9706109461572344
2014-08-13 00:00:00,0.9704587296076012
2014-08-14 00:00:00,0.967373619990201
2014-08-15 00:00:00,0.9649946323702819
2014-08-18 00:00:00,0.9675742698894261
2014-08-19 00:00:00,0.9692379169262421
2014-08-20 00:00:00,0.9728977462386926
2014-08-21 00:00:00,0.971471044045694
2014-08-22 00:00:00,0.9747429664498575
2014-08-25 00:00:00,0.9753371553279684
2014-08-26 00:00:00,0.9774380928796279
2014-08-27 00:00:00,0.9779221631227561
2014-08-28 00:00:00,0.9805108751480753
2014-08-29 00:00:00,0.9812120412355023
2014-09-02 00:00:00,0.9854874210684937
2014-09-03 00:00:00,0.9860986329570868
2014-09-04 00:00:00,0.9920017020565618
2014-09-05 00:00:00,0.99377692013909
2014-09-08 00:00:00,0.9938107235914666
2014-09-09 00:00:00,0.9966646813713316
2014-09-10 00:00:00,0.9949365278641771
2014-09-11 00:00:00,0.9970329604534729
2014-09-12 00:00:00,0.9986169815221102
2014-09-15 00:00:00,0.996102930634623
2014-09-16 00:00:00,0.9958335366590907
2014-09-17 00:00:00,0.9974664609956013
2014-09-18 00:00:00,0.9947440736481821
2014-09-19 00:00:00,0.9998243226312191
2014-09-22 00:00:00,1.0010417448879545
2014-09-23 00:00:00,0.9994117865602933
2014-09-24 00:00:00,1.0029585554527156
2014-09-25 00:00:00,1.0071372702011485
2014-09-26 00:00:00,1.011991647847534
2014-09-29 00:00:00,1.0096821646884377
2014-09-30 00:00:00,1.0070223962947575
2014-10-01 00:00:00,1.0077596441503094
2014-10-02 00:00:00,1.0040477117697346
2014-10-03 00:00:00,1.0128901049034087
2014-10-06 00:00:00,1.0073947972044468
2014-10-07 00:00:00,1.0056285690481221
2014-10-08 00:00:00,1.0072819343554706
2014-10-09 00:00:00,1.0065838406331216
2014-10-10 00:00:00,1.0072451313521973
2014-10-14 00:00:00,1.0095176632766225
2014-10-15 00:00:00,1.0046363511900307
2014-10-16 00:00:00,1.0007122829526198
2014-10-17 00:00:00,1.0034176152801861
2014-10-20 00:00:00,1.0032076492371163
2014-10-21 00:00:00,1.0080565065278921
2014-10-22 00:00:00,1.0116230675842024
2014-10-23 00:00:00,1.0104595831846748
2014-10-24 00:00:00,1.0105430501894783
2014-10-27 00:00:00,1.0141384439783954
2014-10-28 00:00:00,1.0180481608163232
2014-10-29 00:00:00,1.0149199130374702
2014-10-30 00:00:00,1.0187573659506712
2014-10-31 00:00:00,1.0251011939373427
2014-11-03 00:00:00,1.0260684736656462
2014-11-04 00:00:00,1.0243250784521931
2014-11-05 00:00:00,1.0224283431841164
2014-11-06 00:00:00,1.0268583577900428
2014-11-07 00:00:00,1.028097627437541
2014-11-10 00:00:00,1.0281848915399296
2014-11-12 00:00:00,1.0265345200665792
2014-11-13 00:00:00,1.0271061757643372
2014-11-14 00:00:00,1.0259266977193113
2014-11-17 00:00:00,1.0279489036715728
2014-11-18 00:00:00,1.0206719097420396
2014-11-19 00:00:00,1.0232210250310936
2014-11-20 00:00:00,1.0256803347926895
2014-11-21 00:00:00,1.0323336943542758
2014-11-24 00:00:00,1.029049645597016
2014-11-25 00:00:00,1.0280923387192813
2014-11-26 00:00:00,1.0236859968948813
2014-11-28 00:00:00,1.0299728685602991
2014-12-01 00:00:00,1.0255583815992675
2014-12-02 00:00:00,1.0357178661739925
2014-12-03 00:00:00,1.0373242718699756
2014-12-04 00:00:00,1.0312125052620738
2014-12-05 00:00:00,1.0388669297022153
2014-12-08 00:00:00,1.0401614096848553
2014-12-09 00:00:00,1.0360075110725573
2014-12-10 00:00:00,1.0363518267732177
2014-12-11 00:00:00,1.0394960222291107
2014-12-12 00:00:00,1.0372889001111676
2014-12-15 00:00:00,1.047262112041914
2014-12-16 00:00:00,1.0441603058576798
2014-12-17 00:00:00,1.0485173729122326
2014-12-18 00:00:00,1.0513166842523
2014-12-19 00:00:00,1.0562431019767373
2014-12-22 00:00:00,1.060681480860432
2014-12-23 00:00:00,1.0616537767631098
2014-12-24 00:00:00,1.063385997157501
2014-12-29 00:00:00,1.0645912144825664
2014-12-30 00:00:00,1.0568416395654328
2014-12-31 00:00:00,1.064737558413237
2015-01-02 00:00:00,1.071474063676697
2015-01-05 00:00:00,1.0738341584314104
2015-01-06 00:00:00,1.0700966811841468
2015-01-07 00:00:00,1.0781140191463634
2015-01-08 00:00:00,1.0815948415382952
2015-01-09 00:00:00,1.0848658939038318
2015-01-12 00:00:00,1.086230930516077
2015-01-13 00:00:00,1.0864702779840598
2015-01-14 00:00:00,1.0848887900760358
2015-01-15 00:00:00,1.0925031729748669
2015-01-16 00:00:00,1.0921817734479797
2015-01-20 00:00:00,1.0956050587738384
2015-01-21 00:00:00,1.0956332703056446
2015-01-22 00:00:00,1.0966668809491504
2015-01-23 00:00:00,1.10291367800022
2015-01-26 00:00:00,1.1025837818478421
2015-01-27 00:00:00,1.0944244124694227
2015-01-28 00:00:00,1.099657355635103
2015-01-29 00:00:00,1.1022320564320827
2015-01-30 00:00:00,1.1028799358649444
2015-02-02 00:00:00,1.10447501139945
2015-02-03 00:00:00,1.0988795378562675
2015-02-04 00:00:00,1.101009539594542
2015-02-05 00:00:00,1.1009031925138493
2015-02-06 00:00:00,1.112058856591609
2015-02-09 00:00:00,1.1096840402458352
2015-02-10 00:00:00,1.107252440954233
2015-02-11 00:00:00,1.1118895623181448
2015-02-12 00:00:00,1.1140637392860493
2015-02-13 00:00:00,1.1129660545789337
2015-02-17 00:00:00,1.1071736111438364
2015-02-18 00:00:00,1.1137424625812349
2015-02-19 00:00:00,1.1122186788226094
2015-02-20 00:00:00,1.1106804140853752
2015-02-23 00:00:00,1.113509155170759
2015-02-24 00:00:00,1.1138605990735797
2015-02-25 00:00:00,1.1044606145784386
2015-02-26 00:00:00,1.1113413484105459
2015-02-27 00:00:00,1.1085530181920742
2015-03-02 00:00:00,1.1074562427504617
2015-03-03 00:00:00,1.1007001334789734
2015-03-04 00:00:00,1.1082619735122976
2015-03-05 00:00:00,1.1085544429995393
2015-03-06 00:00:00,1.1197509739007296
2015-03-09 00:00:00,1.1187599441902478
2015-03-10 00:00:00,1.1238232370947314
2015-03-11 00:00:00,1.1293420614458434
2015-03-12 00:00:00,1.1280879295341644
2015-03-13 00:00:00,1.1326305297343526
2015-03-16 00:00:00,1.1298117864162174
2015-03-17 00:00:00,1.132645755801782
2015-03-18 00:00:00,1.1384276144058507
2015-03-19 00:00:00,1.1338035217469058
2015-03-20 00:00:00,1.1303603430360665
2015-03-23 00:00:00,1.1190282566108334
2015-03-24 00:00:00,1.120193429318298
2015-03-25 00:00:00,1.1166877921801344
2015-03-26 00:00:00,1.1232776920328913
2015-03-27 00:00:00,1.1248892179409513
2015-03-30 00:00:00,1.126093598102321
2015-03-31 00:00:00,1.1286357734054233
2015-04-01 00:00:00,1.130151427327938
2015-04-02 00:00:00,1.1291313733809916
2015-04-03 00:00:00,1.121332721475666
2015-04-06 00:00:00,1.1188481342076049
2015-04-07 00:00:00,1.1301680578839122
2015-04-08 00:00:00,1.1299753231336223
2015-04-09 00:00:00,1.137620885944916
2015-04-10 00:00:00,1.142424458055929
2015-04-13 00:00:00,1.142193108292054
2015-04-14 00:00:00,1.136963026077382
2015-04-15 00:00:00,1.1404284146251087
2015-04-16 00:00:00,1.1256054406612774
2015-04-17 00:00:00,1.129527280990196
2015-04-20 00:00:00,1.1311256299275438
2015-04-21 00:00:00,1.127873032584892
2015-04-22 00:00:00,1.134990546157952
2015-04-23 00:00:00,1.1294378806818883
2015-04-24 00:00:00,1.1279395913897836
2015-04-27 00:00:00,1.1255782548477937
2015-04-28 00:00:00,1.1203111484436874
2015-04-29 00:00:00,1.102019780719605
2015-04-30 00:00:00,1.1078749162345747
2015-05-01 00:00:00,1.1090512635029666
2015-05-04 00:00:00,1.1069457880406903
2015-05-05 00:00:00,1.1068408035944255
2015-05-06 00:00:00,1.094566267145724
2015-05-07 00:00:00,1.098611898449057
2015-05-08 00:00:00,1.0937649476140527
2015-05-11 00:00:00,1.1007294881084
2015-05-12 00:00:00,1.101265393858437
2015-05-13 00:00:00,1.0934191200274728
2015-05-14 00:00:00,1.0970926129524436
2015-05-15 00:00:00,1.094053803056405
2015-05-18 00:00:00,1.094215450295644
2015-05-19 00:00:00,1.1037176394986739
2015-05-20 00:00:00,1.1056449846486838
2015-05-21 00:00:00,1.1019946272420196
2015-05-22 00:00:00,1.1066651347564855
2015-05-26 00:00:00,1.1144507316539771
2015-05-27 00:00:00,1.1167382323940234
2015-05-28 00:00:00,1.1160620250537514
2015-05-29 00:00:00,1.1183842591289916
2015-06-01 00:00:00,1.1232728215391232
2015-06-02 00:00:00,1.113346671734847
2015-06-03 00:00:00,1.0984073866252813
2015-06-04 00:00:00,1.0969756594627638
2015-06-05 00:00:00,1.109405665608522
2015-06-08 00:00:00,1.10391232092575
2015-06-09 00:00:00,1.0990652268981498
2015-06-10 00:00:00,1.0965838623249415
2015-06-11 00:00:00,1.094536635777056
2015-06-12 00:00:00,1.0883273454305067
2015-06-15 00:00:00,1.0901536713189062
2015-06-16 00:00:00,1.0911781586730567
2015-06-17 00:00:00,1.0909361846354877
2015-06-18 00:00:00,1.0834185725430707
2015-06-19 00:00:00,1.0857500604173518
2015-06-22 00:00:00,1.0839343372991876
2015-06-23 00:00:00,1.094944557197188
2015-06-24 00:00:00,1.0961939209811795
2015-06-25 00:00:00,1.0947316837550576
2015-06-26 00:00:00,1.1002067684099381
2015-06-29 00:00:00,1.095035339757409
2015-06-30 00:00:00,1.0986473288736283
2015-07-01 00:00:00,1.1031399659670782
2015-07-02 00:00:00,1.1115270600553153
2015-07-06 00:00:00,1.1108597475710955
2015-07-07 00:00:00,1.1187674793383107
2015-07-08 00:00:00,1.1123549927215912
2015-07-09 00:00:00,1.1145432813661835
2015-07-10 00:00:00,1.1098947179239156
2015-07-13 00:00:00,1.112438490009065
2015-07-14 00:00:00,1.114930856693926
2015-07-15 00:00:00,1.114858751531775
2015-07-16 00:00:00,1.1177127729446803
2015-07-17 00:00:00,1.1253655234056705
2015-07-20 00:00:00,1.1229173776332726
2015-07-21 00:00:00,1.1191399882808017
2015-07-22 00:00:00,1.124170077944146
2015-07-23 00:00:00,1.1211157219858752
2015-07-24 00:00:00,1.1210669731489218
2015-07-27 00:00:00,1.1135519648206353
2015-07-28 00:00:00,1.1197688801431611
2015-07-29 00:00:00,1.121779984622834
2015-07-30 00:00:00,1.1244171687857114
2015-07-31 00:00:00,1.1211610437602342
2015-08-03 00:00:00,1.1249420387060882
2015-08-04 00:00:00,1.1250751693992946
2015-08-05 00:00:00,1.131599893279504
2015-08-06 00:00:00,1.1326336615812718
2015-08-07 00:00:00,1.1340693646693236
2015-08-10 00:00:00,1.1288649827625263
2015-08-11 00:00:00,1.1265921688123757
2015-08-12 00:00:00,1.11876240317611
2015-08-13 00:00:00,1.1121655718332726
2015-08-14 00:00:00,1.1147829383515595
2015-08-17 00:00:00,1.114913885908167
2015-08-18 00:00:00,1.1168651313742468
2015-08-19 00:00:00,1.1193359606058064
2015-08-20 00:00:00,1.113665718490086
2015-08-21 00:00:00,1.10250345534764
2015-08-24 00:00:00,1.0951163726395168
2015-08-25 00:00:00,1.1083275754908286
2015-08-26 00:00:00,1.1099686987966602
2015-08-27 00:00:00,1.1109629701280457
2015-08-28 00:00:00,1.1100931249491373
2015-08-31 00:00:00,1.1107948893550192
2015-09-01 00:00:00,1.1096638393710745
2015-09-02 00:00:00,1.1062987881921846
2015-09-03 00:00:00,1.1068253192033406
2015-09-04 00:00:00,1.1101191921963618
2015-09-08 00:00:00,1.1054494269058641
2015-09-09 00:00:00,1.1053769773524287
2015-09-10 00:00:00,1.1017536586196008
2015-09-11 00:00:00,1.0911087604600482
2015-09-14 00:00:00,1.0927264732361632
2015-09-15 00:00:00,1.096462700214898
2015-09-16 00:00:00,1.0914734128856376
2015-09-17 00:00:00,1.0926734824675353
2015-09-18 00:00:00,1.088514422157946
2015-09-21 00:00:00,1.0989134576556239
2015-09-22 00:00:00,1.10361732898609
2015-09-23 00:00:00,1.1068170044791497
2015-09-24 00:00:00,1.1030217782170018
2015-09-25 00:00:00,1.1044754664369636
2015-09-28 00:00:00,1.1092727208290414
2015-09-29 00:00:00,1.1024980737472037
2015-09-30 00:00:00,1.102973118238624
2015-10-01 00:00:00,1.1006642711968722
2015-10-02 00:00:00,1.0970003841194478
2015-10-05 00:00:00,1.0985854940412516
2015-10-06 00:00:00,1.090040866923502
2015-10-07 00:00:00,1.0904768528220161
2015-10-08 00:00:00,1.0897274968069834
2015-10-09 00:00:00,1.0853994029821836
2015-10-13 00:00:00,1.0811121654708526
2015-10-14 00:00:00,1.0811242449605534
2015-10-15 00:00:00,1.0890585698789699
2015-10-16 00:00:00,1.0884326660445172
2015-10-19 00:00:00,1.0963951343901788
2015-10-20 00:00:00,1.0933288023430234
2015-10-21 00:00:00,1.0963559518703532
2015-10-22 00:00:00,1.1059828283909257
2015-10-23 00:00:00,1.1114332209391633
2015-10-26 00:00:00,1.110632610616407
2015-10-27 00:00:00,1.1100896067863568
2015-10-28 00:00:00,1.1039945018611441
2015-10-29 00:00:00,1.1146636356381576
2015-10-30 00:00:00,1.1098181991633707
2015-11-02 00:00:00,1.1109928955347126
2015-11-03 00:00:00,1.1144168953673812
2015-11-04 00:00:00,1.1202712871978684
2015-11-05 00:00:00,1.1215586975841907
2015-11-06 00:00:00,1.1269870180009103
2015-11-09 00:00:00,1.1233948305236519
2015-11-10 00:00:00,1.1263596661587325
2015-11-12 00:00:00,1.1212268797056022
2015-11-13 00:00:00,1.126388555469054
2015-11-16 00:00:00,1.1248668621461835
2015-11-17 00:00:00,1.129836408254813
2015-11-18 00:00:00,1.1282269749400913
2015-11-19 00:00:00,1.1215353704419821
2015-11-20 00:00:00,1.1244312739327964
2015-11-23 00:00:00,1.1276571306409326
2015-11-24 00:00:00,1.1249176599219433
2015-11-25 00:00:00,1.1273957902504117
2015-11-27 00:00:00,1.126915824563533
2015-11-30 00:00:00,1.1262193286761215
2015-12-01 00:00:00,1.1244298985037295
2015-12-02 00:00:00,1.1250842167698814
2015-12-03 00:00:00,1.1088594067005486
2015-12-04 00:00:00,1.1078518409351779
2015-12-07 00:00:00,1.1120737131295193
2015-12-08 00:00:00,1.1103344259953936
2015-12-09 00:00:00,1.1031652553856015
2015-12-10 00:00:00,1.108333828766983
2015-12-11 00:00:00,1.1074043345434992
2015-12-14 00:00:00,1.1068513636706947
2015-12-15 00:00:00,1.1089177774854815
2015-12-16 00:00:00,1.1104173511183855
2015-12-17 00:00:00,1.113605764839861
2015-12-18 00:00:00,1.1132556569793621
2015-12-21 00:00:00,1.1092323953841305
2015-12-22 00:00:00,1.1014264063324684
2015-12-23 00:00:00,1.10545313589479
2015-12-24 00:00:00,1.100471660744502
2015-12-28 00:00:00,1.0973021356854693
2015-12-29 00:00:00,1.0984750098602591
2015-12-30 00:00:00,1.102439038817996
2015-12-31 00:00:00,1.104053647985998
2016-01-04 00:00:00,1.108506966218079
2016-01-05 00:00:00,1.1156547414986413
2016-01-06 00:00:00,1.1158817071526297
2016-01-07 00:00:00,1.1087211777254569
2016-01-08 00:00:00,1.1100775493784505
2016-01-11 00:00:00,1.1097561871343855
2016-01-12 00:00:00,1.1118907520534007
2016-01-13 00:00:00,1.108956638708548
2016-01-14 00:00:00,1.1103266116685162
2016-01-15 00:00:00,1.1115433007405833
2016-01-19 00:00:00,1.1112155768185772
2016-01-20 00:00:00,1.1138467305594595
2016-01-21 00:00:00,1.1124801266802273
2016-01-22 00:00:00,1.1131873097495864
2016-01-25 00:00:00,1.11266829228449
2016-01-26 00:00:00,1.1119940708828742
2016-01-27 00:00:00,1.1081283379971365
2016-01-28 00:00:00,1.1074771441267823
2016-01-29 00:00:00,1.112558273814852
2016-02-01 00:00:00,1.1099935216218406
2016-02-02 00:00:00,1.1127537656669426
2016-02-03 00:00:00,1.1048695897837768
2016-02-04 00:00:00,1.09874725373178
2016-02-05 00:00:00,1.105206093495309
2016-02-08 00:00:00,1.1034990240713298
2016-02-09 00:00:00,1.099203931218377
2016-02-10 00:00:00,1.1035365561842039
2016-02-11 00:00:00,1.0940749378613808
2016-02-12 00:00:00,1.1012403166958022
2016-02-16 00:00:00,1.1061021162272848
2016-02-17 00:00:00,1.1071818846118784
2016-02-18 00:00:00,1.104407815852813
2016-02-19 00:00:00,1.1017227678376063
2016-02-22 00:00:00,1.1063783633835207
2016-02-23 00:00:00,1.1047979948927225
2016-02-24 00:00:00,1.1049776792807027
2016-02-25 00:00:00,1.1072576310622333
2016-02-26 00:00:00,1.1103116993451037
2016-02-29 00:00:00,1.1114296453250916
2016-03-01 00:00:00,1.1159913399082413
2016-03-02 00:00:00,1.116003347056057
2016-03-03 00:00:00,1.1090083777517445
2016-03-04 00:00:00,1.103952645799467
2016-03-07 00:00:00,1.1036833163690907
2016-03-08 00:00:00,1.1038161343133046
2016-03-09 00:00:00,1.0994914771361046
2016-03-10 00:00:00,1.0952089818682635
2016-03-11 00:00:00,1.0921234135293085
2016-03-14 00:00:00,1.0919609199105862
2016-03-15 00:00:00,1.0894887646317475
2016-03-16 00:00:00,1.090556343053232
2016-03-17 00:00:00,1.0796741555543088
2016-03-18 00:00:00,1.0814976979695539
2016-03-21 00:00:00,1.082079643595923
2016-03-22 00:00:00,1.082207785182847
2016-03-23 00:00:00,1.0861871067729842
2016-03-24 00:00:00,1.0890115548750277
2016-03-25 00:00:00,1.089324821645781
2016-03-28 00:00:00,1.087143335160129
2016-03-29 00:00:00,1.0849153077144706
2016-03-30 00:00:00,1.0760499268499117
2016-03-31 00:00:00,1.0713740534789515
2016-04-01 00:00:00,1.073059239530521
2016-04-04 00:00:00,1.0736472434140294
2016-04-05 00:00:00,1.0750385871631791
2016-04-06 00:00:00,1.0747255932072934
2016-04-07 00:00:00,1.0758818893110011
2016-04-08 00:00:00,1.0752537823317263
2016-04-11 00:00:00,1.0722731429191403
2016-04-12 00:00:00,1.068659383826598
2016-04-13 00:00:00,1.0747598360007464
2016-04-14 00:00:00,1.0734103394492889
2016-04-15 00:00:00,1.0730964352607815
2016-04-18 00:00:00,1.0728682496502722
2016-04-19 00:00:00,1.0687163385964848
2016-04-20 00:00:00,1.069961136230579
2016-04-21 00:00:00,1.0725700842126258
2016-04-22 00:00:00,1.0729001235205449
2016-04-25 00:00:00,1.0730582131243067
2016-04-26 00:00:00,1.0701507852013952
2016-04-27 00:00:00,1.069020293418495
2016-04-28 00:00:00,1.069284692605923
2016-04-29 00:00:00,1.0641298307868998
2016-05-02 00:00:00,1.0595955552558562
2016-05-03 00:00:00,1.0640609337362972
2016-05-04 00:00:00,1.067565042512802
2016-05-05 00:00:00,1.0709213695025561
2016-05-06 00:00:00,1.072421633527738
2016-05-09 00:00:00,1.0748619892127853
2016-05-10 00:00:00,1.0741232866406458
2016-05-11 00:00:00,1.0718487814819575
2016-05-12 00:00:00,1.0775267745434784
2016-05-13 00:00:00,1.0831860823987651
2016-05-16 00:00:00,1.0819140047849198
2016-05-17 00:00:00,1.08072967815796
2016-05-18 00:00:00,1.0855507521156202
2016-05-19 00:00:00,1.0896518118055418
2016-05-20 00:00:00,1.0890488701180094
2016-05-23 00:00:00,1.0913597276537677
2016-05-24 00:00:00,1.0882086850080004
2016-05-25 00:00:00,1.0865861071260665
2016-05-26 00:00:00,1.0850388623066705
2016-05-27 00:00:00,1.0880802927775148
2016-05-31 00:00:00,1.0891345151140364
2016-06-01 00:00:00,1.0863768181972684
2016-06-02 00:00:00,1.0883524276070304
2016-06-03 00:00:00,1.0755121438849458
2016-06-06 00:00:00,1.0713273288241174
2016-06-07 00:00:00,1.0725214070741456
2016-06-08 00:00:00,1.0698733294823066
2016-06-09 00:00:00,1.0748027657755497
2016-06-10 00:00:00,1.083614997627055
2016-06-13 00:00:00,1.081941071497975
2016-06-14 00:00:00,1.0858935890459471
2016-06-15 00:00:00,1.0874521916483053
2016-06-16 00:00:00,1.0953655797130188
2016-06-17 00:00:00,1.0887757491655494
2016-06-20 00:00:00,1.0802091460334253
2016-06-21 00:00:00,1.0818268994077092
2016-06-22 00:00:00,1.083031115883573
2016-06-23 00:00:00,1.0739751290179393
2016-06-24 00:00:00,1.0960559116953899
2016-06-27 00:00:00,1.1058322118942778
2016-06-28 00:00:00,1.104023613695884
2016-06-29 00:00:00,1.0979271297618702
2016-06-30 00:00:00,1.1012258571356637
2016-07-01 00:00:00,1.0954231587946621
2016-07-05 00:00:00,1.1030819568549621
2016-07-06 00:00:00,1.1029943629475603
2016-07-07 00:00:00,1.1064100524320553
2016-07-08 00:00:00,1.1083520989086921
2016-07-11 00:00:00,1.1071903139274155
2016-07-12 00:00:00,1.1021994079747306
2016-07-13 00:00:00,1.0985966004487597
2016-07-14 00:00:00,1.0991076092392935
2016-07-15 00:00:00,1.103991008300508
2016-07-18 00:00:00,1.1043222690989272
2016-07-19 00:00:00,1.108951792454219
2016-07-20 00:00:00,1.1080462163557498
2016-07-21 00:00:00,1.1075605552174657
2016-07-22 00:00:00,1.1124974076485348
2016-07-25 00:00:00,1.1117604039140694
2016-07-26 00:00:00,1.1121200459433151
2016-07-27 00:00:00,1.1137903247337708
2016-07-28 00:00:00,1.1095408700700553
2016-07-29 00:00:00,1.1037988872953843
2016-08-01 00:00:00,1.1052733459990915
2016-08-02 00:00:00,1.1005872303648945
2016-08-03 00:00:00,1.1013277210860752
2016-08-04 00:00:00,1.1013259104403752
2016-08-05 00:00:00,1.10453038428588
2016-08-08 00:00:00,1.1062692216278394
2016-08-09 00:00:00,1.1019359343659298
2016-08-10 00:00:00,1.0969548708186558
2016-08-11 00:00:00,1.093882937768552
2016-08-12 00:00:00,1.0945749739308277
2016-08-15 00:00:00,1.0956460500461522
2016-08-16 00:00:00,1.0919954323437167
2016-08-17 00:00:00,1.0942783986796858
2016-08-18 00:00:00,1.0877633485135136
2016-08-19 00:00:00,1.0893331929865988
2016-08-22 00:00:00,1.0896397846993746
2016-08-23 00:00:00,1.0892203301376226
2016-08-24 00:00:00,1.0914725147921107
2016-08-25 00:00:00,1.091928748900084
2016-08-26 00:00:00,1.094519301380415
2016-08-29 00:00:00,1.0968605445707824
2016-08-30 00:00:00,1.1016727537709383
2016-08-31 00:00:00,1.1039392748351229
2016-09-01 00:00:00,1.1024522826898802
2016-09-02 00:00:00,1.1053429903280143
2016-09-06 00:00:00,1.0965626174121255
2016-09-07 00:00:00,1.0939574683407025
2016-09-08 00:00:00,1.0942187046352336
2016-09-09 00:00:00,1.098202012425091
2016-09-12 00:00:00,1.0981220524105928
2016-09-13 00:00:00,1.0986924821571638
2016-09-14 00:00:00,1.0951420070968694
2016-09-15 00:00:00,1.0960729615934826
2016-09-16 00:00:00,1.1038736194936807
2016-09-19 00:00:00,1.10166875771844
2016-09-20 00:00:00,1.1040687376130023
2016-09-21 00:00:00,1.1042431035329079
2016-09-22 00:00:00,1.1002488267462738
2016-09-23 00:00:00,1.101241384899963
2016-09-26 00:00:00,1.0989899490607244
2016-09-27 00:00:00,1.1062324900084668
2016-09-28 00:00:00,1.1044066974344198
2016-09-29 00:00:00,1.1008449388533497
2016-09-30 00:00:00,1.1030395861358324
2016-10-03 00:00:00,1.1023272047501218
2016-10-04 00:00:00,1.10378905021329
2016-10-05 00:00:00,1.104891664417605
2016-10-06 00:00:00,1.1067985812334031
2016-10-07 00:00:00,1.1095482987154792
2016-10-11 00:00:00,1.1210350840667593
2016-10-12 00:00:00,1.121953709560569
2016-10-13 00:00:00,1.1200319017843106
2016-10-14 00:00:00,1.1221821436710087
2016-10-17 00:00:00,1.120539603869019
2016-10-18 00:00:00,1.120132882973263
2016-10-19 00:00:00,1.1225784564822985
2016-10-20 00:00:00,1.1235780481793494
2016-10-21 00:00:00,1.1286788970448298
2016-10-24 00:00:00,1.1267840291020264
2016-10-25 00:00:00,1.128046934975137
2016-10-26 00:00:00,1.1263494169704178
2016-10-27 00:00:00,1.1378953564759926
2016-10-28 00:00:00,1.135812071018114
2016-10-31 00:00:00,1.1347407562763836
2016-11-01 00:00:00,1.129574381421369
2016-11-02 00:00:00,1.1256664060384387
2016-11-03 00:00:00,1.1283201869795427
2016-11-04 00:00:00,1.1298576441472006
2016-11-07 00:00:00,1.134910836190958
2016-11-08 00:00:00,1.1336702526367206
2016-11-09 00:00:00,1.1349439415317566
2016-11-10 00:00:00,1.1388992103936377
2016-11-14 00:00:00,1.1442497129243197
2016-11-15 00:00:00,1.145169355343068
2016-11-16 00:00:00,1.1453480662274707
2016-11-17 00:00:00,1.1475799151074995
2016-11-18 00:00:00,1.149675722232329
2016-11-21 00:00:00,1.1494802508412145
2016-11-22 00:00:00,1.1479168238648279
2016-11-23 00:00:00,1.1506362652164106
2016-11-25 00:00:00,1.1479503378720004
2016-11-28 00:00:00,1.1478007656148197
2016-11-29 00:00:00,1.1452523465163331
2016-11-30 00:00:00,1.149499066151473
2016-12-01 00:00:00,1.148985877947108
2016-12-02 00:00:00,1.1453110415216043
2016-12-05 00:00:00,1.1426833470414215
2016-12-06 00:00:00,1.1403202419003737
2016-12-07 00:00:00,1.1373218033866037
2016-12-08 00:00:00,1.1406088871038824
2016-12-09 00:00:00,1.1452433085537994
2016-12-12 00:00:00,1.1445565811146707
2016-12-13 00:00:00,1.1423379992808853
2016-12-14 00:00:00,1.1421598767571626
2016-12-15 00:00:00,1.159658903511869
2016-12-16 00:00:00,1.1555794765377236
2016-12-19 00:00:00,1.1545250998751488
2016-12-20 00:00:00,1.1553113058602809
2016-12-21 00:00:00,1.146874699225898
2016-12-22 00:00:00,1.144353378818596
2016-12-23 00:00:00,1.1447593649020396
2016-12-27 00:00:00,1.1466854446886348
2016-12-28 00:00:00,1.145181770552454
2016-12-29 00:00:00,1.1394105294108556
2016-12-30 00:00:00,1.1365494846539275
2017-01-03 00:00:00,1.141807102961101
2017-01-04 00:00:00,1.1385253849867614
2017-01-05 00:00:00,1.1306802950631836
2017-01-06 00:00:00,1.133687792164571
2017-01-09 00:00:00,1.1337699218676722
2017-01-10 00:00:00,1.135109530300088
2017-01-11 00:00:00,1.1375257258062634
2017-01-12 00:00:00,1.1243221953798932
2017-01-13 00:00:00,1.1244226561936992
2017-01-17 00:00:00,1.124195065759115
2017-01-18 00:00:00,1.1242456195173085
2017-01-19 00:00:00,1.1286924641293992
2017-01-23 00:00:00,1.1190507269457166
2017-01-24 00:00:00,1.1188783444238468
2017-01-25 00:00:00,1.1176819125411328
2017-01-26 00:00:00,1.1200025405390783
2017-01-27 00:00:00,1.119346262348091
2017-01-30 00:00:00,1.1185438764501392
2017-01-31 00:00:00,1.1121092249965452
2017-02-01 00:00:00,1.11292431632062
2017-02-02 00:00:00,1.1094049144722589
2017-02-03 00:00:00,1.1130916139963023
2017-02-06 00:00:00,1.117877200873405
2017-02-07 00:00:00,1.1198614113110332
2017-02-08 00:00:00,1.1176772131770378
2017-02-09 00:00:00,1.122485048876226
2017-02-10 00:00:00,1.1223857045349537
2017-02-13 00:00:00,1.1249080380586676
2017-02-14 00:00:00,1.1251210945355608
2017-02-15 00:00:00,1.123579637961251
2017-02-16 00:00:00,1.1193726047724262
2017-02-17 00:00:00,1.1233528021316537
2017-02-21 00:00:00,1.1268528935513251
2017-02-22 00:00:00,1.1278023000138058
2017-02-23 00:00:00,1.1280266488681658
2017-02-24 00:00:00,1.1289090127363022
2017-02-27 00:00:00,1.1298304305687032
2017-02-28 00:00:00,1.1295228424373214
2017-03-01 00:00:00,1.1308244475441311
2017-03-02 00:00:00,1.1333356377506094
2017-03-03 00:00:00,1.1312600955032652
2017-03-06 00:00:00,1.1294157435238255
2017-03-07 00:00:00,1.1283180577118208
2017-03-08 00:00:00,1.1315898751963427
2017-03-09 00:00:00,1.130569238910844
2017-03-10 00:00:00,1.1293574147576855
2017-03-13 00:00:00,1.12457284273351
2017-03-14 00:00:00,1.1245518009182356
2017-03-15 00:00:00,1.1252023319655122
2017-03-16 00:00:00,1.115612235885822
2017-03-17 00:00:00,1.1150169129908882
2017-03-20 00:00:00,1.1155430273293048
2017-03-21 00:00:00,1.1128787923317063
2017-03-22 00:00:00,1.1135110619831248
2017-03-23 00:00:00,1.1145870464406609
2017-03-24 00:00:00,1.1143263444197373
2017-03-27 00:00:00,1.111263869530732
2017-03-28 00:00:00,1.1124058832587147
2017-03-29 00:00:00,1.1191533348601164
2017-03-30 00:00:00,1.1211808304224302
2017-03-31 00:00:00,1.12295355519767
2017-04-03 00:00:00,1.1249485569429862
2017-04-04 00:00:00,1.1275252432541425
2017-04-05 00:00:00,1.1258283268062619
2017-04-06 00:00:00,1.1278456104930548
2017-04-07 00:00:00,1.130756755286324
2017-04-10 00:00:00,1.1316120430420198
2017-04-11 00:00:00,1.1302770746409356
2017-04-12 00:00:00,1.1282407381068043
2017-04-13 00:00:00,1.1288108907193595
2017-04-14 00:00:00,1.128990843730751
2017-04-17 00:00:00,1.1259667504421833
2017-04-18 00:00:00,1.1250180568004624
2017-04-19 00:00:00,1.125545043034285
2017-04-20 00:00:00,1.1235585223414628
2017-04-21 00:00:00,1.127776020463769
2017-04-24 00:00:00,1.1176414374490333
2017-04-25 00:00:00,1.1098872344980584
2017-04-26 00:00:00,1.1111547675180364
2017-04-27 00:00:00,1.1157910826053457
2017-04-28 00:00:00,1.1167169449078351
2017-05-01 00:00:00,1.1140973468336302
2017-05-02 00:00:00,1.114113603354826
2017-05-03 00:00:00,1.113016165976481
2017-05-04 00:00:00,1.113047221501981
2017-05-05 00:00:00,1.1113903949951935
2017-05-08 00:00:00,1.114476043735683
2017-05-09 00:00:00,1.1180552234633034
2017-05-10 00:00:00,1.1198154425461548
2017-05-11 00:00:00,1.1173895909203375
2017-05-12 00:00:00,1.11473601162589
2017-05-15 00:00:00,1.1128708147425939
2017-05-16 00:00:00,1.1112955985361146
2017-05-17 00:00:00,1.107936028699883
2017-05-18 00:00:00,1.1095169994594907
2017-05-19 00:00:00,1.10682338103767
2017-05-22 00:00:00,1.1037564633830497
2017-05-23 00:00:00,1.1042610211338013
2017-05-24 00:00:00,1.1044884555000933
2017-05-25 00:00:00,1.1016123006712755
2017-05-26 00:00:00,1.103021270763512
2017-05-30 00:00:00,1.1054298285280721
2017-05-31 00:00:00,1.101872035641949
2017-06-01 00:00:00,1.1027694878146448
2017-06-02 00:00:00,1.0982426549759499
2017-06-05 00:00:00,1.1004441647121337
2017-06-06 00:00:00,1.101232343903525
2017-06-07 00:00:00,1.1027686820691627
2017-06-08 00:00:00,1.1043121880698208
2017-06-09 00:00:00,1.1043974275070094
2017-06-12 00:00:00,1.106080734579278
2017-06-13 00:00:00,1.1032167858996391
2017-06-14 00:00:00,1.0985354664237108
2017-06-15 00:00:00,1.106585492407324
2017-06-16 00:00:00,1.103047491626175
2017-06-19 00:00:00,1.1052568390046096
2017-06-20 00:00:00,1.1096410208360648
2017-06-21 00:00:00,1.1072169680247164
2017-06-22 00:00:00,1.1065030591524965
2017-06-23 00:00:00,1.103542248434137
2017-06-26 00:00:00,1.103418657379102
2017-06-27 00:00:00,1.0959424341330937
2017-06-28 00:00:00,1.0921855953528194
2017-06-29 00:00:00,1.0865626241863198
2017-06-30 00:00:00,1.082160060543463
2017-07-03 00:00:00,1.0848127664733627
2017-07-05 00:00:00,1.0870286468357246
2017-07-06 00:00:00,1.082419983516296
2017-07-07 00:00:00,1.0817195201932006
2017-07-10 00:00:00,1.0816232931891725
2017-07-11 00:00:00,1.0806981443691648
2017-07-12 00:00:00,1.0799787037030428
2017-07-13 00:00:00,1.0757871089600202
2017-07-14 00:00:00,1.072771407192525
2017-07-17 00:00:00,1.0704045139004603
2017-07-18 00:00:00,1.0680880804966144
2017-07-19 00:00:00,1.06927897270269
2017-07-20 00:00:00,1.0644148887198908
2017-07-21 00:00:00,1.0658353164049472
2017-07-24 00:00:00,1.0633893834901096
2017-07-25 00:00:00,1.0618205261619005
2017-07-26 00:00:00,1.0640804427303927
2017-07-27 00:00:00,1.063990551998281
2017-07-28 00:00:00,1.0544357940345117
2017-07-31 00:00:00,1.050706127557891
2017-08-01 00:00:00,1.0538669576989839
2017-08-02 00:00:00,1.0523785196218143
2017-08-03 00:00:00,1.0520107573190627
2017-08-04 00:00:00,1.057899200744996
2017-08-07 00:00:00,1.0576896343416005
2017-08-08 00:00:00,1.060438426773202
2017-08-09 00:00:00,1.0599681507688177
2017-08-10 00:00:00,1.0564806417427937
2017-08-11 00:00:00,1.0558262550936486
2017-08-14 00:00:00,1.0532126930049377
2017-08-15 00:00:00,1.0509098094142577
2017-08-16 00:00:00,1.0537021855161675
2017-08-17 00:00:00,1.0534307464684178
2017-08-18 00:00:00,1.0527715883384485
2017-08-21 00:00:00,1.0493466661460145
2017-08-22 00:00:00,1.0522448253408656
2017-08-23 00:00:00,1.04975548162786
2017-08-24 00:00:00,1.0482276686979908
2017-08-25 00:00:00,1.0427111476101982
2017-08-28 00:00:00,1.0393431306738
2017-08-29 00:00:00,1.03515772041564
2017-08-30 00:00:00,1.0396235740364543
2017-08-31 00:00:00,1.03880695492308
2017-09-01 00:00:00,1.0419679343864718
2017-09-05 00:00:00,1.039498946151925
2017-09-06 00:00:00,1.0382435132525867
2017-09-07 00:00:00,1.037550150487497
2017-09-08 00:00:00,1.036828662225343
2017-09-11 00:00:00,1.0430317964114837
2017-09-12 00:00:00,1.0390291524966495
2017-09-13 00:00:00,1.044963558709036
2017-09-14 00:00:00,1.0433306368306166
2017-09-15 00:00:00,1.038591634267703
2017-09-18 00:00:00,1.0392857208946544
2017-09-19 00:00:00,1.0384429929460475
2017-09-20 00:00:00,1.0373743316373965
2017-09-21 00:00:00,1.0394019221535662
2017-09-22 00:00:00,1.037835120323651
2017-09-25 00:00:00,1.0461865511880006
2017-09-26 00:00:00,1.0546406949695417
2017-09-27 00:00:00,1.0548999416893585
2017-09-28 00:00:00,1.0540153116825084
2017-09-29 00:00:00,1.0550428237733833
2017-10-02 00:00:00,1.055471789618313
2017-10-03 00:00:00,1.0524841775230873
2017-10-04 00:00:00,1.0499041810719347
2017-10-05 00:00:00,1.0532455599122512
2017-10-06 00:00:00,1.0518511583216459
2017-10-10 00:00:00,1.0478627834972132
2017-10-11 00:00:00,1.0459853593557202
2017-10-12 00:00:00,1.0504163711866548
2017-10-13 00:00:00,1.0498334546034558
2017-10-16 00:00:00,1.0499928916661772
2017-10-17 00:00:00,1.05501808505592
2017-10-18 00:00:00,1.0542292728058142
2017-10-19 00:00:00,1.0530713682617028
2017-10-20 00:00:00,1.0558766237069774
2017-10-23 00:00:00,1.0571408495771613
2017-10-24 00:00:00,1.0584253046568006
2017-10-25 00:00:00,1.0599141182234484
2017-10-26 00:00:00,1.067718895163029
2017-10-27 00:00:00,1.07275058660127
2017-10-30 00:00:00,1.0710687340546206
2017-10-31 00:00:00,1.071093354081423
2017-11-01 00:00:00,1.0743032921886584
2017-11-02 00:00:00,1.0728957520382956
2017-11-03 00:00:00,1.0767729739383973
2017-11-06 00:00:00,1.0742864618532375
2017-11-07 00:00:00,1.0741096698921677
2017-11-08 00:00:00,1.0724846316550158
2017-11-09 00:00:00,1.0712732423991285
2017-11-13 00:00:00,1.073305766939598
2017-11-14 00:00:00,1.0752215387957533
2017-11-15 00:00:00,1.0771417124725833
2017-11-16 00:00:00,1.0739074867070102
2017-11-17 00:00:00,1.0765437460514948
2017-11-20 00:00:00,1.0798762621321454
2017-11-21 00:00:00,1.0758095640052385
2017-11-22 00:00:00,1.0716460102112988
2017-11-24 00:00:00,1.0632890492282723
2017-11-27 00:00:00,1.0648991104881953
2017-11-28 00:00:00,1.0681677393140994
2017-11-29 00:00:00,1.0691935214396446
2017-11-30 00:00:00,1.069859354923831
2017-12-01 00:00:00,1.069997428373958
2017-12-04 00:00:00,1.074887376059327
2017-12-05 00:00:00,1.0710169558314664
2017-12-06 00:00:00,1.075253222667108
2017-12-07 00:00:00,1.0781970607578941
2017-12-08 00:00:00,1.0782986277868845
2017-12-11 00:00:00,1.0803365021075706
2017-12-12 00:00:00,1.076356324105733
2017-12-13 00:00:00,1.076291951270784
2017-12-14 00:00:00,1.074834896539468
2017-12-15 00:00:00,1.0808242421161756
2017-12-18 00:00:00,1.0737717022016016
2017-12-19 00:00:00,1.0739231355781558
2017-12-20 00:00:00,1.0705576712743918
2017-12-21 00:00:00,1.0717258297150716
2017-12-22 00:00:00,1.0688023898855383
2017-12-26 00:00:00,1.0676981018133997
2017-12-27 00:00:00,1.0613438769072796
2017-12-28 00:00:00,1.0592427329615508
2017-12-29 00:00:00,1.053249791554654
2018-01-02 00:00:00,1.0531255031825248
2018-01-03 00:00:00,1.0529333179996634
2018-01-04 00:00:00,1.0499966120802247
2018-01-05 00:00:00,1.0496063007720606
2018-01-08 00:00:00,1.0551152075880081
2018-01-09 00:00:00,1.0586392337032977
2018-01-10 00:00:00,1.0548927527272585
2018-01-11 00:00:00,1.049329180515458
2018-01-12 00:00:00,1.0458984588899212
2018-01-16 00:00:00,1.0412187697319484
2018-01-17 00:00:00,1.04034632366244
2018-01-18 00:00:00,1.038899203305885
2018-01-19 00:00:00,1.0405758904876699
2018-01-22 00:00:00,1.0410806751532573
2018-01-23 00:00:00,1.0399448639608637
2018-01-24 00:00:00,1.0320595157600452
2018-01-25 00:00:00,1.0242005745826772
2018-01-26 00:00:00,1.025738380680392
2018-01-29 00:00:00,1.0287768738086298
2018-01-30 00:00:00,1.0274674821691998
2018-01-31 00:00:00,1.0256879132182999
2018-02-01 00:00:00,1.0242763603869418
2018-02-02 00:00:00,1.0288138953886565
2018-02-05 00:00:00,1.030257765299765
2018-02-06 00:00:00,1.0327356832647092
2018-02-07 00:00:00,1.0402632778046454
2018-02-08 00:00:00,1.047399289626524
2018-02-09 00:00:00,1.04600063068811
2018-02-12 00:00:00,1.0442071560864574
2018-02-13 00:00:00,1.0388170360096285
2018-02-14 00:00:00,1.0369439865909136
2018-02-15 00:00:00,1.032841801219734
2018-02-16 00:00:00,1.0313875853792487
2018-02-20 00:00:00,1.0431183671364852
2018-02-21 00:00:00,1.0429837759833798
2018-02-22 00:00:00,1.0469171683477958
2018-02-23 00:00:00,1.0501340714325167
2018-02-26 00:00:00,1.0500606266784687
2018-02-27 00:00:00,1.0552889599469522
2018-02-28 00:00:00,1.0590566181601333
2018-03-01 00:00:00,1.0582454114923892
2018-03-02 00:00:00,1.0580810192563779
2018-03-05 00:00:00,1.0577586932894463
2018-03-06 00:00:00,1.053789868545935
2018-03-07 00:00:00,1.0574878580066254
2018-03-08 00:00:00,1.0588091536590967
2018-03-09 00:00:00,1.0554401862228968
2018-03-12 00:00:00,1.056669282459473
2018-03-13 00:00:00,1.0528597280751273
2018-03-14 00:00:00,1.0524662014742736
2018-03-15 00:00:00,1.0510157679945527
2018-03-16 00:00:00,1.0522437118478787
2018-03-19 00:00:00,1.0500468289755638
2018-03-20 00:00:00,1.0528301766249464
2018-03-21 00:00:00,1.0543441653483412
2018-03-22 00:00:00,1.056109498079852
2018-03-23 00:00:00,1.056253039334284
2018-03-26 00:00:00,1.0517448369779752
2018-03-27 00:00:00,1.053178726198937
2018-03-28 00:00:00,1.061545944514453
2018-03-29 00:00:00,1.0654505046894294
2018-03-30 00:00:00,1.0653940732649414
2018-04-02 00:00:00,1.0676069081435027
2018-04-03 00:00:00,1.0681375161926248
2018-04-04 00:00:00,1.0685307250770535
2018-04-05 00:00:00,1.070689622303975
2018-04-06 00:00:00,1.0674294707933891
2018-04-09 00:00:00,1.065039278692478
2018-04-10 00:00:00,1.061234752948492
2018-04-11 00:00:00,1.0621355678255657
2018-04-12 00:00:00,1.0698569950113441
2018-04-13 00:00:00,1.0715763755159207
2018-04-16 00:00:00,1.0700793083057643
2018-04-17 00:00:00,1.0692562685489864
2018-04-18 00:00:00,1.0671067545685147
2018-04-19 00:00:00,1.0682388005159638
2018-04-20 00:00:00,1.0712386179883473
2018-04-23 00:00:00,1.0755777663967747
2018-04-24 00:00:00,1.076523323119791
2018-04-25 00:00:00,1.0800353183323053
2018-04-26 00:00:00,1.0876751348426048
2018-04-27 00:00:00,1.0888627237409563
2018-04-30 00:00:00,1.0952218117096293
2018-05-01 00:00:00,1.1006954623807241
2018-05-02 00:00:00,1.1048752343642871
2018-05-03 00:00:00,1.100807343742504
2018-05-04 00:00:00,1.0979558208674252
2018-05-07 00:00:00,1.0990014050000991
2018-05-08 00:00:00,1.098595073383276
2018-05-09 00:00:00,1.0904741588553073
2018-05-10 00:00:00,1.0873147118343347
2018-05-11 00:00:00,1.0817849986214116
2018-05-14 00:00:00,1.082426349638188
2018-05-15 00:00:00,1.0874246177425126
2018-05-16 00:00:00,1.087338014008021
2018-05-17 00:00:00,1.0931277890508573
2018-05-18 00:00:00,1.0935008013043037
2018-05-21 00:00:00,1.089805781709354
2018-05-22 00:00:00,1.087444030610632
2018-05-23 00:00:00,1.0947122242864422
2018-05-24 00:00:00,1.093533947339802
2018-05-25 00:00:00,1.092685456322379
2018-05-29 00:00:00,1.1080541743585064
2018-05-30 00:00:00,1.096937996259955
2018-05-31 00:00:00,1.0983988678826369
2018-06-01 00:00:00,1.0981386009427432
2018-06-04 00:00:00,1.0931288115488353
2018-06-05 00:00:00,1.0948717194931306
2018-06-06 00:00:00,1.0911544912814761
2018-06-07 00:00:00,1.0874631982335383
2018-06-08 00:00:00,1.0901553584243318
2018-06-11 00:00:00,1.0852224944921738
2018-06-12 00:00:00,1.081726392248622
2018-06-13 00:00:00,1.0825866657712298
2018-06-14 00:00:00,1.0875268247120338
2018-06-15 00:00:00,1.09477305958556
2018-06-18 00:00:00,1.098216181706725
2018-06-19 00:00:00,1.1036707442988494
2018-06-20 00:00:00,1.1010111433990506
2018-06-21 00:00:00,1.1036364341701683
2018-06-22 00:00:00,1.1008622754565398
2018-06-25 00:00:00,1.1008130453754983
2018-06-26 00:00:00,1.0997396193113
2018-06-27 00:00:00,1.1053682406443526
2018-06-28 00:00:00,1.1105130244738055
2018-06-29 00:00:00,1.10638169965259
2018-07-02 00:00:00,1.1096803525922083
2018-07-03 00:00:00,1.0973119241353997
2018-07-05 00:00:00,1.092920952755663
2018-07-06 00:00:00,1.0899396800330021
2018-07-09 00:00:00,1.0896302521166266
2018-07-10 00:00:00,1.0913036465083723
2018-07-11 00:00:00,1.093424162576321
2018-07-12 00:00:00,1.098366672242466
2018-07-13 00:00:00,1.1025256628623983
2018-07-16 00:00:00,1.0964456582081026
2018-07-17 00:00:00,1.096716756470537
2018-07-18 00:00:00,1.099528247491594
2018-07-19 00:00:00,1.105046467642324
2018-07-20 00:00:00,1.0995955807202844
2018-07-23 00:00:00,1.0984636762772841
2018-07-24 00:00:00,1.0966527669665456
2018-07-25 00:00:00,1.094810282032891
2018-07-26 00:00:00,1.0948781017542666
2018-07-27 00:00:00,1.0971588509898136
2018-07-30 00:00:00,1.0908688213982758
2018-07-31 00:00:00,1.0932733461599278
2018-08-01 00:00:00,1.0945135039736558
2018-08-02 00:00:00,1.0995053617378914
2018-08-03 00:00:00,1.1014575818310508
2018-08-06 00:00:00,1.1028210623964132
2018-08-07 00:00:00,1.102037629156851
2018-08-08 00:00:00,1.105493820148164
2018-08-09 00:00:00,1.1067402444387746
2018-08-10 00:00:00,1.1176027398349309
2018-08-13 00:00:00,1.117261130213442
2018-08-14 00:00:00,1.117089194932428
2018-08-15 00:00:00,1.1232223591911936
2018-08-16 00:00:00,1.1207989514052135
2018-08-17 00:00:00,1.1197475208304553
2018-08-20 00:00:00,1.1200410493784492
2018-08-21 00:00:00,1.116058619135495
2018-08-22 00:00:00,1.1123707165960903
2018-08-23 00:00:00,1.1160138689444303
2018-08-24 00:00:00,1.1154803350244586
2018-08-27 00:00:00,1.1141594547063514
2018-08-28 00:00:00,1.1154765887772975
2018-08-29 00:00:00,1.1178922526398458
2018-08-30 00:00:00,1.1169551906941793
2018-08-31 00:00:00,1.1181039135878563
2018-09-04 00:00:00,1.1150052968363806
2018-09-05 00:00:00,1.1120970700179789
2018-09-06 00:00:00,1.1120062031014044
2018-09-07 00:00:00,1.1127476986000944
2018-09-10 00:00:00,1.109542786070478
2018-09-11 00:00:00,1.109465535728571
2018-09-12 00:00:00,1.111477281277254
2018-09-13 00:00:00,1.106045826889901
2018-09-14 00:00:00,1.1089143161452386
2018-09-17 00:00:00,1.100707198178059
2018-09-18 00:00:00,1.0995937680832488
2018-09-19 00:00:00,1.0972903066082995
2018-09-20 00:00:00,1.0917918544047667
2018-09-21 00:00:00,1.0917867121322453
2018-09-24 00:00:00,1.0918401585423865
2018-09-25 00:00:00,1.0916811756384242
2018-09-26 00:00:00,1.092670700229932
2018-09-27 00:00:00,1.0934893769393703
2018-09-28 00:00:00,1.0976149099915975
2018-10-01 00:00:00,1.1026074090337656
2018-10-02 00:00:00,1.105136838086728
2018-10-03 00:00:00,1.1081181664585316
2018-10-04 00:00:00,1.1093724867466135
2018-10-05 00:00:00,1.1119211990563
2018-10-09 00:00:00,1.1138692333325102
2018-10-10 00:00:00,1.1124802091927322
2018-10-11 00:00:00,1.1068336522776339
2018-10-12 00:00:00,1.103328206149272
2018-10-15 00:00:00,1.1015117695552337
2018-10-16 00:00:00,1.0975686968371612
2018-10-17 00:00:00,1.1020008127232195
2018-10-18 00:00:00,1.1068023845200563
2018-10-19 00:00:00,1.104522809136735
2018-10-22 00:00:00,1.1051881734522726
2018-10-23 00:00:00,1.1078012637112244
2018-10-24 00:00:00,1.111943287582854
2018-10-25 00:00:00,1.1127758071435554
2018-10-26 00:00:00,1.1138576192296752
2018-10-29 00:00:00,1.113950825569626
2018-10-30 00:00:00,1.115853413902824
2018-10-31 00:00:00,1.1150866597776603
2018-11-01 00:00:00,1.1150302283531723
2018-11-02 00:00:00,1.1102994587853492
2018-11-05 00:00:00,1.10986465420067
2018-11-06 00:00:00,1.1097669179482925
2018-11-07 00:00:00,1.1049376889165547
2018-11-08 00:00:00,1.103508184973804
2018-11-09 00:00:00,1.1095976236748284
2018-11-13 00:00:00,1.1129033300039108
2018-11-14 00:00:00,1.1104951587501688
2018-11-15 00:00:00,1.1081797267544313
2018-11-16 00:00:00,1.1054577243928727
2018-11-19 00:00:00,1.104521697585064
2018-11-20 00:00:00,1.1087215747277872
2018-11-21 00:00:00,1.1061725218286071
2018-11-23 00:00:00,1.110472077896978
2018-11-26 00:00:00,1.110552724161753
2018-11-27 00:00:00,1.112000177060573
2018-11-28 00:00:00,1.1109738886188905
2018-11-29 00:00:00,1.1081139089412833
2018-11-30 00:00:00,1.1106899628796303
2018-12-03 00:00:00,1.1054714841110527
2018-12-04 00:00:00,1.1043835264548854
2018-12-06 00:00:00,1.1039848289708978
2018-12-07 00:00:00,1.1058861467975456
2018-12-10 00:00:00,1.1091871151086785
2018-12-11 00:00:00,1.1092337354975048
2018-12-12 00:00:00,1.109842884854581
2018-12-13 00:00:00,1.1071985199477874
2018-12-14 00:00:00,1.1086451514437254
2018-12-17 00:00:00,1.1064422373799756
2018-12-18 00:00:00,1.108208844623209
2018-12-19 00:00:00,1.1071938804344503
2018-12-20 00:00:00,1.1026157722196661
2018-12-21 00:00:00,1.1046891634327216
2018-12-26 00:00:00,1.1079349177396884
2018-12-27 00:00:00,1.103698187413012
2018-12-28 00:00:00,1.1000904899624626
2018-12-31 00:00:00,1.0933220331754956
2019-01-02 00:00:00,1.102340237754239
2019-01-03 00:00:00,1.1027947790340775
2019-01-04 00:00:00,1.0991086607155083
2019-01-07 00:00:00,1.0956737485777015
2019-01-08 00:00:00,1.0975279110426588
2019-01-09 00:00:00,1.0942927173871333
2019-01-10 00:00:00,1.0941860285245693
2019-01-11 00:00:00,1.097529155291513
2019-01-15 00:00:00,1.1007096919633268
2019-01-16 00:00:00,1.1012363404264023
2019-01-17 00:00:00,1.1041418045705875
2019-01-18 00:00:00,1.1035077603791248
2019-01-22 00:00:00,1.103980268408552
2019-01-23 00:00:00,1.1029139035069493
2019-01-24 00:00:00,1.1070912650374398
2019-01-25 00:00:00,1.1055792154830164
2019-01-28 00:00:00,1.105585010577411
2019-01-29 00:00:00,1.1069013222195978
2019-01-30 00:00:00,1.108095102600752
2019-01-31 00:00:00,1.1049867935870648
2019-02-01 00:00:00,1.1043691088094845
2019-02-04 00:00:00,1.1083368696120144
2019-02-05 00:00:00,1.109169213408598
2019-02-06 00:00:00,1.1133370989541695
2019-02-07 00:00:00,1.1176870759685509
2019-02-08 00:00:00,1.1194178992829036
2019-02-11 00:00:00,1.1217152343290469
2019-02-12 00:00:00,1.1189616347756144
2019-02-13 00:00:00,1.1177599512110976
2019-02-14 00:00:00,1.1217030865340485
2019-02-15 00:00:00,1.1205646327256638
2019-02-19 00:00:00,1.1230530236862735
2019-02-21 00:00:00,1.1247051323977368
2019-02-22 00:00:00,1.1245903926338765
2019-02-25 00:00:00,1.1226360709876544
2019-02-26 00:00:00,1.121272839062966
2019-02-27 00:00:00,1.1189357258085308
2019-02-28 00:00:00,1.116694444556777
2019-03-01 00:00:00,1.1184003516059209
2019-03-04 00:00:00,1.123823866402437
2019-03-05 00:00:00,1.1224669547495139
2019-03-06 00:00:00,1.1200292768184807
2019-03-07 00:00:00,1.1297438781899922
2019-03-08 00:00:00,1.1295411585407809
2019-03-11 00:00:00,1.1282032541984524
2019-03-12 00:00:00,1.1247995848605008
2019-03-13 00:00:00,1.1207372061666176
2019-03-14 00:00:00,1.1214130699401037
2019-03-15 00:00:00,1.1164588332097949
2019-03-18 00:00:00,1.1160837044453893
2019-03-19 00:00:00,1.1138205377472852
2019-03-20 00:00:00,1.1125506747959872
2019-03-21 00:00:00,1.112117847625333
2019-03-22 00:00:00,1.1197918066378334
2019-03-25 00:00:00,1.1153428390586386
2019-03-26 00:00:00,1.1155391144043731
2019-03-27 00:00:00,1.1184726871521664
2019-03-28 00:00:00,1.1196644359524546
2019-03-29 00:00:00,1.1195227653512154
2019-04-01 00:00:00,1.1186257809710478
2019-04-02 00:00:00,1.1220217732071722
2019-04-03 00:00:00,1.1172939516341742
2019-04-04 00:00:00,1.118107766174351
2019-04-05 00:00:00,1.1187549460924584
2019-04-08 00:00:00,1.11637770136431
2019-04-09 00:00:00,1.1157515663216677
2019-04-10 00:00:00,1.117018396607177
2019-04-11 00:00:00,1.117674153495277
2019-04-12 00:00:00,1.116898931662758
2019-04-15 00:00:00,1.116426280672323
2019-04-16 00:00:00,1.1155224495994782
2019-04-17 00:00:00,1.1154991637636729
2019-04-18 00:00:00,1.119112839272641
2019-04-19 00:00:00,1.119187371693536
2019-04-22 00:00:00,1.1191112992822585
2019-04-23 00:00:00,1.1232229066914048
2019-04-24 00:00:00,1.1252067249382172
2019-04-25 00:00:00,1.133406456342564
2019-04-26 00:00:00,1.1314218983251099
2019-04-29 00:00:00,1.1330126645876288
2019-04-30 00:00:00,1.1316981694724788
2019-05-01 00:00:00,1.1311835110794777
2019-05-02 00:00:00,1.1354612860741782
2019-05-03 00:00:00,1.134288380870989
2019-05-06 00:00:00,1.1350696988589435
2019-05-07 00:00:00,1.1373464304414043
2019-05-08 00:00:00,1.1366622274022309
2019-05-09 00:00:00,1.1401090884680913
2019-05-10 00:00:00,1.1382633442763366
2019-05-13 00:00:00,1.1386843126856718
2019-05-14 00:00:00,1.1386829160718146
2019-05-15 00:00:00,1.1370508753452824
2019-05-16 00:00:00,1.1370866373296997
2019-05-17 00:00:00,1.1394171648683016
2019-05-20 00:00:00,1.1402371977192989
2019-05-21 00:00:00,1.1404723403730406
2019-05-22 00:00:00,1.1387781304712339
2019-05-23 00:00:00,1.1381655825426715
2019-05-24 00:00:00,1.133789707723427
2019-05-28 00:00:00,1.1345638549989119
2019-05-29 00:00:00,1.1346250038981989
2019-05-30 00:00:00,1.1322080591455845
2019-05-31 00:00:00,1.1310143870494977
2019-06-03 00:00:00,1.1284368560580746
2019-06-04 00:00:00,1.1273178477897003
2019-06-05 00:00:00,1.1262014157933924
2019-06-06 00:00:00,1.1262975504987596
2019-06-07 00:00:00,1.1235791999333138
2019-06-10 00:00:00,1.1246235868127263
2019-06-11 00:00:00,1.1261663856395903
2019-06-12 00:00:00,1.1266939990321678
2019-06-13 00:00:00,1.1289246604264198
2019-06-14 00:00:00,1.1287423258550144
2019-06-17 00:00:00,1.12772097592976
2019-06-18 00:00:00,1.1307563702321697
2019-06-19 00:00:00,1.1306999388076815
2019-06-20 00:00:00,1.1241913000576034
2019-06-21 00:00:00,1.1221158923787662
2019-06-24 00:00:00,1.116117205916532
2019-06-25 00:00:00,1.1136840330362046
2019-06-26 00:00:00,1.1131050097613593
2019-06-27 00:00:00,1.114416010792894
2019-06-28 00:00:00,1.1153860801152728
2019-07-01 00:00:00,1.1185641032527898
2019-07-02 00:00:00,1.1175637626975337
2019-07-03 00:00:00,1.1170897745902872
2019-07-05 00:00:00,1.125137143795058
2019-07-08 00:00:00,1.1263808651064076
2019-07-09 00:00:00,1.1268492361130182
2019-07-10 00:00:00,1.1230038006306786
2019-07-11 00:00:00,1.1212793709781135
2019-07-12 00:00:00,1.1206949597696216
2019-07-15 00:00:00,1.1193792496815116
2019-07-16 00:00:00,1.1208268852501078
2019-07-17 00:00:00,1.1190657101166193
2019-07-18 00:00:00,1.1188343873360984
2019-07-19 00:00:00,1.1204192469873087
2019-07-22 00:00:00,1.1223859642883847
2019-07-23 00:00:00,1.1259562376714558
2019-07-24 00:00:00,1.12358249211541
2019-07-25 00:00:00,1.1242008807050925
2019-07-26 00:00:00,1.1278353146699978
2019-07-29 00:00:00,1.127017899037706
2019-07-30 00:00:00,1.132111819039495
2019-07-31 00:00:00,1.1336047670612706
2019-08-01 00:00:00,1.1369943195372438
2019-08-02 00:00:00,1.1363592395836812
2019-08-05 00:00:00,1.1345415987961591
2019-08-06 00:00:00,1.1330772101065216
2019-08-07 00:00:00,1.1356651316683803
2019-08-08 00:00:00,1.1323288787329295
2019-08-09 00:00:00,1.1298351872887382
2019-08-12 00:00:00,1.1317957337011664
2019-08-13 00:00:00,1.1305245523507867
2019-08-14 00:00:00,1.1354745792793677
2019-08-15 00:00:00,1.1358269675916066
2019-08-16 00:00:00,1.1372909793075199
2019-08-19 00:00:00,1.137386159663179
2019-08-20 00:00:00,1.1396787448032046
2019-08-21 00:00:00,1.1344342983537778
2019-08-22 00:00:00,1.137053121278517
2019-08-23 00:00:00,1.134786323686734
2019-08-26 00:00:00,1.1373706488968585
2019-08-27 00:00:00,1.136774613424151
2019-08-28 00:00:00,1.140138976882542
2019-08-29 00:00:00,1.1430958535193443
2019-08-30 00:00:00,1.1464737742981201
2019-09-03 00:00:00,1.1470092009366424
2019-09-04 00:00:00,1.141879919637109
2019-09-05 00:00:00,1.1374840079052466
2019-09-06 00:00:00,1.1336727180234978
2019-09-09 00:00:00,1.1355088468120944
2019-09-10 00:00:00,1.1378523914582976
2019-09-11 00:00:00,1.1377114469821612
2019-09-12 00:00:00,1.1342604539261247
2019-09-13 00:00:00,1.1328756355042602
2019-09-16 00:00:00,1.1361987447981956
2019-09-17 00:00:00,1.1365181200795644
2019-09-18 00:00:00,1.137936002066969
2019-09-19 00:00:00,1.1382590289767207
2019-09-20 00:00:00,1.1399728895726104
2019-09-23 00:00:00,1.1393415423653326
2019-09-24 00:00:00,1.1374087677840976
2019-09-25 00:00:00,1.141146619644197
2019-09-26 00:00:00,1.1412806930105204
2019-09-27 00:00:00,1.1438074946727694
2019-09-30 00:00:00,1.1455210722001614
2019-10-01 00:00:00,1.1482881526055093
2019-10-02 00:00:00,1.1482317211810213
2019-10-03 00:00:00,1.145750147168369
2019-10-04 00:00:00,1.146494642422658
2019-10-07 00:00:00,1.1492673552508266
2019-10-08 00:00:00,1.151926492446507
2019-10-09 00:00:00,1.1524706594804985
2019-10-10 00:00:00,1.1456494168474198
2019-10-11 00:00:00,1.1455929854229319
2019-10-15 00:00:00,1.14265539708107
2019-10-16 00:00:00,1.14195413010874
2019-10-17 00:00:00,1.1376078747087754
2019-10-18 00:00:00,1.1349978505617058
2019-10-21 00:00:00,1.13265883444505
2019-10-22 00:00:00,1.1328345141373626
2019-10-23 00:00:00,1.1343856023972185
2019-10-24 00:00:00,1.1336543538422639
2019-10-25 00:00:00,1.1361431423168373
2019-10-28 00:00:00,1.1369542861212125
2019-10-29 00:00:00,1.1376848736430194
2019-10-30 00:00:00,1.1359859153566898
2019-10-31 00:00:00,1.1324761265503756
2019-11-01 00:00:00,1.1281458748094464
2019-11-04 00:00:00,1.1305014632302006
2019-11-05 00:00:00,1.1345206933962946
2019-11-06 00:00:00,1.131302598195001
2019-11-07 00:00:00,1.1324075674235825
2019-11-08 00:00:00,1.1367470428064166
2019-11-12 00:00:00,1.1367206583034741
2019-11-13 00:00:00,1.1378815241607396
2019-11-14 00:00:00,1.1357894150344385
2019-11-15 00:00:00,1.1327226601179239
2019-11-18 00:00:00,1.1306624878757041
2019-11-19 00:00:00,1.132195507998402
2019-11-20 00:00:00,1.1317425180320313
2019-11-21 00:00:00,1.1317471304422622
2019-11-22 00:00:00,1.1310246367240722
2019-11-25 00:00:00,1.1323901597025359
2019-11-26 00:00:00,1.1293230437073933
2019-11-27 00:00:00,1.1281450677862654
2019-11-29 00:00:00,1.1275077065253327
2019-12-02 00:00:00,1.1254899676031607
2019-12-03 00:00:00,1.1246228912428446
2019-12-04 00:00:00,1.1243353331374646
2019-12-05 00:00:00,1.1217309048618176
2019-12-06 00:00:00,1.1224172709636546
2019-12-09 00:00:00,1.1246343520670674
2019-12-10 00:00:00,1.1225683482579831
2019-12-11 00:00:00,1.1189098370778987
2019-12-12 00:00:00,1.1166776060944164
2019-12-13 00:00:00,1.116249526498788
2019-12-16 00:00:00,1.1142440734687689
2019-12-17 00:00:00,1.1145423606774685
2019-12-18 00:00:00,1.117366230259369
2019-12-19 00:00:00,1.1173608692883883
2019-12-20 00:00:00,1.116665433133881
2019-12-23 00:00:00,1.1177837230127552
2019-12-24 00:00:00,1.1166932678130446
2019-12-26 00:00:00,1.1164769477370418
2019-12-27 00:00:00,1.1118894050022678
2019-12-30 00:00:00,1.1101398457379135
2019-12-31 00:00:00,1.111906392417917
2020-01-02 00:00:00,1.1135587887572973
2020-01-03 00:00:00,1.1145011668192288
2020-01-06 00:00:00,1.1162918539261835
2020-01-07 00:00:00,1.1186046214841925
2020-01-08 00:00:00,1.1186116207941568
2020-01-09 00:00:00,1.1208486728279505
2020-01-10 00:00:00,1.1217975800895077
2020-01-13 00:00:00,1.1194869991421121
2020-01-14 00:00:00,1.118601459229106
2020-01-15 00:00:00,1.117866110421122
2020-01-16 00:00:00,1.1205602216761519
2020-01-17 00:00:00,1.122167079845126
2020-01-21 00:00:00,1.1218476508704898
2020-01-22 00:00:00,1.1221168012394944
2020-01-23 00:00:00,1.124273619517738
2020-01-24 00:00:00,1.1251102733832203
2020-01-27 00:00:00,1.12848317467816
2020-01-28 00:00:00,1.1284634678386174
2020-01-29 00:00:00,1.1284743529248789
2020-01-30 00:00:00,1.129413629071429
2020-01-31 00:00:00,1.1291497821089749
2020-02-03 00:00:00,1.1302384071140585
2020-02-04 00:00:00,1.1264995364856574
2020-02-05 00:00:00,1.126516960524671
2020-02-06 00:00:00,1.1284904516130116
2020-02-07 00:00:00,1.1297207507555203
2020-02-10 00:00:00,1.1306059684242773
2020-02-11 00:00:00,1.1286448946389578
2020-02-12 00:00:00,1.127977339801719
2020-02-13 00:00:00,1.1311031110049132
2020-02-14 00:00:00,1.133565379655394
2020-02-18 00:00:00,1.1367249374559718
2020-02-19 00:00:00,1.138596451323404
2020-02-20 00:00:00,1.1392876247662012
2020-02-21 00:00:00,1.1338970906519519
2020-02-24 00:00:00,1.1338885609843254
2020-02-25 00:00:00,1.1338680507073258
2020-02-26 00:00:00,1.1336918648896208
2020-02-27 00:00:00,1.1294431563590848
2020-02-28 00:00:00,1.130804947414255
2020-03-02 00:00:00,1.119244686009498
2020-03-03 00:00:00,1.115169675011133
2020-03-04 00:00:00,1.1195338652431306
2020-03-05 00:00:00,1.1163727384092557
2020-03-06 00:00:00,1.1108304320199323
2020-03-09 00:00:00,1.1139611971428978
2020-03-10 00:00:00,1.1193206946318983
2020-03-11 00:00:00,1.1189439432784016
2020-03-12 00:00:00,1.1393275245777532
2020-03-13 00:00:00,1.1380611936818394
2020-03-16 00:00:00,1.1397182665829113
2020-03-17 00:00:00,1.1457288115290527
2020-03-18 00:00:00,1.1622077107259796
2020-03-19 00:00:00,1.1696151428572215
2020-03-20 00:00:00,1.1670348971899174
2020-03-23 00:00:00,1.1655745267362239
2020-03-24 00:00:00,1.1576331439657634
2020-03-25 00:00:00,1.158431161884263
2020-03-26 00:00:00,1.1456086075350518
2020-03-27 00:00:00,1.1454377016824406
2020-03-30 00:00:00,1.1516937513113898
2020-03-31 00:00:00,1.143394762912128
2020-04-01 00:00:00,1.1508633460519917
2020-04-02 00:00:00,1.1541935095960851
2020-04-03 00:00:00,1.1584842261745172
2020-04-06 00:00:00,1.1549776170657038
2020-04-07 00:00:00,1.149794420133256
2020-04-08 00:00:00,1.1511531283610825
2020-04-09 00:00:00,1.1453302781266903
2020-04-10 00:00:00,1.143283169976505
2020-04-13 00:00:00,1.1473815475976172
2020-04-14 00:00:00,1.1454752355543314
2020-04-15 00:00:00,1.1498665037716873
2020-04-16 00:00:00,1.1497707187136403
2020-04-17 00:00:00,1.146417315436139
2020-04-20 00:00:00,1.1480678895207548
2020-04-21 00:00:00,1.1533212235740242
2020-04-22 00:00:00,1.1527038357467971
2020-04-23 00:00:00,1.149954830262234
2020-04-24 00:00:00,1.151381944976679
2020-04-27 00:00:00,1.1498756437249829
2020-04-28 00:00:00,1.1406651051304149
2020-04-29 00:00:00,1.1403535325176604
2020-04-30 00:00:00,1.1340040369374316
2020-05-01 00:00:00,1.1372784097820137
2020-05-04 00:00:00,1.1403698179965747
2020-05-05 00:00:00,1.1370482960764572
2020-05-06 00:00:00,1.138103825078303
2020-05-07 00:00:00,1.1359486390829883
2020-05-08 00:00:00,1.1327092556905878
2020-05-11 00:00:00,1.1388850622593636
2020-05-12 00:00:00,1.131428065271632
2020-05-13 00:00:00,1.1346087233598119
2020-05-14 00:00:00,1.1374847254440212
2020-05-15 00:00:00,1.1387233697253876
2020-05-18 00:00:00,1.1299933161297637
2020-05-19 00:00:00,1.126328053338658
2020-05-20 00:00:00,1.1216016481383133
2020-05-21 00:00:00,1.1245344620459963
2020-05-22 00:00:00,1.1276366416751427
2020-05-26 00:00:00,1.125080421393453
2020-05-27 00:00:00,1.1253345877215013
2020-05-28 00:00:00,1.1163989811098294
2020-05-29 00:00:00,1.1113330692403556
2020-06-01 00:00:00,1.1087916451723714
2020-06-02 00:00:00,1.1066572722478998
2020-06-03 00:00:00,1.1004653424312498
2020-06-04 00:00:00,1.0961508086253162
2020-06-05 00:00:00,1.0950609098348547
2020-06-08 00:00:00,1.0972281687627319
2020-06-09 00:00:00,1.094732865289736
2020-06-10 00:00:00,1.0980149410759312
2020-06-11 00:00:00,1.0996241865230858
2020-06-12 00:00:00,1.1048038864002157
2020-06-15 00:00:00,1.1052804343642277
2020-06-16 00:00:00,1.1078105431410321
2020-06-17 00:00:00,1.106366594534858
2020-06-18 00:00:00,1.1103069412273856
2020-06-19 00:00:00,1.1123559730724082
2020-06-22 00:00:00,1.1069338000451014
2020-06-23 00:00:00,1.101033385303132
2020-06-24 00:00:00,1.1043068933694835
2020-06-25 00:00:00,1.103722982772656
2020-06-26 00:00:00,1.1059262924190434
2020-06-29 00:00:00,1.103740446889344
2020-06-30 00:00:00,1.1024894352572958
2020-07-01 00:00:00,1.1013125032394462
2020-07-02 00:00:00,1.1033886792067085
2020-07-06 00:00:00,1.0998245252013263
2020-07-07 00:00:00,1.0968793762053706
2020-07-08 00:00:00,1.094557962842314
2020-07-09 00:00:00,1.096160145406055
2020-07-10 00:00:00,1.0934240988935282
2020-07-13 00:00:00,1.0907799514989525
2020-07-14 00:00:00,1.088031906615031
2020-07-15 00:00:00,1.086232285155786
2020-07-16 00:00:00,1.0835218699059856
2020-07-17 00:00:00,1.082721893220668
2020-07-20 00:00:00,1.0792448255014804
2020-07-21 00:00:00,1.0738904406410255
2020-07-22 00:00:00,1.0701872576898017
2020-07-23 00:00:00,1.0688841534126343
2020-07-24 00:00:00,1.0703274851300795
2020-07-27 00:00:00,1.0618194401211558
2020-07-28 00:00:00,1.062925934373069
2020-07-29 00:00:00,1.0628547148411058
2020-07-30 00:00:00,1.0623469212915493
2020-07-31 00:00:00,1.0623941368260532
2020-08-03 00:00:00,1.0631066169875278
2020-08-04 00:00:00,1.062022094357289
2020-08-05 00:00:00,1.0550777537184692
2020-08-06 00:00:00,1.0583412105944705
2020-08-07 00:00:00,1.0623413656778948
2020-08-10 00:00:00,1.0615518092176717
2020-08-11 00:00:00,1.0612951463276112
2020-08-12 00:00:00,1.0574782188953233
2020-08-13 00:00:00,1.057053855488502
2020-08-14 00:00:00,1.0580850007475373
2020-08-17 00:00:00,1.0575339843573581
2020-08-18 00:00:00,1.0541837540019907
2020-08-19 00:00:00,1.0548310765131472
2020-08-20 00:00:00,1.0584278682071504
2020-08-21 00:00:00,1.0652350364089842
2020-08-24 00:00:00,1.0639394636456145
2020-08-25 00:00:00,1.0631622897922288
2020-08-26 00:00:00,1.0606521450800697
2020-08-27 00:00:00,1.0584371039071379
2020-08-28 00:00:00,1.0521299871236411
2020-08-31 00:00:00,1.0519136545801684
2020-09-01 00:00:00,1.0554023649839084
2020-09-02 00:00:00,1.0597833739785896
2020-09-03 00:00:00,1.0610915936793486
2020-09-04 00:00:00,1.0621286583552456
2020-09-08 00:00:00,1.0655934268817004
2020-09-09 00:00:00,1.061912514863736
2020-09-10 00:00:00,1.0599023082431493
2020-09-11 00:00:00,1.0634188277143775
2020-09-14 00:00:00,1.061957122454612
2020-09-15 00:00:00,1.0635554778672884
2020-09-16 00:00:00,1.0635870637665679
2020-09-17 00:00:00,1.0648187974065462
2020-09-18 00:00:00,1.0608601525612373
2020-09-21 00:00:00,1.07020267311716
2020-09-22 00:00:00,1.0719505334235766
2020-09-23 00:00:00,1.0770566466740876
2020-09-24 00:00:00,1.0862469888047341
2020-09-25 00:00:00,1.0875583184206985
2020-09-28 00:00:00,1.082491598056616
2020-09-29 00:00:00,1.078225645759053
2020-09-30 00:00:00,1.0754864369235742
2020-10-01 00:00:00,1.0723826338522828
2020-10-02 00:00:00,1.073179583380835
2020-10-05 00:00:00,1.0704057159208047
2020-10-06 00:00:00,1.0720281376361886
2020-10-07 00:00:00,1.0702785268836454
2020-10-08 00:00:00,1.0686854612804932
2020-10-09 00:00:00,1.0628036921164659
2020-10-13 00:00:00,1.0644141260180755
2020-10-14 00:00:00,1.0649696312544554
2020-10-15 00:00:00,1.0682077112834976
2020-10-16 00:00:00,1.065874077615031
2020-10-19 00:00:00,1.0635168443666163
2020-10-20 00:00:00,1.0591645471410012
2020-10-21 00:00:00,1.0570653053176353
2020-10-22 00:00:00,1.0614420652575738
2020-10-23 00:00:00,1.060605539831035
2020-10-26 00:00:00,1.059286671744479
2020-10-27 00:00:00,1.0555478502460431
2020-10-28 00:00:00,1.0660604295396028
2020-10-29 00:00:00,1.072944071680464
2020-10-30 00:00:00,1.0699124155422466
2020-11-02 00:00:00,1.0710693687104873
2020-11-03 00:00:00,1.0652476813756726
2020-11-04 00:00:00,1.0603750610442337
2020-11-05 00:00:00,1.0562358413982822
2020-11-06 00:00:00,1.0499461204718867
2020-11-09 00:00:00,1.0498592863470975
2020-11-10 00:00:00,1.0484089122699216
2020-11-12 00:00:00,1.048939724166755
2020-11-13 00:00:00,1.0543090775788095
2020-11-16 00:00:00,1.049565144272064
2020-11-17 00:00:00,1.0491664168661137
2020-11-18 00:00:00,1.0455288258723805
2020-11-19 00:00:00,1.049106823507493
2020-11-20 00:00:00,1.0481588940268312
2020-11-23 00:00:00,1.0505728910444776
2020-11-24 00:00:00,1.0442628029542662
2020-11-25 00:00:00,1.040254407447466
2020-11-30 00:00:00,1.0433617609527688
2020-12-01 00:00:00,1.0394613297796769
2020-12-02 00:00:00,1.0386527002613397
2020-12-03 00:00:00,1.0340869061268139
2020-12-04 00:00:00,1.034657994845058
2020-12-07 00:00:00,1.0295644099740158
2020-12-08 00:00:00,1.036333853369215
2020-12-09 00:00:00,1.0378052784161726
2020-12-10 00:00:00,1.0344719461299126
2020-12-11 00:00:00,1.036140877508136
2020-12-14 00:00:00,1.0314422660591451
2020-12-15 00:00:00,1.0283789288676548
2020-12-16 00:00:00,1.0274006066943517
2020-12-17 00:00:00,1.0195131929830454
2020-12-18 00:00:00,1.0202595722913914
2020-12-21 00:00:00,1.0184627186099264
2020-12-22 00:00:00,1.0243940694807279
2020-12-23 00:00:00,1.0205446447569682
2020-12-28 00:00:00,1.020595520965218
2020-12-29 00:00:00,1.0126245579855675
2020-12-30 00:00:00,1.0131250670115841
2020-12-31 00:00:00,1.0141041805190212
2021-01-04 00:00:00,1.0173190905787908
2021-01-05 00:00:00,1.0119763097849728
2021-01-06 00:00:00,1.0119114226453538
2021-01-07 00:00:00,1.013011502702852
2021-01-08 00:00:00,1.013737948650386
2021-01-11 00:00:00,1.0197243071177668
2021-01-12 00:00:00,1.020113728141941
2021-01-13 00:00:00,1.0242314898033917
2021-01-14 00:00:00,1.0218605523186035
2021-01-15 00:00:00,1.0268947804199204
2021-01-19 00:00:00,1.0249332032072236
2021-01-21 00:00:00,1.020523965421659
2021-01-22 00:00:00,1.0194118962792895
2021-01-25 00:00:00,1.0212171257168499
2021-01-26 00:00:00,1.020988135232451
2021-01-27 00:00:00,1.024902977104163
2021-01-28 00:00:00,1.0231362489305222
2021-01-29 00:00:00,1.0235367392340824
2021-02-01 00:00:00,1.0307563336972656
2021-02-02 00:00:00,1.0304843679567774
2021-02-03 00:00:00,1.0292119749693853
2021-02-04 00:00:00,1.0333131487230853
2021-02-05 00:00:00,1.027339416919401
2021-02-08 00:00:00,1.027564832112443
2021-02-09 00:00:00,1.0235328781024224
2021-02-10 00:00:00,1.0209012181023072
2021-02-11 00:00:00,1.0222533582653164
2021-02-12 00:00:00,1.02020520809104
2021-02-16 00:00:00,1.0195810996946246
2021-02-17 00:00:00,1.0227861697004785
2021-02-18 00:00:00,1.022125687863558
2021-02-19 00:00:00,1.0170653024922776
2021-02-22 00:00:00,1.01706690119112
2021-02-23 00:00:00,1.0194800435546905
2021-02-24 00:00:00,1.0198841633812246
2021-02-25 00:00:00,1.0152440528679387
2021-02-26 00:00:00,1.0293573003861383
2021-03-01 00:00:00,1.0304732487160417
2021-03-02 00:00:00,1.0265170657360125
2021-03-03 00:00:00,1.0275863433028727
2021-03-04 00:00:00,1.0294031010699707
2021-03-05 00:00:00,1.0381779286192818
2021-03-08 00:00:00,1.0415324602353513
2021-03-09 00:00:00,1.0365611742619687
2021-03-10 00:00:00,1.0356680387392925
2021-03-11 00:00:00,1.0321882687911825
2021-03-12 00:00:00,1.0341035613695508
2021-03-15 00:00:00,1.0373413944682905
2021-03-16 00:00:00,1.0365210341212365
2021-03-17 00:00:00,1.0360741656293513
2021-03-18 00:00:00,1.0358457966026478
2021-03-19 00:00:00,1.038180672849966
2021-03-22 00:00:00,1.035506152910142
2021-03-23 00:00:00,1.039763186281957
2021-03-24 00:00:00,1.0418157412990716
2021-03-25 00:00:00,1.0473583063560172
2021-03-26 00:00:00,1.0456609942098216
2021-03-29 00:00:00,1.049028195300874
2021-03-30 00:00:00,1.0524785718062155
2021-03-31 00:00:00,1.0510090474795728
2021-04-01 00:00:00,1.0504453797806883
2021-04-02 00:00:00,1.0516183744265033
2021-04-05 00:00:00,1.0495926233492248
2021-04-06 00:00:00,1.0446817443834393
2021-04-07 00:00:00,1.0424461663133533
2021-04-08 00:00:00,1.03849090704671
2021-04-09 00:00:00,1.037023604577417
2021-04-12 00:00:00,1.040029323405969
2021-04-13 00:00:00,1.0359148734408101
2021-04-14 00:00:00,1.0301846496225908
2021-04-15 00:00:00,1.030318377294361
2021-04-16 00:00:00,1.0290875757723652
2021-04-19 00:00:00,1.026341648469006
2021-04-20 00:00:00,1.027540864061866
2021-04-21 00:00:00,1.0266291817503201
2021-04-22 00:00:00,1.028241266941479
2021-04-23 00:00:00,1.0256508663108852
2021-04-26 00:00:00,1.0238890976376271
2021-04-27 00:00:00,1.0234857194820812
2021-04-28 00:00:00,1.0224267931244997
2021-04-29 00:00:00,1.0235181334794723
2021-04-30 00:00:00,1.029142699009155
2021-05-03 00:00:00,1.0269052314270033
2021-05-04 00:00:00,1.0316536738537836
2021-05-05 00:00:00,1.0320613792522515
2021-05-06 00:00:00,1.0280351214279446
2021-05-07 00:00:00,1.017885363063861
2021-05-10 00:00:00,1.0174352934921165
2021-05-11 00:00:00,1.017058696050449
2021-05-12 00:00:00,1.025990728360971
2021-05-13 00:00:00,1.0259422950613342
2021-05-14 00:00:00,1.0197031024303589
2021-05-17 00:00:00,1.0189372616304788
2021-05-18 00:00:00,1.016094158085409
2021-05-19 00:00:00,1.0183179378357436
2021-05-20 00:00:00,1.0160718097183081
2021-05-21 00:00:00,1.0182132496971195
2021-05-24 00:00:00,1.017952391580014
2021-05-25 00:00:00,1.0143770273410744
2021-05-26 00:00:00,1.0169467914099157
2021-05-27 00:00:00,1.0152544459696515
2021-05-28 00:00:00,1.0160292826789266
2021-06-01 00:00:00,1.0127102841257438
2021-06-02 00:00:00,1.0129939491092452
2021-06-03 00:00:00,1.0188228410181752
2021-06-04 00:00:00,1.0128313371282396
2021-06-07 00:00:00,1.01208596764278
2021-06-08 00:00:00,1.0124945137797405
2021-06-09 00:00:00,1.012122630629613
2021-06-10 00:00:00,1.0112346743926965
2021-06-11 00:00:00,1.0175212909625246
2021-06-14 00:00:00,1.0167367504721403
2021-06-15 00:00:00,1.0184202809550258
2021-06-16 00:00:00,1.0199084442578052
2021-06-17 00:00:00,1.0343615042852177
2021-06-18 00:00:00,1.040369880047519
2021-06-21 00:00:00,1.0341087975361385
2021-06-22 00:00:00,1.031344915502756
2021-06-23 00:00:00,1.029300494628223
2021-06-24 00:00:00,1.0285419071298443
2021-06-25 00:00:00,1.0294948538588016
2021-06-28 00:00:00,1.0313306484620848
2021-06-29 00:00:00,1.0324465472987192
2021-06-30 00:00:00,1.035434409066347
2021-07-01 00:00:00,1.0364584797591372
2021-07-02 00:00:00,1.0349502743553065
2021-07-06 00:00:00,1.037215166698581
2021-07-07 00:00:00,1.0402108684634237
2021-07-08 00:00:00,1.037232923048826
2021-07-09 00:00:00,1.036476691613091
2021-07-12 00:00:00,1.0361275963938632
2021-07-13 00:00:00,1.0401297783152335
2021-07-14 00:00:00,1.0398068635550035
2021-07-15 00:00:00,1.0432280807588148
2021-07-16 00:00:00,1.0436084722164105
2021-07-19 00:00:00,1.0438830342818448
2021-07-20 00:00:00,1.0455663070576267
2021-07-21 00:00:00,1.0444686683600897
2021-07-22 00:00:00,1.0439091693972344
2021-07-23 00:00:00,1.0443933167608677
2021-07-26 00:00:00,1.0396599468947554
2021-07-27 00:00:00,1.0381544552250266
2021-07-28 00:00:00,1.0391663714830637
2021-07-29 00:00:00,1.0337099966965189
2021-07-30 00:00:00,1.036583427606506
2021-08-02 00:00:00,1.0359354092677178
2021-08-03 00:00:00,1.0374669449853933
2021-08-04 00:00:00,1.0373952074388624
2021-08-05 00:00:00,1.037896988843764
2021-08-06 00:00:00,1.0418877702748413
2021-08-09 00:00:00,1.0444170896521245
2021-08-10 00:00:00,1.045272792112629
2021-08-11 00:00:00,1.0436972151761248
2021-08-12 00:00:00,1.0432054378181488
2021-08-13 00:00:00,1.0393489770205488
2021-08-16 00:00:00,1.0402561681185194
2021-08-17 00:00:00,1.0474895845257484
2021-08-18 00:00:00,1.045843786144231
2021-08-19 00:00:00,1.0506202619013416
2021-08-20 00:00:00,1.05261833403515
2021-08-23 00:00:00,1.0453467391643578
2021-08-24 00:00:00,1.043549179458944
2021-08-25 00:00:00,1.0436800111074014
2021-08-26 00:00:00,1.0447150496649995
2021-08-27 00:00:00,1.0392099163479966
2021-08-30 00:00:00,1.0377770120030263
2021-08-31 00:00:00,1.0384969823721315
2021-09-01 00:00:00,1.0360062659593383
2021-09-02 00:00:00,1.0343836242153288
2021-09-03 00:00:00,1.031746765722195
2021-09-07 00:00:00,1.0340552098753197
2021-09-08 00:00:00,1.0378192419660581
2021-09-09 00:00:00,1.035739427062863
2021-09-10 00:00:00,1.0368603634961229
2021-09-13 00:00:00,1.036613087166627
2021-09-14 00:00:00,1.0342809134888913
2021-09-15 00:00:00,1.0341475836733436
2021-09-16 00:00:00,1.0377697804009984
2021-09-17 00:00:00,1.0407866260415108
2021-09-20 00:00:00,1.0425858583314187
2021-09-21 00:00:00,1.0408018196181792
2021-09-22 00:00:00,1.0388268310693611
2021-09-23 00:00:00,1.0376092848047467
2021-09-24 00:00:00,1.0394630910336466
2021-09-27 00:00:00,1.042939854395041
2021-09-28 00:00:00,1.0448513423596344
2021-09-29 00:00:00,1.0489081289853728
2021-09-30 00:00:00,1.0468717729027028
2021-10-01 00:00:00,1.0462463567911042
2021-10-04 00:00:00,1.0441868497891769
2021-10-05 00:00:00,1.0443684672299716
2021-10-06 00:00:00,1.050258155092402
2021-10-07 00:00:00,1.0480407868573889
2021-10-08 00:00:00,1.0451570400002754
2021-10-12 00:00:00,1.047324675182701
2021-10-13 00:00:00,1.042901780701129
2021-10-14 00:00:00,1.0369940543173986
2021-10-15 00:00:00,1.035589945986214
2021-10-18 00:00:00,1.038714862095186
2021-10-19 00:00:00,1.0359421615328168
2021-10-20 00:00:00,1.0335460619419652
2021-10-21 00:00:00,1.0334435880866863
2021-10-22 00:00:00,1.0325649854465038
2021-10-25 00:00:00,1.0335685419394396
2021-10-26 00:00:00,1.0355075922062722
2021-10-27 00:00:00,1.032526453474871
2021-10-28 00:00:00,1.0284933544118962
2021-10-29 00:00:00,1.033166388018644
2021-11-01 00:00:00,1.0268279902647244
2021-11-02 00:00:00,1.0313380286862028
2021-11-03 00:00:00,1.030323821240221
2021-11-04 00:00:00,1.0320494091125818
2021-11-05 00:00:00,1.032123743037216
2021-11-08 00:00:00,1.03124339501401
2021-11-09 00:00:00,1.031186963589522
2021-11-10 00:00:00,1.0384122379316276
2021-11-12 00:00:00,1.0444961262067183
2021-11-15 00:00:00,1.0459604734863772
2021-11-16 00:00:00,1.0529556146121932
2021-11-17 00:00:00,1.0523222498275036
2021-11-18 00:00:00,1.0543809440541745
2021-11-19 00:00:00,1.0561049820367132
2021-11-22 00:00:00,1.0598194735010362
2021-11-23 00:00:00,1.064219778210851
2021-11-24 00:00:00,1.0700201338053796
2021-11-26 00:00:00,1.0695611803192824
2021-11-29 00:00:00,1.0690470148835516
2021-11-30 00:00:00,1.0671391346992996
2021-12-01 00:00:00,1.0671927257446048
2021-12-02 00:00:00,1.0649699906988834
2021-12-03 00:00:00,1.071503410965508
2021-12-06 00:00:00,1.0680598615222725
2021-12-07 00:00:00,1.0698617178455452
2021-12-08 00:00:00,1.064799644125198
2021-12-09 00:00:00,1.06692288154855
2021-12-10 00:00:00,1.0650326790343403
2021-12-13 00:00:00,1.0677228805608814
2021-12-14 00:00:00,1.0712506979692518
2021-12-15 00:00:00,1.0697682488643285
2021-12-16 00:00:00,1.0646893909799366
2021-12-17 00:00:00,1.0678054135232249
2021-12-20 00:00:00,1.0706385583268094
2021-12-21 00:00:00,1.0711717231847762
2021-12-22 00:00:00,1.0671359011538435
2021-12-23 00:00:00,1.06728513602917
2021-12-27 00:00:00,1.067831210226726
2021-12-28 00:00:00,1.0642805372394344
2021-12-29 00:00:00,1.0639196081312958
2021-12-30 00:00:00,1.064133087292645
2022-01-03 00:00:00,1.0689364395847183
2022-01-04 00:00:00,1.0665625272066792
2022-01-05 00:00:00,1.0649238928012965
2022-01-06 00:00:00,1.0695494030118928
2022-01-07 00:00:00,1.0645833592638805
2022-01-10 00:00:00,1.0675216252251645
2022-01-11 00:00:00,1.06385564786352
2022-01-12 00:00:00,1.056877458877349
2022-01-13 00:00:00,1.0545365958675887
2022-01-14 00:00:00,1.0608591532932197
2022-01-18 00:00:00,1.068419797404924
2022-01-19 00:00:00,1.0672035430355467
2022-01-20 00:00:00,1.0682865045669043
2022-01-21 00:00:00,1.0728468819795365
2022-01-24 00:00:00,1.082244327245828
2022-01-25 00:00:00,1.0792069678679344
2022-01-26 00:00:00,1.077543423954343
2022-01-27 00:00:00,1.0850849448253426
2022-01-28 00:00:00,1.0885248558116976
2022-01-31 00:00:00,1.0820727380591608
2022-02-01 00:00:00,1.078543557804219
2022-02-02 00:00:00,1.0785726210523792
2022-02-03 00:00:00,1.0678787859017844
2022-02-04 00:00:00,1.0688349120553076
2022-02-07 00:00:00,1.069124302634143
2022-02-08 00:00:00,1.0696704413538065
2022-02-09 00:00:00,1.0654740762320019
2022-02-10 00:00:00,1.0722647621123031
2022-02-11 00:00:00,1.0765953679774998
2022-02-14 00:00:00,1.0843820032873002
2022-02-15 00:00:00,1.077083399739652
2022-02-16 00:00:00,1.0774620441980671
2022-02-17 00:00:00,1.0810723971005154
2022-02-18 00:00:00,1.0849668032557445
2022-02-22 00:00:00,1.080184030281556
2022-02-23 00:00:00,1.083250083829596
2022-02-24 00:00:00,1.0962052842592036
2022-02-25 00:00:00,1.0866749406250953
2022-02-28 00:00:00,1.0883242991621482
2022-03-01 00:00:00,1.100424384880234
2022-03-02 00:00:00,1.1027947313817492
2022-03-03 00:00:00,1.107930129571359
2022-03-04 00:00:00,1.113609092092011
2022-03-07 00:00:00,1.1214485485418955
2022-03-08 00:00:00,1.1188110492009113
2022-03-09 00:00:00,1.1019985629243845
2022-03-10 00:00:00,1.1010085597654398
2022-03-11 00:00:00,1.1044647631018694
2022-03-14 00:00:00,1.095806232155793
2022-03-15 00:00:00,1.0981738223783104
2022-03-16 00:00:00,1.0887494410396434
2022-03-17 00:00:00,1.0842078927152898
2022-03-18 00:00:00,1.0856113691276277
2022-03-21 00:00:00,1.0868806312803359
2022-03-22 00:00:00,1.0855304425987984
2022-03-23 00:00:00,1.087732855453943
2022-03-24 00:00:00,1.084073328263302
2022-03-25 00:00:00,1.0859800426464061
2022-03-28 00:00:00,1.0913868158407647
2022-03-29 00:00:00,1.0771047622117447
2022-03-30 00:00:00,1.0745845922003592
2022-03-31 00:00:00,1.0805338382582386
2022-04-01 00:00:00,1.0811640395741116
2022-04-04 00:00:00,1.0844343881507452
2022-04-05 00:00:00,1.084870309219327
2022-04-06 00:00:00,1.0846988545317109
2022-04-07 00:00:00,1.0873465628160564
2022-04-08 00:00:00,1.0857851809099532
2022-04-11 00:00:00,1.088894945840292
2022-04-12 00:00:00,1.0890085392201339
2022-04-13 00:00:00,1.0895118752625703
2022-04-14 00:00:00,1.0917526562539803
2022-04-15 00:00:00,1.0939510646328785
2022-04-18 00:00:00,1.0956345537006367
2022-04-19 00:00:00,1.093677267072741
2022-04-20 00:00:00,1.085594620269292
2022-04-21 00:00:00,1.0889407018873494
2022-04-22 00:00:00,1.092111605630734
2022-04-25 00:00:00,1.1039904470234667
2022-04-26 00:00:00,1.1075018296267678
2022-04-27 00:00:00,1.1103629278123
2022-04-28 00:00:00,1.1102363999475793
2022-04-29 00:00:00,1.107438716816556
2022-05-02 00:00:00,1.1126073362966296
2022-05-03 00:00:00,1.1104349215232772
2022-05-04 00:00:00,1.110827404609698
2022-05-05 00:00:00,1.1168461276137769
2022-05-06 00:00:00,1.1140908523328097
2022-05-09 00:00:00,1.1233171599389034
2022-05-10 00:00:00,1.1224740320605489
2022-05-11 00:00:00,1.1192995083431199
2022-05-12 00:00:00,1.1265261097214374
2022-05-13 00:00:00,1.1216110683487255
2022-05-16 00:00:00,1.1222818276842612
2022-05-17 00:00:00,1.1139662942763646
2022-05-18 00:00:00,1.1183725947297534
2022-05-19 00:00:00,1.1129951270900682
2022-05-20 00:00:00,1.1152771125773555
2022-05-23 00:00:00,1.108270469554934
2022-05-24 00:00:00,1.1045680663226398
2022-05-25 00:00:00,1.1114278311042496
2022-05-26 00:00:00,1.110651768311274
2022-05-27 00:00:00,1.1083611473643717
2022-05-31 00:00:00,1.104063169500302
2022-06-01 00:00:00,1.1096619843152251
2022-06-02 00:00:00,1.1016712904160593
2022-06-03 00:00:00,1.1046535411624292
2022-06-06 00:00:00,1.1047630215857354
2022-06-07 00:00:00,1.105511098207124
2022-06-08 00:00:00,1.1047212347352302
2022-06-09 00:00:00,1.1103413835545621
2022-06-10 00:00:00,1.11826129263464
2022-06-13 00:00:00,1.127004039009326
2022-06-14 00:00:00,1.1282795985539589
2022-06-15 00:00:00,1.131207746141155
2022-06-16 00:00:00,1.1269879205403805
2022-06-17 00:00:00,1.128191981072787
2022-06-21 00:00:00,1.1217029341689218
2022-06-22 00:00:00,1.1212562503704135
2022-06-23 00:00:00,1.1276304189813868
2022-06-24 00:00:00,1.1242006488563978
2022-06-27 00:00:00,1.1201313415413803
2022-06-28 00:00:00,1.1235796322017984
2022-06-29 00:00:00,1.1277207301759489
2022-06-30 00:00:00,1.1298449213825905
2022-07-01 00:00:00,1.1349167203725878
2022-07-05 00:00:00,1.144785620083013
2022-07-06 00:00:00,1.146548404154812
2022-07-07 00:00:00,1.1459938059706536
2022-07-08 00:00:00,1.1459373745461654
2022-07-11 00:00:00,1.1477367346315273
2022-07-12 00:00:00,1.1454528265377086
2022-07-13 00:00:00,1.1438071311435414
2022-07-14 00:00:00,1.1464940674912143
2022-07-15 00:00:00,1.1420440120065585
2022-07-18 00:00:00,1.134966915808328
2022-07-19 00:00:00,1.1277756436518405
2022-07-20 00:00:00,1.1280014474167481
2022-07-21 00:00:00,1.1286764029658352
2022-07-22 00:00:00,1.1272042111823934
2022-07-25 00:00:00,1.1266361139992453
2022-07-26 00:00:00,1.133482959700414
2022-07-27 00:00:00,1.13439721869947
2022-07-28 00:00:00,1.1291506856936873
2022-07-29 00:00:00,1.1258431897269017
2022-08-01 00:00:00,1.1209628422888398
2022-08-02 00:00:00,1.1266079033711218
2022-08-03 00:00:00,1.1276486211476178
2022-08-04 00:00:00,1.1227253988345256
2022-08-05 00:00:00,1.1261990496648169
2022-08-08 00:00:00,1.1236202042224275
2022-08-09 00:00:00,1.1239976554219089
2022-08-10 00:00:00,1.1165792934086722
2022-08-11 00:00:00,1.1169788300969097
2022-08-12 00:00:00,1.1258842093308319
2022-08-15 00:00:00,1.1316121098030758
2022-08-16 00:00:00,1.133787147401404
2022-08-17 00:00:00,1.1369134381569366
2022-08-18 00:00:00,1.1406122958078846
2022-08-19 00:00:00,1.1462214664681973
2022-08-22 00:00:00,1.1526266247681292
2022-08-23 00:00:00,1.1468600937148385
2022-08-24 00:00:00,1.1467432177839307
2022-08-25 00:00:00,1.1462632914961923
2022-08-26 00:00:00,1.147012939282987
2022-08-29 00:00:00,1.149549597991678
2022-08-30 00:00:00,1.149841653332616
2022-08-31 00:00:00,1.147632251100298
2022-09-01 00:00:00,1.1560166034398807
2022-09-02 00:00:00,1.1510666952903497
2022-09-06 00:00:00,1.1556364160734192
2022-09-07 00:00:00,1.1539507270359999
2022-09-08 00:00:00,1.152958040547578
2022-09-09 00:00:00,1.1464446848412468
2022-09-12 00:00:00,1.146554242529873
2022-09-13 00:00:00,1.1481520433573238
2022-09-14 00:00:00,1.1501068854024241
2022-09-15 00:00:00,1.1520613463462217
2022-09-16 00:00:00,1.153878457533076
2022-09-19 00:00:00,1.156191356855261
2022-09-20 00:00:00,1.158607783213128
2022-09-21 00:00:00,1.165939060272508
2022-09-22 00:00:00,1.1679214027875493
2022-09-23 00:00:00,1.1765859431503702
2022-09-26 00:00:00,1.179868238757598
2022-09-27 00:00:00,1.1801599814501669
2022-09-28 00:00:00,1.1756108595073027
2022-09-29 00:00:00,1.1730898093971003
2022-09-30 00:00:00,1.1702471612321879
2022-10-03 00:00:00,1.1657905010448257
2022-10-04 00:00:00,1.1575921013247676
2022-10-05 00:00:00,1.1637751647207817
2022-10-06 00:00:00,1.169310904191931
2022-10-07 00:00:00,1.1721800830298779
2022-10-11 00:00:00,1.1763224996561945
2022-10-12 00:00:00,1.1797277581925658
2022-10-13 00:00:00,1.1753109492677456
2022-10-14 00:00:00,1.1782155930918519
2022-10-17 00:00:00,1.1705374378590785
2022-10-18 00:00:00,1.1693836825457076
2022-10-19 00:00:00,1.1732420845549054
2022-10-20 00:00:00,1.1730908852796995
2022-10-21 00:00:00,1.173431338977804
2022-10-24 00:00:00,1.1720510381438232
2022-10-25 00:00:00,1.1628115606154033
2022-10-26 00:00:00,1.157153815355685
2022-10-27 00:00:00,1.1603826671226296
2022-10-28 00:00:00,1.162900410559228
2022-10-31 00:00:00,1.1654855831643796
2022-11-01 00:00:00,1.164480180109234
2022-11-02 00:00:00,1.164614755228407
2022-11-03 00:00:00,1.1716584720301932
2022-11-04 00:00:00,1.1716427993213836
2022-11-07 00:00:00,1.1564335136233759
2022-11-08 00:00:00,1.1493524793510732
2022-11-09 00:00:00,1.155290699201839
2022-11-10 00:00:00,1.1446613944392414
2022-11-14 00:00:00,1.1375870046594905
2022-11-15 00:00:00,1.1346818100042866
2022-11-16 00:00:00,1.1369635719125346
2022-11-17 00:00:00,1.1455126646995517
2022-11-18 00:00:00,1.1437057855344728
2022-11-21 00:00:00,1.1492609360115642
2022-11-22 00:00:00,1.1466449618578858
2022-11-23 00:00:00,1.1374340391254827
2022-11-25 00:00:00,1.1334576323239058
2022-11-28 00:00:00,1.1372645446800642
2022-11-29 00:00:00,1.1405647783345323
2022-11-30 00:00:00,1.1436778567810548
2022-12-01 00:00:00,1.1293711714131838
2022-12-02 00:00:00,1.1295053724065889
2022-12-05 00:00:00,1.1326276580965797
2022-12-06 00:00:00,1.1321732865985654
2022-12-07 00:00:00,1.1310405577622982
2022-12-08 00:00:00,1.1291737561921769
2022-12-09 00:00:00,1.1267132307288996
2022-12-12 00:00:00,1.1277231557062566
2022-12-13 00:00:00,1.1219783060174648
2022-12-14 00:00:00,1.1208223798014783
2022-12-15 00:00:00,1.1276868653924315
2022-12-16 00:00:00,1.1312078424881862
2022-12-19 00:00:00,1.1303259494565558
2022-12-20 00:00:00,1.1326497168372895
2022-12-21 00:00:00,1.1331408211984955
2022-12-22 00:00:00,1.1353720508345244
2022-12-23 00:00:00,1.137927075000775
2022-12-27 00:00:00,1.1340062184053952
2022-12-28 00:00:00,1.1347374530345036
2022-12-29 00:00:00,1.1339244910804618
2022-12-30 00:00:00,1.1321763873594588
2023-01-03 00:00:00,1.1395159082419284
2023-01-04 00:00:00,1.1358125649916369
2023-01-05 00:00:00,1.1462937897293972
2023-01-06 00:00:00,1.1387566454107787
2023-01-09 00:00:00,1.1288752689443653
2023-01-10 00:00:00,1.132791636667506
2023-01-11 00:00:00,1.1352882657116645
2023-01-12 00:00:00,1.1334996188459292
2023-01-13 00:00:00,1.1313132183929853
2023-01-17 00:00:00,1.1309219757360431
2023-01-18 00:00:00,1.1253451788905673
2023-01-19 00:00:00,1.1279835242767131
2023-01-20 00:00:00,1.1256592889276864
2023-01-23 00:00:00,1.121930703649915
2023-01-24 00:00:00,1.120269898615272
2023-01-25 00:00:00,1.1219097022426234
2023-01-26 00:00:00,1.1251294129713747
2023-01-27 00:00:00,1.125973781547128
2023-01-30 00:00:00,1.1292652876266205
2023-01-31 00:00:00,1.1335890864238845
2023-02-01 00:00:00,1.1316484271966514
2023-02-02 00:00:00,1.1277469381957317
2023-02-03 00:00:00,1.1360450790002998
2023-02-06 00:00:00,1.1427866231987207
2023-02-07 00:00:00,1.1405689490555686
2023-02-08 00:00:00,1.139205297689041
2023-02-09 00:00:00,1.1256520862302037
2023-02-10 00:00:00,1.1328840536977864
2023-02-13 00:00:00,1.1287167431821377
2023-02-14 00:00:00,1.1284657538345415
2023-02-15 00:00:00,1.131141403454859
2023-02-16 00:00:00,1.1310953871872407
2023-02-17 00:00:00,1.1328554779055402
2023-02-21 00:00:00,1.1263927292827902
2023-02-22 00:00:00,1.129464074254014
2023-02-23 00:00:00,1.1317534923631967
2023-02-24 00:00:00,1.1335437753566981
2023-02-27 00:00:00,1.1297760249308508
2023-02-28 00:00:00,1.1309085865097401
2023-03-01 00:00:00,1.1303625862911069
2023-03-02 00:00:00,1.134501162311437
2023-03-03 00:00:00,1.1333647036425498
2023-03-06 00:00:00,1.1309377119928523
2023-03-07 00:00:00,1.1440741476264369
2023-03-08 00:00:00,1.1444726262737186
2023-03-09 00:00:00,1.1441245489925502
2023-03-10 00:00:00,1.1422019124514116
2023-03-13 00:00:00,1.137984043723268
2023-03-14 00:00:00,1.13263451222045
2023-03-15 00:00:00,1.1405441781158574
2023-03-16 00:00:00,1.1339881702523826
2023-03-17 00:00:00,1.133382083967646
2023-03-20 00:00:00,1.127067869029084
2023-03-21 00:00:00,1.1254599774234868
2023-03-22 00:00:00,1.125546394610022
2023-03-23 00:00:00,1.120590923432816
2023-03-24 00:00:00,1.1297054306906023
2023-03-27 00:00:00,1.1276106171600384
2023-03-28 00:00:00,1.1248971968529013
2023-03-29 00:00:00,1.1285763407899156
2023-03-30 00:00:00,1.1261687704356842
2023-03-31 00:00:00,1.1249767717668615
2023-04-03 00:00:00,1.1267402476919688
2023-04-04 00:00:00,1.1215840882989525
2023-04-05 00:00:00,1.126890136401086
2023-04-06 00:00:00,1.128582416660799
2023-04-07 00:00:00,1.1285938222145862
2023-04-10 00:00:00,1.1355622152984413
2023-04-11 00:00:00,1.1308291192807352
2023-04-12 00:00:00,1.123974327413296
2023-04-13 00:00:00,1.1199113181541411
2023-04-14 00:00:00,1.1238031216143463
2023-04-17 00:00:00,1.1258602972749738
2023-04-18 00:00:00,1.1228987517335163
2023-04-19 00:00:00,1.124047263894882
2023-04-20 00:00:00,1.1222853720229948
2023-04-21 00:00:00,1.1222555868158262
2023-04-24 00:00:00,1.1202793655946846
2023-04-25 00:00:00,1.1225474285314039
2023-04-26 00:00:00,1.1223153433778756
2023-04-27 00:00:00,1.121880609006685
2023-04-28 00:00:00,1.1184876150264662
2023-05-01 00:00:00,1.1229010948346403
2023-05-02 00:00:00,1.1217699591600394
2023-05-03 00:00:00,1.11835609586337
2023-05-04 00:00:00,1.1190433213444135
2023-05-05 00:00:00,1.1134864898691992
2023-05-08 00:00:00,1.1124237002285777
2023-05-09 00:00:00,1.115462691950617
2023-05-10 00:00:00,1.1172849875550808
2023-05-11 00:00:00,1.1228157829167325
2023-05-12 00:00:00,1.1251983560962937
2023-05-15 00:00:00,1.1235077662221422
2023-05-16 00:00:00,1.1265897323982537
2023-05-17 00:00:00,1.1289425965250657
2023-05-18 00:00:00,1.1348094883709527
2023-05-19 00:00:00,1.1315667471102853
2023-05-22 00:00:00,1.1340674606098342
2023-05-23 00:00:00,1.1375535486940587
2023-05-24 00:00:00,1.141852617074153
2023-05-25 00:00:00,1.1470302950578568
2023-05-26 00:00:00,1.1462428773852829
2023-05-30 00:00:00,1.14936653327557
2023-05-31 00:00:00,1.1500465768789674
2023-06-01 00:00:00,1.146436910817325
2023-06-02 00:00:00,1.1449922802971502
2023-06-05 00:00:00,1.147868602703798
2023-06-06 00:00:00,1.1503408650667457
2023-06-07 00:00:00,1.1496163357518128
2023-06-08 00:00:00,1.145679904467815
2023-06-09 00:00:00,1.146412799030257
2023-06-12 00:00:00,1.1463418616072834
2023-06-13 00:00:00,1.1410844865238785
2023-06-14 00:00:00,1.1380870830083347
2023-06-15 00:00:00,1.1352231399779333
2023-06-16 00:00:00,1.1375849435726364
2023-06-20 00:00:00,1.1460693752398403
2023-06-21 00:00:00,1.1395565259418732
2023-06-22 00:00:00,1.1397378429347818
2023-06-23 00:00:00,1.1419196074277216
2023-06-26 00:00:00,1.1402776894682376
2023-06-27 00:00:00,1.1400088097682646
2023-06-28 00:00:00,1.1447134024283412
2023-06-29 00:00:00,1.1470151219867446
2023-06-30 00:00:00,1.1435596995926505
2023-07-03 00:00:00,1.1455808328573949
2023-07-05 00:00:00,1.1487438785280746
2023-07-06 00:00:00,1.1518439702283747
2023-07-07 00:00:00,1.14559036989956
2023-07-10 00:00:00,1.143837385387948
2023-07-11 00:00:00,1.1378498920055788
2023-07-12 00:00:00,1.1239849904787746
2023-07-13 00:00:00,1.1139315231634515
2023-07-14 00:00:00,1.1147857699442212
2023-07-17 00:00:00,1.1157880239198892
2023-07-18 00:00:00,1.1139087898565754
2023-07-19 00:00:00,1.116992838510032
2023-07-20 00:00:00,1.1207885260324084
2023-07-21 00:00:00,1.1231655523616075
2023-07-24 00:00:00,1.1238213476757155
2023-07-25 00:00:00,1.122396423639479
2023-07-26 00:00:00,1.1249972655313005
2023-07-27 00:00:00,1.1263581945829848
2023-07-28 00:00:00,1.1291246530082932
2023-07-31 00:00:00,1.1282522061303981
2023-08-01 00:00:00,1.1341130664688692
2023-08-02 00:00:00,1.1400176861554956
2023-08-03 00:00:00,1.1385613625604805
2023-08-04 00:00:00,1.1308234579289023
2023-08-07 00:00:00,1.1329757472151538
2023-08-08 00:00:00,1.1393392860211966
2023-08-09 00:00:00,1.137821140760964
2023-08-10 00:00:00,1.1347417587258684
2023-08-11 00:00:00,1.144382433958895
2023-08-14 00:00:00,1.1428056408412965
2023-08-15 00:00:00,1.1444867355693202
2023-08-16 00:00:00,1.1464772279429865
2023-08-17 00:00:00,1.1477812916855061
2023-08-18 00:00:00,1.15022666204058
2023-08-21 00:00:00,1.150598979438133
2023-08-22 00:00:00,1.149277816922791
2023-08-23 00:00:00,1.1481595346414597
2023-08-24 00:00:00,1.1515101718447878
2023-08-25 00:00:00,1.1548764921435335
2023-08-28 00:00:00,1.1516269156989438
2023-08-29 00:00:00,1.1478102761944433
2023-08-30 00:00:00,1.1428461671344268
2023-08-31 00:00:00,1.1492940411507606
2023-09-01 00:00:00,1.1536906967389957
2023-09-05 00:00:00,1.1557239996469242
2023-09-06 00:00:00,1.157164225959134
2023-09-07 00:00:00,1.1573274208222135
2023-09-08 00:00:00,1.1562995412526687
2023-09-11 00:00:00,1.1545341237424536
2023-09-12 00:00:00,1.1560259411010945
2023-09-13 00:00:00,1.1565889388129948
2023-09-14 00:00:00,1.1588454368235823
2023-09-15 00:00:00,1.1581797424868336
2023-09-18 00:00:00,1.158086890855427
2023-09-19 00:00:00,1.157775371644467
2023-09-20 00:00:00,1.1536950194726214
2023-09-21 00:00:00,1.158549655484863
2023-09-22 00:00:00,1.1559371531150375
2023-09-25 00:00:00,1.1529927334624916
2023-09-26 00:00:00,1.1518017506373466
2023-09-27 00:00:00,1.1523457683868694
2023-09-28 00:00:00,1.1462923354993477
2023-09-29 00:00:00,1.1453779605157632
2023-10-02 00:00:00,1.1514035437153707
2023-10-03 00:00:00,1.1562704896833018
2023-10-04 00:00:00,1.1529361758817114
2023-10-05 00:00:00,1.1514300300614737
2023-10-06 00:00:00,1.1473063837743875
2023-10-10 00:00:00,1.1433774206774798
2023-10-11 00:00:00,1.1452263122736517
2023-10-12 00:00:00,1.1483649412379793
2023-10-13 00:00:00,1.151227075081092
2023-10-16 00:00:00,1.1465788733654838
2023-10-17 00:00:00,1.144494499623318
2023-10-18 00:00:00,1.1511695540363633
2023-10-19 00:00:00,1.148238210569697
2023-10-20 00:00:00,1.1480027950675098
2023-10-23 00:00:00,1.1488165673423738
2023-10-24 00:00:00,1.1544766997532698
2023-10-25 00:00:00,1.1543881197112653
2023-10-26 00:00:00,1.158065778198116
2023-10-27 00:00:00,1.1553340260101295
2023-10-30 00:00:00,1.1556889132528603
2023-10-31 00:00:00,1.157330106941365
2023-11-01 00:00:00,1.1594461815235393
2023-11-02 00:00:00,1.155208906294186
2023-11-03 00:00:00,1.1446339904084724
2023-11-06 00:00:00,1.1434462627492061
2023-11-07 00:00:00,1.1459366425503552
2023-11-08 00:00:00,1.1431180399749157
2023-11-09 00:00:00,1.1416501937641326
2023-11-13 00:00:00,1.1409141416468054
2023-11-14 00:00:00,1.129929308435261
2023-11-15 00:00:00,1.1253991357575728
2023-11-16 00:00:00,1.1297409831927925
2023-11-17 00:00:00,1.1268926196373332
2023-11-20 00:00:00,1.121475162715533
2023-11-21 00:00:00,1.121283851995145
2023-11-22 00:00:00,1.1244204690622737
2023-11-24 00:00:00,1.121274748407151
2023-11-27 00:00:00,1.1210003766489123
2023-11-28 00:00:00,1.1144561897108198
2023-11-29 00:00:00,1.1167025532500323
2023-11-30 00:00:00,1.120394675574518
2023-12-01 00:00:00,1.1170058272248236
2023-12-04 00:00:00,1.1209050362519175
2023-12-05 00:00:00,1.12327070337235
2023-12-06 00:00:00,1.1206157387621745
2023-12-07 00:00:00,1.1180875859241457
2023-12-08 00:00:00,1.122700088246247
2023-12-11 00:00:00,1.1233738214204292
2023-12-12 00:00:00,1.1207635035553905
2023-12-13 00:00:00,1.1201830024951092
2023-12-14 00:00:00,1.1072920291621242
2023-12-15 00:00:00,1.109997469710806
2023-12-18 00:00:00,1.1081950527669406
2023-12-19 00:00:00,1.105046851609857
2023-12-20 00:00:00,1.103974165143788
2023-12-21 00:00:00,1.1014357749191739
2023-12-22 00:00:00,1.096529458041723
2023-12-26 00:00:00,1.097240215652137
2023-12-27 00:00:00,1.091528081222129
2023-12-28 00:00:00,1.0940859062792079
2023-12-29 00:00:00,1.0983131753119373
