date,combined_equity
2000-05-12 00:00:00,1.0
2000-05-15 00:00:00,1.0
2000-05-16 00:00:00,1.0
2000-05-17 00:00:00,1.0
2000-05-18 00:00:00,1.0
2000-05-19 00:00:00,1.0
2000-05-22 00:00:00,1.0
2000-05-23 00:00:00,1.0
2000-05-24 00:00:00,1.0
2000-05-25 00:00:00,1.0
2000-05-26 00:00:00,1.0
2000-05-30 00:00:00,1.0
2000-05-31 00:00:00,1.0
2000-06-01 00:00:00,1.0
2000-06-02 00:00:00,1.0
2000-06-05 00:00:00,1.0
2000-06-06 00:00:00,1.0
2000-06-07 00:00:00,1.0
2000-06-08 00:00:00,1.0
2000-06-09 00:00:00,1.0
2000-06-12 00:00:00,1.0
2000-06-13 00:00:00,1.0
2000-06-14 00:00:00,1.0
2000-06-15 00:00:00,1.0
2000-06-16 00:00:00,1.0
2000-06-19 00:00:00,1.0
2000-06-20 00:00:00,1.0
2000-06-21 00:00:00,1.0
2000-06-22 00:00:00,1.0
2000-06-23 00:00:00,1.0
2000-06-26 00:00:00,1.0
2000-06-27 00:00:00,1.0
2000-06-28 00:00:00,1.0
2000-06-29 00:00:00,1.0
2000-06-30 00:00:00,1.0
2000-07-03 00:00:00,1.0
2000-07-05 00:00:00,1.0
2000-07-06 00:00:00,1.0
2000-07-07 00:00:00,1.0
2000-07-10 00:00:00,1.0
2000-07-11 00:00:00,1.0
2000-07-12 00:00:00,1.0
2000-07-13 00:00:00,1.0
2000-07-14 00:00:00,1.0
2000-07-17 00:00:00,1.0
2000-07-18 00:00:00,1.0
2000-07-19 00:00:00,1.0
2000-07-20 00:00:00,1.0
2000-07-21 00:00:00,1.0
2000-07-24 00:00:00,1.0
2000-07-25 00:00:00,1.0
2000-07-26 00:00:00,1.0
2000-07-27 00:00:00,1.0
2000-07-28 00:00:00,1.0
2000-07-31 00:00:00,1.0
2000-08-01 00:00:00,1.0
2000-08-02 00:00:00,1.0
2000-08-03 00:00:00,1.0
2000-08-04 00:00:00,1.0
2000-08-07 00:00:00,1.0
2000-08-08 00:00:00,1.0
2000-08-09 00:00:00,1.0
2000-08-10 00:00:00,1.0
2000-08-11 00:00:00,1.0
2000-08-14 00:00:00,1.0
2000-08-15 00:00:00,1.0
2000-08-16 00:00:00,1.0
2000-08-17 00:00:00,1.0
2000-08-18 00:00:00,1.0
2000-08-21 00:00:00,1.0
2000-08-22 00:00:00,1.0
2000-08-23 00:00:00,1.0
2000-08-24 00:00:00,1.0
2000-08-25 00:00:00,1.0
2000-08-28 00:00:00,1.0
2000-08-29 00:00:00,1.0
2000-08-30 00:00:00,1.0
2000-08-31 00:00:00,1.0
2000-09-01 00:00:00,1.0
2000-09-05 00:00:00,1.0
2000-09-06 00:00:00,1.0
2000-09-07 00:00:00,1.0
2000-09-08 00:00:00,1.0
2000-09-11 00:00:00,1.0
2000-09-12 00:00:00,1.0
2000-09-13 00:00:00,1.0
2000-09-14 00:00:00,1.0
2000-09-15 00:00:00,1.0
2000-09-18 00:00:00,1.0
2000-09-19 00:00:00,1.0
2000-09-20 00:00:00,1.0
2000-09-21 00:00:00,1.0
2000-09-22 00:00:00,1.0
2000-09-25 00:00:00,1.0
2000-09-26 00:00:00,1.0
2000-09-27 00:00:00,1.0
2000-09-28 00:00:00,1.0
2000-09-29 00:00:00,1.0
2000-10-02 00:00:00,1.0
2000-10-03 00:00:00,1.0
2000-10-04 00:00:00,1.0
2000-10-05 00:00:00,1.0
2000-10-06 00:00:00,1.0
2000-10-09 00:00:00,1.0
2000-10-10 00:00:00,1.0
2000-10-11 00:00:00,1.0
2000-10-12 00:00:00,1.0
2000-10-13 00:00:00,1.0
2000-10-16 00:00:00,1.0
2000-10-17 00:00:00,1.0
2000-10-18 00:00:00,1.0
2000-10-19 00:00:00,1.0
2000-10-20 00:00:00,1.0
2000-10-23 00:00:00,1.0
2000-10-24 00:00:00,1.0
2000-10-25 00:00:00,1.0
2000-10-26 00:00:00,1.0
2000-10-27 00:00:00,1.0
2000-10-30 00:00:00,1.0
2000-10-31 00:00:00,1.0
2000-11-01 00:00:00,1.0
2000-11-02 00:00:00,1.0
2000-11-03 00:00:00,1.0
2000-11-06 00:00:00,1.0
2000-11-07 00:00:00,1.0
2000-11-08 00:00:00,1.0
2000-11-09 00:00:00,1.0
2000-11-10 00:00:00,1.0
2000-11-13 00:00:00,1.0
2000-11-14 00:00:00,1.0
2000-11-15 00:00:00,1.0
2000-11-16 00:00:00,1.0
2000-11-17 00:00:00,1.0
2000-11-20 00:00:00,1.0
2000-11-21 00:00:00,1.0
2000-11-22 00:00:00,1.0
2000-11-24 00:00:00,1.0
2000-11-27 00:00:00,1.0
2000-11-28 00:00:00,1.0
2000-11-29 00:00:00,1.0
2000-11-30 00:00:00,1.0
2000-12-01 00:00:00,1.0
2000-12-04 00:00:00,1.0
2000-12-05 00:00:00,1.0
2000-12-06 00:00:00,1.0
2000-12-07 00:00:00,1.0
2000-12-08 00:00:00,1.0
2000-12-11 00:00:00,1.0
2000-12-12 00:00:00,1.0
2000-12-13 00:00:00,1.0
2000-12-14 00:00:00,1.0
2000-12-15 00:00:00,1.0
2000-12-18 00:00:00,1.0
2000-12-19 00:00:00,1.0
2000-12-20 00:00:00,1.0
2000-12-21 00:00:00,1.0
2000-12-22 00:00:00,1.0
2000-12-26 00:00:00,1.0
2000-12-27 00:00:00,1.0
2000-12-28 00:00:00,1.0
2000-12-29 00:00:00,1.0
2001-01-02 00:00:00,1.0
2001-01-03 00:00:00,1.0
2001-01-04 00:00:00,1.0
2001-01-05 00:00:00,1.0
2001-01-08 00:00:00,1.0
2001-01-09 00:00:00,1.0
2001-01-10 00:00:00,1.0
2001-01-11 00:00:00,1.0
2001-01-12 00:00:00,1.0
2001-01-16 00:00:00,1.0
2001-01-17 00:00:00,1.0
2001-01-18 00:00:00,1.0
2001-01-19 00:00:00,1.0
2001-01-22 00:00:00,1.0
2001-01-23 00:00:00,1.0
2001-01-24 00:00:00,1.0
2001-01-25 00:00:00,1.0
2001-01-26 00:00:00,1.0
2001-01-29 00:00:00,1.0
2001-01-30 00:00:00,1.0
2001-01-31 00:00:00,1.0
2001-02-01 00:00:00,1.0
2001-02-02 00:00:00,1.0
2001-02-05 00:00:00,1.0
2001-02-06 00:00:00,1.0
2001-02-07 00:00:00,1.0
2001-02-08 00:00:00,1.0
2001-02-09 00:00:00,1.0
2001-02-12 00:00:00,1.0
2001-02-13 00:00:00,1.0
2001-02-14 00:00:00,1.0
2001-02-15 00:00:00,1.0
2001-02-16 00:00:00,1.0
2001-02-20 00:00:00,1.0
2001-02-21 00:00:00,1.0
2001-02-22 00:00:00,1.0
2001-02-23 00:00:00,1.0
2001-02-26 00:00:00,1.0
2001-02-27 00:00:00,1.0
2001-02-28 00:00:00,1.0
2001-03-01 00:00:00,1.0
2001-03-02 00:00:00,1.0
2001-03-05 00:00:00,1.0
2001-03-06 00:00:00,1.0
2001-03-07 00:00:00,1.0
2001-03-08 00:00:00,1.0
2001-03-09 00:00:00,1.0
2001-03-12 00:00:00,1.0
2001-03-13 00:00:00,1.0
2001-03-14 00:00:00,1.0
2001-03-15 00:00:00,1.0
2001-03-16 00:00:00,1.0
2001-03-19 00:00:00,1.0
2001-03-20 00:00:00,1.0
2001-03-21 00:00:00,1.0
2001-03-22 00:00:00,1.0
2001-03-23 00:00:00,1.0
2001-03-26 00:00:00,1.0
2001-03-27 00:00:00,1.0
2001-03-28 00:00:00,1.0
2001-03-29 00:00:00,1.0
2001-03-30 00:00:00,1.0
2001-04-02 00:00:00,1.0
2001-04-03 00:00:00,1.0
2001-04-04 00:00:00,1.0
2001-04-05 00:00:00,1.0
2001-04-06 00:00:00,1.0
2001-04-09 00:00:00,1.0
2001-04-10 00:00:00,1.0
2001-04-11 00:00:00,1.0
2001-04-12 00:00:00,1.0
2001-04-16 00:00:00,1.0
2001-04-17 00:00:00,1.0
2001-04-18 00:00:00,1.0
2001-04-19 00:00:00,1.0
2001-04-20 00:00:00,1.0
2001-04-23 00:00:00,1.0
2001-04-24 00:00:00,1.0
2001-04-25 00:00:00,1.0
2001-04-26 00:00:00,1.0
2001-04-27 00:00:00,1.0
2001-04-30 00:00:00,1.0
2001-05-01 00:00:00,1.0
2001-05-02 00:00:00,1.0
2001-05-03 00:00:00,1.0
2001-05-04 00:00:00,1.0
2001-05-07 00:00:00,1.0
2001-05-08 00:00:00,1.0
2001-05-09 00:00:00,1.0
2001-05-10 00:00:00,1.0
2001-05-11 00:00:00,1.0
2001-05-14 00:00:00,1.0
2001-05-15 00:00:00,1.0
2001-05-16 00:00:00,1.0
2001-05-17 00:00:00,1.0
2001-05-18 00:00:00,1.0
2001-05-21 00:00:00,1.0
2001-05-22 00:00:00,0.996197933753864
2001-05-23 00:00:00,1.0022812397476815
2001-05-24 00:00:00,1.0035485951630603
2001-05-25 00:00:00,0.9974652891692427
2001-05-29 00:00:00,1.0030416529969088
2001-05-30 00:00:00,0.9923958675077281
2001-05-31 00:00:00,0.9979722313353941
2001-06-01 00:00:00,0.991635454258501
2001-06-04 00:00:00,0.9939166940061825
2001-06-05 00:00:00,0.9780478833791434
2001-06-06 00:00:00,0.9780478833791434
2001-06-07 00:00:00,0.9780478833791434
2001-06-08 00:00:00,0.9780478833791434
2001-06-11 00:00:00,0.9780478833791434
2001-06-12 00:00:00,0.9780478833791434
2001-06-13 00:00:00,0.9780478833791434
2001-06-14 00:00:00,0.9780478833791434
2001-06-15 00:00:00,0.9780478833791434
2001-06-18 00:00:00,0.9780478833791434
2001-06-19 00:00:00,0.9780478833791434
2001-06-20 00:00:00,0.9780478833791434
2001-06-21 00:00:00,0.9780478833791434
2001-06-22 00:00:00,0.9780478833791434
2001-06-25 00:00:00,0.9780478833791434
2001-06-26 00:00:00,0.9780478833791434
2001-06-27 00:00:00,0.9780478833791434
2001-06-28 00:00:00,0.9780478833791434
2001-06-29 00:00:00,0.9780478833791434
2001-07-02 00:00:00,0.9780478833791434
2001-07-03 00:00:00,0.9780478833791434
2001-07-05 00:00:00,0.9780478833791434
2001-07-06 00:00:00,0.9780478833791434
2001-07-09 00:00:00,0.9780478833791434
2001-07-10 00:00:00,0.9780478833791434
2001-07-11 00:00:00,0.9780478833791434
2001-07-12 00:00:00,0.9780478833791434
2001-07-13 00:00:00,0.9780478833791434
2001-07-16 00:00:00,0.9780478833791434
2001-07-17 00:00:00,0.9780478833791434
2001-07-18 00:00:00,0.9780478833791434
2001-07-19 00:00:00,0.9780478833791434
2001-07-20 00:00:00,0.9780478833791434
2001-07-23 00:00:00,0.9780478833791434
2001-07-24 00:00:00,0.9780478833791434
2001-07-25 00:00:00,0.9780478833791434
2001-07-26 00:00:00,0.9780478833791434
2001-07-27 00:00:00,0.9780478833791434
2001-07-30 00:00:00,0.9780478833791434
2001-07-31 00:00:00,0.9780478833791434
2001-08-01 00:00:00,0.9780478833791434
2001-08-02 00:00:00,0.9780478833791434
2001-08-03 00:00:00,0.9780478833791434
2001-08-06 00:00:00,0.9780478833791434
2001-08-07 00:00:00,0.9780478833791434
2001-08-08 00:00:00,0.9780478833791434
2001-08-09 00:00:00,0.9780478833791434
2001-08-10 00:00:00,0.9780478833791434
2001-08-13 00:00:00,0.9780478833791434
2001-08-14 00:00:00,0.9780478833791434
2001-08-15 00:00:00,0.9780478833791434
2001-08-16 00:00:00,0.9780478833791434
2001-08-17 00:00:00,0.9780478833791434
2001-08-20 00:00:00,0.9780478833791434
2001-08-21 00:00:00,0.9780478833791434
2001-08-22 00:00:00,0.9780478833791434
2001-08-23 00:00:00,0.9780478833791434
2001-08-24 00:00:00,0.9780478833791434
2001-08-27 00:00:00,0.9780478833791434
2001-08-28 00:00:00,0.9780478833791434
2001-08-29 00:00:00,0.9780478833791434
2001-08-30 00:00:00,0.9780478833791434
2001-08-31 00:00:00,0.9780478833791434
2001-09-04 00:00:00,0.9780478833791434
2001-09-05 00:00:00,0.9780478833791434
2001-09-06 00:00:00,0.9780478833791434
2001-09-07 00:00:00,0.9780478833791434
2001-09-10 00:00:00,0.9780478833791434
2001-09-17 00:00:00,0.9780478833791434
2001-09-18 00:00:00,0.9780478833791434
2001-09-19 00:00:00,0.9780478833791434
2001-09-20 00:00:00,0.9780478833791434
2001-09-21 00:00:00,0.9780478833791434
2001-09-24 00:00:00,0.9780478833791434
2001-09-25 00:00:00,0.9780478833791434
2001-09-26 00:00:00,0.9780478833791434
2001-09-27 00:00:00,0.9780478833791434
2001-09-28 00:00:00,0.9780478833791434
2001-10-01 00:00:00,0.9780478833791434
2001-10-02 00:00:00,0.9780478833791434
2001-10-03 00:00:00,0.9780478833791434
2001-10-04 00:00:00,0.9780478833791434
2001-10-05 00:00:00,0.9780478833791434
2001-10-08 00:00:00,0.9780478833791434
2001-10-09 00:00:00,0.9780478833791434
2001-10-10 00:00:00,0.9780478833791434
2001-10-11 00:00:00,0.9780478833791434
2001-10-12 00:00:00,0.9780478833791434
2001-10-15 00:00:00,0.9780478833791434
2001-10-16 00:00:00,0.9780478833791434
2001-10-17 00:00:00,0.9780478833791434
2001-10-18 00:00:00,0.9780478833791434
2001-10-19 00:00:00,0.9780478833791434
2001-10-22 00:00:00,0.9780478833791434
2001-10-23 00:00:00,0.9780478833791434
2001-10-24 00:00:00,0.9780478833791434
2001-10-25 00:00:00,0.9780478833791434
2001-10-26 00:00:00,0.9780478833791434
2001-10-29 00:00:00,0.9780478833791434
2001-10-30 00:00:00,0.9780478833791434
2001-10-31 00:00:00,0.9780478833791434
2001-11-01 00:00:00,0.9780478833791434
2001-11-02 00:00:00,0.9780478833791434
2001-11-05 00:00:00,0.9780478833791434
2001-11-06 00:00:00,0.9780478833791434
2001-11-07 00:00:00,0.9780478833791434
2001-11-08 00:00:00,0.9780478833791434
2001-11-09 00:00:00,0.9780478833791434
2001-11-12 00:00:00,0.9727564832945835
2001-11-13 00:00:00,0.9852068364347243
2001-11-14 00:00:00,0.9973459307463616
2001-11-15 00:00:00,0.9948558601183335
2001-11-16 00:00:00,0.9929883071473123
2001-11-19 00:00:00,1.0072050546540436
2001-11-20 00:00:00,0.9906735228840524
2001-11-21 00:00:00,0.9929937378693144
2001-11-23 00:00:00,1.0193861833266689
2001-11-26 00:00:00,1.0577747203115737
2001-11-27 00:00:00,1.0547047793758604
2001-11-28 00:00:00,1.031747585633399
2001-11-29 00:00:00,1.031747585633399
2001-11-30 00:00:00,1.031747585633399
2001-12-03 00:00:00,1.031747585633399
2001-12-04 00:00:00,1.031747585633399
2001-12-05 00:00:00,1.031747585633399
2001-12-06 00:00:00,1.0262738273490835
2001-12-07 00:00:00,1.0354556154389034
2001-12-10 00:00:00,1.0181514763465502
2001-12-11 00:00:00,1.018857767738075
2001-12-12 00:00:00,1.0243315260223906
2001-12-13 00:00:00,1.0232720889351037
2001-12-14 00:00:00,1.006899195042476
2001-12-17 00:00:00,1.006899195042476
2001-12-18 00:00:00,1.006899195042476
2001-12-19 00:00:00,1.006899195042476
2001-12-20 00:00:00,1.006899195042476
2001-12-21 00:00:00,1.006899195042476
2001-12-24 00:00:00,1.006899195042476
2001-12-26 00:00:00,1.006899195042476
2001-12-27 00:00:00,1.006899195042476
2001-12-28 00:00:00,1.006899195042476
2001-12-31 00:00:00,1.006899195042476
2002-01-02 00:00:00,1.006899195042476
2002-01-03 00:00:00,1.006899195042476
2002-01-04 00:00:00,1.0036490614096072
2002-01-07 00:00:00,0.9988694531259767
2002-01-08 00:00:00,0.9832325631389837
2002-01-09 00:00:00,0.9832325631389837
2002-01-10 00:00:00,0.9832325631389837
2002-01-11 00:00:00,0.9832325631389837
2002-01-14 00:00:00,0.9832325631389837
2002-01-15 00:00:00,0.9832325631389837
2002-01-16 00:00:00,0.9832325631389837
2002-01-17 00:00:00,0.9832325631389837
2002-01-18 00:00:00,0.9832325631389837
2002-01-22 00:00:00,0.9832325631389837
2002-01-23 00:00:00,0.9832325631389837
2002-01-24 00:00:00,0.9832325631389837
2002-01-25 00:00:00,0.9832325631389837
2002-01-28 00:00:00,0.9811442245622768
2002-01-29 00:00:00,0.9691362777462118
2002-01-30 00:00:00,0.9634270186335622
2002-01-31 00:00:00,0.9634270186335622
2002-02-01 00:00:00,0.9634270186335622
2002-02-04 00:00:00,0.9634270186335622
2002-02-05 00:00:00,0.9634270186335622
2002-02-06 00:00:00,0.9634270186335622
2002-02-07 00:00:00,0.9634270186335622
2002-02-08 00:00:00,0.9634270186335622
2002-02-11 00:00:00,0.9634270186335622
2002-02-12 00:00:00,0.9634270186335622
2002-02-13 00:00:00,0.9634270186335622
2002-02-14 00:00:00,0.9634270186335622
2002-02-15 00:00:00,0.96006127005842
2002-02-19 00:00:00,0.9577583894543755
2002-02-20 00:00:00,0.9618327166769158
2002-02-21 00:00:00,0.960946993367668
2002-02-22 00:00:00,0.9706899497693952
2002-02-25 00:00:00,0.9758271449630332
2002-02-26 00:00:00,0.9767128682722812
2002-02-27 00:00:00,0.9806100508329721
2002-02-28 00:00:00,0.9818500634659192
2002-03-01 00:00:00,0.9910615858820978
2002-03-04 00:00:00,0.9921864128743356
2002-03-05 00:00:00,0.9830390034186379
2002-03-06 00:00:00,0.9878115648737846
2002-03-07 00:00:00,0.9790618688726824
2002-03-08 00:00:00,0.9784652986907891
2002-03-11 00:00:00,0.9792607255999802
2002-03-12 00:00:00,0.9862207110554023
2002-03-13 00:00:00,0.9864195677827001
2002-03-14 00:00:00,0.9933795532381223
2002-03-15 00:00:00,0.9965612608748867
2002-03-18 00:00:00,0.9969589743294823
2002-03-19 00:00:00,1.0110778019676243
2002-03-20 00:00:00,0.9941749801473133
2002-03-21 00:00:00,0.9961635474202911
2002-03-22 00:00:00,1.0037201030576066
2002-03-25 00:00:00,0.9931806965108245
2002-03-26 00:00:00,0.9999418252389488
2002-03-27 00:00:00,1.0118732288768153
2002-03-28 00:00:00,1.0071006674216687
2002-04-01 00:00:00,0.9993452550570555
2002-04-02 00:00:00,1.0084926645127532
2002-04-03 00:00:00,1.025815471741117
2002-04-04 00:00:00,1.025815471741117
2002-04-05 00:00:00,1.025815471741117
2002-04-08 00:00:00,1.025815471741117
2002-04-09 00:00:00,1.025815471741117
2002-04-10 00:00:00,1.025815471741117
2002-04-11 00:00:00,1.025815471741117
2002-04-12 00:00:00,1.025815471741117
2002-04-15 00:00:00,1.025815471741117
2002-04-16 00:00:00,1.025815471741117
2002-04-17 00:00:00,1.025815471741117
2002-04-18 00:00:00,1.018788336060419
2002-04-19 00:00:00,1.0174976376700868
2002-04-22 00:00:00,1.0139123643636083
2002-04-23 00:00:00,1.0230906640281934
2002-04-24 00:00:00,1.021656554705602
2002-04-25 00:00:00,1.0000044295174897
2002-04-26 00:00:00,1.0000044295174897
2002-04-29 00:00:00,1.0000044295174897
2002-04-30 00:00:00,1.0000044295174897
2002-05-01 00:00:00,1.0000044295174897
2002-05-02 00:00:00,1.0000044295174897
2002-05-03 00:00:00,1.0000044295174897
2002-05-06 00:00:00,1.0000044295174897
2002-05-07 00:00:00,1.0000044295174897
2002-05-08 00:00:00,1.0000044295174897
2002-05-09 00:00:00,1.0000044295174897
2002-05-10 00:00:00,1.0000044295174897
2002-05-13 00:00:00,1.0000044295174897
2002-05-14 00:00:00,1.0000044295174897
2002-05-15 00:00:00,1.0000044295174897
2002-05-16 00:00:00,1.0000044295174897
2002-05-17 00:00:00,1.0000044295174897
2002-05-20 00:00:00,1.0000044295174897
2002-05-21 00:00:00,1.0000044295174897
2002-05-22 00:00:00,1.0000044295174897
2002-05-23 00:00:00,1.0000044295174897
2002-05-24 00:00:00,1.0000044295174897
2002-05-28 00:00:00,1.0000044295174897
2002-05-29 00:00:00,1.0000044295174897
2002-05-30 00:00:00,1.0000044295174897
2002-05-31 00:00:00,1.0000044295174897
2002-06-03 00:00:00,1.0000044295174897
2002-06-04 00:00:00,1.0000044295174897
2002-06-05 00:00:00,1.0000044295174897
2002-06-06 00:00:00,1.0000044295174897
2002-06-07 00:00:00,1.0000044295174897
2002-06-10 00:00:00,1.0000044295174897
2002-06-11 00:00:00,1.0000044295174897
2002-06-12 00:00:00,1.0000044295174897
2002-06-13 00:00:00,1.0000044295174897
2002-06-14 00:00:00,1.0000044295174897
2002-06-17 00:00:00,1.0000044295174897
2002-06-18 00:00:00,1.0000044295174897
2002-06-19 00:00:00,1.0000044295174897
2002-06-20 00:00:00,1.0000044295174897
2002-06-21 00:00:00,1.0000044295174897
2002-06-24 00:00:00,1.0000044295174897
2002-06-25 00:00:00,1.0000044295174897
2002-06-26 00:00:00,1.0000044295174897
2002-06-27 00:00:00,1.0000044295174897
2002-06-28 00:00:00,1.0000044295174897
2002-07-01 00:00:00,1.0000044295174897
2002-07-02 00:00:00,1.0000044295174897
2002-07-03 00:00:00,1.0000044295174897
2002-07-05 00:00:00,1.0000044295174897
2002-07-08 00:00:00,1.0000044295174897
2002-07-09 00:00:00,1.0000044295174897
2002-07-10 00:00:00,1.0000044295174897
2002-07-11 00:00:00,1.0000044295174897
2002-07-12 00:00:00,1.0000044295174897
2002-07-15 00:00:00,1.0000044295174897
2002-07-16 00:00:00,1.0000044295174897
2002-07-17 00:00:00,1.0000044295174897
2002-07-18 00:00:00,1.0000044295174897
2002-07-19 00:00:00,1.0000044295174897
2002-07-22 00:00:00,1.0000044295174897
2002-07-23 00:00:00,1.0000044295174897
2002-07-24 00:00:00,1.0000044295174897
2002-07-25 00:00:00,1.0000044295174897
2002-07-26 00:00:00,1.0000044295174897
2002-07-29 00:00:00,1.0000044295174897
2002-07-30 00:00:00,1.0000044295174897
2002-07-31 00:00:00,1.0000044295174897
2002-08-01 00:00:00,1.0000044295174897
2002-08-02 00:00:00,1.0000044295174897
2002-08-05 00:00:00,1.0000044295174897
2002-08-06 00:00:00,1.0000044295174897
2002-08-07 00:00:00,1.0000044295174897
2002-08-08 00:00:00,1.0000044295174897
2002-08-09 00:00:00,1.0000044295174897
2002-08-12 00:00:00,1.0000044295174897
2002-08-13 00:00:00,1.0000044295174897
2002-08-14 00:00:00,1.0000044295174897
2002-08-15 00:00:00,1.0000044295174897
2002-08-16 00:00:00,1.0000044295174897
2002-08-19 00:00:00,1.0000044295174897
2002-08-20 00:00:00,1.0000044295174897
2002-08-21 00:00:00,1.0000044295174897
2002-08-22 00:00:00,1.0000044295174897
2002-08-23 00:00:00,1.0000044295174897
2002-08-26 00:00:00,1.0000044295174897
2002-08-27 00:00:00,1.0000044295174897
2002-08-28 00:00:00,1.0000044295174897
2002-08-29 00:00:00,1.0000044295174897
2002-08-30 00:00:00,1.0000044295174897
2002-09-03 00:00:00,1.0000044295174897
2002-09-04 00:00:00,1.0000044295174897
2002-09-05 00:00:00,1.0000044295174897
2002-09-06 00:00:00,1.0000044295174897
2002-09-09 00:00:00,1.0000044295174897
2002-09-10 00:00:00,1.0000044295174897
2002-09-11 00:00:00,1.0000044295174897
2002-09-12 00:00:00,1.0000044295174897
2002-09-13 00:00:00,1.0000044295174897
2002-09-16 00:00:00,1.0000044295174897
2002-09-17 00:00:00,1.0000044295174897
2002-09-18 00:00:00,1.0000044295174897
2002-09-19 00:00:00,1.0000044295174897
2002-09-20 00:00:00,1.0000044295174897
2002-09-23 00:00:00,1.0000044295174897
2002-09-24 00:00:00,1.0000044295174897
2002-09-25 00:00:00,1.0000044295174897
2002-09-26 00:00:00,1.0000044295174897
2002-09-27 00:00:00,1.0000044295174897
2002-09-30 00:00:00,1.0000044295174897
2002-10-01 00:00:00,1.0000044295174897
2002-10-02 00:00:00,1.0000044295174897
2002-10-03 00:00:00,1.0000044295174897
2002-10-04 00:00:00,1.0000044295174897
2002-10-07 00:00:00,1.0000044295174897
2002-10-08 00:00:00,1.0000044295174897
2002-10-09 00:00:00,1.0000044295174897
2002-10-10 00:00:00,1.0000044295174897
2002-10-11 00:00:00,1.0000044295174897
2002-10-14 00:00:00,1.0000044295174897
2002-10-15 00:00:00,1.0000044295174897
2002-10-16 00:00:00,1.0000044295174897
2002-10-17 00:00:00,1.0000044295174897
2002-10-18 00:00:00,1.0000044295174897
2002-10-21 00:00:00,1.0000044295174897
2002-10-22 00:00:00,1.0000044295174897
2002-10-23 00:00:00,1.0000044295174897
2002-10-24 00:00:00,1.0000044295174897
2002-10-25 00:00:00,1.0000044295174897
2002-10-28 00:00:00,1.0000044295174897
2002-10-29 00:00:00,1.0000044295174897
2002-10-30 00:00:00,1.0000044295174897
2002-10-31 00:00:00,1.0000044295174897
2002-11-01 00:00:00,1.0000044295174897
2002-11-04 00:00:00,1.0000044295174897
2002-11-05 00:00:00,1.0000044295174897
2002-11-06 00:00:00,1.0000044295174897
2002-11-07 00:00:00,1.0000044295174897
2002-11-08 00:00:00,1.0000044295174897
2002-11-11 00:00:00,1.0000044295174897
2002-11-12 00:00:00,1.0000044295174897
2002-11-13 00:00:00,1.0000044295174897
2002-11-14 00:00:00,1.0000044295174897
2002-11-15 00:00:00,1.0000044295174897
2002-11-18 00:00:00,1.0000044295174897
2002-11-19 00:00:00,1.0000044295174897
2002-11-20 00:00:00,1.0000044295174897
2002-11-21 00:00:00,1.0000044295174897
2002-11-22 00:00:00,1.0000044295174897
2002-11-25 00:00:00,1.0000044295174897
2002-11-26 00:00:00,1.0000044295174897
2002-11-27 00:00:00,1.0000044295174897
2002-11-29 00:00:00,1.0000044295174897
2002-12-02 00:00:00,1.0000044295174897
2002-12-03 00:00:00,1.0000044295174897
2002-12-04 00:00:00,1.0000044295174897
2002-12-05 00:00:00,1.0000044295174897
2002-12-06 00:00:00,1.0000044295174897
2002-12-09 00:00:00,1.0000044295174897
2002-12-10 00:00:00,1.0000044295174897
2002-12-11 00:00:00,1.0000044295174897
2002-12-12 00:00:00,1.0000044295174897
2002-12-13 00:00:00,1.0000044295174897
2002-12-16 00:00:00,1.0000044295174897
2002-12-17 00:00:00,1.0000044295174897
2002-12-18 00:00:00,1.0000044295174897
2002-12-19 00:00:00,1.0000044295174897
2002-12-20 00:00:00,1.0000044295174897
2002-12-23 00:00:00,1.0000044295174897
2002-12-24 00:00:00,1.0000044295174897
2002-12-26 00:00:00,1.0000044295174897
2002-12-27 00:00:00,1.0000044295174897
2002-12-30 00:00:00,1.0000044295174897
2002-12-31 00:00:00,1.0000044295174897
2003-01-02 00:00:00,1.0000044295174897
2003-01-03 00:00:00,1.0000044295174897
2003-01-06 00:00:00,1.0000044295174897
2003-01-07 00:00:00,1.0000044295174897
2003-01-08 00:00:00,1.0000044295174897
2003-01-09 00:00:00,1.0000044295174897
2003-01-10 00:00:00,1.0000044295174897
2003-01-13 00:00:00,1.0000044295174897
2003-01-14 00:00:00,1.0000044295174897
2003-01-15 00:00:00,1.0000044295174897
2003-01-16 00:00:00,1.0000044295174897
2003-01-17 00:00:00,1.0000044295174897
2003-01-21 00:00:00,1.0000044295174897
2003-01-22 00:00:00,1.0000044295174897
2003-01-23 00:00:00,1.0000044295174897
2003-01-24 00:00:00,1.0000044295174897
2003-01-27 00:00:00,1.0000044295174897
2003-01-28 00:00:00,1.0000044295174897
2003-01-29 00:00:00,1.0000044295174897
2003-01-30 00:00:00,1.0000044295174897
2003-01-31 00:00:00,1.0000044295174897
2003-02-03 00:00:00,1.0000044295174897
2003-02-04 00:00:00,1.0000044295174897
2003-02-05 00:00:00,1.0000044295174897
2003-02-06 00:00:00,1.0000044295174897
2003-02-07 00:00:00,1.0000044295174897
2003-02-10 00:00:00,1.0000044295174897
2003-02-11 00:00:00,1.0000044295174897
2003-02-12 00:00:00,1.0000044295174897
2003-02-13 00:00:00,1.0000044295174897
2003-02-14 00:00:00,1.0000044295174897
2003-02-18 00:00:00,1.0000044295174897
2003-02-19 00:00:00,1.0000044295174897
2003-02-20 00:00:00,1.0000044295174897
2003-02-21 00:00:00,1.0000044295174897
2003-02-24 00:00:00,1.0000044295174897
2003-02-25 00:00:00,1.0000044295174897
2003-02-26 00:00:00,1.0000044295174897
2003-02-27 00:00:00,1.0000044295174897
2003-02-28 00:00:00,1.0000044295174897
2003-03-03 00:00:00,1.0000044295174897
2003-03-04 00:00:00,1.0000044295174897
2003-03-05 00:00:00,1.0000044295174897
2003-03-06 00:00:00,1.0000044295174897
2003-03-07 00:00:00,1.0000044295174897
2003-03-10 00:00:00,1.0000044295174897
2003-03-11 00:00:00,1.0000044295174897
2003-03-12 00:00:00,1.0000044295174897
2003-03-13 00:00:00,1.0000044295174897
2003-03-14 00:00:00,1.0000044295174897
2003-03-17 00:00:00,1.0000044295174897
2003-03-18 00:00:00,1.0000044295174897
2003-03-19 00:00:00,1.0000044295174897
2003-03-20 00:00:00,1.0000044295174897
2003-03-21 00:00:00,1.0000044295174897
2003-03-24 00:00:00,1.0000044295174897
2003-03-25 00:00:00,1.0000044295174897
2003-03-26 00:00:00,1.0000044295174897
2003-03-27 00:00:00,1.0000044295174897
2003-03-28 00:00:00,1.0000044295174897
2003-03-31 00:00:00,1.0000044295174897
2003-04-01 00:00:00,1.0000044295174897
2003-04-02 00:00:00,1.0000044295174897
2003-04-03 00:00:00,1.0000044295174897
2003-04-04 00:00:00,1.0000044295174897
2003-04-07 00:00:00,1.0000044295174897
2003-04-08 00:00:00,1.0000044295174897
2003-04-09 00:00:00,1.0000044295174897
2003-04-10 00:00:00,1.0000044295174897
2003-04-11 00:00:00,1.0000044295174897
2003-04-14 00:00:00,1.0000044295174897
2003-04-15 00:00:00,1.0000044295174897
2003-04-16 00:00:00,1.0000044295174897
2003-04-17 00:00:00,1.0000044295174897
2003-04-21 00:00:00,1.0000044295174897
2003-04-22 00:00:00,1.0000044295174897
2003-04-23 00:00:00,1.0000044295174897
2003-04-24 00:00:00,1.0000044295174897
2003-04-25 00:00:00,1.0000044295174897
2003-04-28 00:00:00,1.0000044295174897
2003-04-29 00:00:00,1.0000044295174897
2003-04-30 00:00:00,1.0000044295174897
2003-05-01 00:00:00,1.0000044295174897
2003-05-02 00:00:00,1.0000044295174897
2003-05-05 00:00:00,1.0000044295174897
2003-05-06 00:00:00,1.0000044295174897
2003-05-07 00:00:00,1.0000044295174897
2003-05-08 00:00:00,1.0000044295174897
2003-05-09 00:00:00,1.0000044295174897
2003-05-12 00:00:00,1.0000044295174897
2003-05-13 00:00:00,0.9962908238285001
2003-05-14 00:00:00,0.9910917758639147
2003-05-15 00:00:00,1.0011185112241865
2003-05-16 00:00:00,0.9922058575706115
2003-05-19 00:00:00,0.9818077616414408
2003-05-20 00:00:00,0.9877495307438241
2003-05-21 00:00:00,0.9844072856237335
2003-05-22 00:00:00,0.9883065715971725
2003-05-23 00:00:00,0.9920201772861621
2003-05-27 00:00:00,0.9983333069574444
2003-05-28 00:00:00,1.000932830939737
2003-05-29 00:00:00,1.0011185112241865
2003-05-30 00:00:00,1.0040893957753783
2003-06-02 00:00:00,1.0117022874378068
2003-06-03 00:00:00,1.0063175591887719
2003-06-04 00:00:00,1.0133734099978522
2003-06-05 00:00:00,1.0146731719889985
2003-06-06 00:00:00,1.0156015734112458
2003-06-09 00:00:00,1.0131877297134027
2003-06-10 00:00:00,1.022286063651427
2003-06-11 00:00:00,1.0208505322362913
2003-06-12 00:00:00,1.0237198712636608
2003-06-13 00:00:00,1.020188377076129
2003-06-16 00:00:00,1.0298999860918414
2003-06-17 00:00:00,1.031886451572328
2003-06-18 00:00:00,1.0380665664005087
2003-06-19 00:00:00,1.0440259628419686
2003-06-20 00:00:00,1.0391701583341124
2003-06-23 00:00:00,1.0263684919043097
2003-06-24 00:00:00,1.0248234631972646
2003-06-25 00:00:00,1.0296792677051207
2003-06-26 00:00:00,1.0413773422013197
2003-06-27 00:00:00,1.0349765089864185
2003-06-30 00:00:00,1.0305621412520036
2003-07-01 00:00:00,1.0351972273731391
2003-07-02 00:00:00,1.0475574570295003
2003-07-03 00:00:00,1.0513034464249644
2003-07-07 00:00:00,1.0501779676761493
2003-07-08 00:00:00,1.0668350531586128
2003-07-09 00:00:00,1.0648091914107456
2003-07-10 00:00:00,1.0506281591756754
2003-07-11 00:00:00,1.058281414667618
2003-07-14 00:00:00,1.0826507682389153
2003-07-15 00:00:00,1.0845566780383873
2003-07-16 00:00:00,1.0881779066573842
2003-07-17 00:00:00,1.0748365380610798
2003-07-18 00:00:00,1.0767424478605518
2003-07-21 00:00:00,1.0654975800436668
2003-07-22 00:00:00,1.0776954027602879
2003-07-23 00:00:00,1.0715964914019773
2003-07-24 00:00:00,1.0792201305998657
2003-07-25 00:00:00,1.0872249517576482
2003-07-28 00:00:00,1.0881779066573842
2003-07-29 00:00:00,1.0938956360558003
2003-07-30 00:00:00,1.0906555893966978
2003-07-31 00:00:00,1.082460177258968
2003-08-01 00:00:00,1.0906555893966978
2003-08-04 00:00:00,1.0872249517576482
2003-08-05 00:00:00,1.0839849050985457
2003-08-06 00:00:00,1.0782671757001294
2003-08-07 00:00:00,1.0807448584394432
2003-08-08 00:00:00,1.0755989019808687
2003-08-11 00:00:00,1.0769330388404992
2003-08-12 00:00:00,1.0748616198340408
2003-08-13 00:00:00,1.0748616198340408
2003-08-14 00:00:00,1.0748616198340408
2003-08-15 00:00:00,1.0748616198340408
2003-08-18 00:00:00,1.0748616198340408
2003-08-19 00:00:00,1.0748616198340408
2003-08-20 00:00:00,1.0748616198340408
2003-08-21 00:00:00,1.076482709450454
2003-08-22 00:00:00,1.0695351825229686
2003-08-25 00:00:00,1.0681456771374715
2003-08-26 00:00:00,1.0676825086756392
2003-08-27 00:00:00,1.0667561717519745
2003-08-28 00:00:00,1.0625876555954832
2003-08-29 00:00:00,1.0704615194466334
2003-09-02 00:00:00,1.078798551759616
2003-09-03 00:00:00,1.0743984513722085
2003-09-04 00:00:00,1.077409046374119
2003-09-05 00:00:00,1.073935282910376
2003-09-08 00:00:00,1.0808828098378618
2003-09-09 00:00:00,1.0683772613683877
2003-09-10 00:00:00,1.0625876555954832
2003-09-11 00:00:00,1.0730089459867114
2003-09-12 00:00:00,1.0618929029027346
2003-09-15 00:00:00,1.0581875552080757
2003-09-16 00:00:00,1.075093204064957
2003-09-17 00:00:00,1.0732405302176276
2003-09-18 00:00:00,1.0727773617557952
2003-09-19 00:00:00,1.0679272468908714
2003-09-22 00:00:00,1.0679272468908714
2003-09-23 00:00:00,1.0679272468908714
2003-09-24 00:00:00,1.0679272468908714
2003-09-25 00:00:00,1.0679272468908714
2003-09-26 00:00:00,1.0679272468908714
2003-09-29 00:00:00,1.0679272468908714
2003-09-30 00:00:00,1.0679272468908714
2003-10-01 00:00:00,1.0679272468908714
2003-10-02 00:00:00,1.0679272468908714
2003-10-03 00:00:00,1.0679272468908714
2003-10-06 00:00:00,1.0679272468908714
2003-10-07 00:00:00,1.0679272468908714
2003-10-08 00:00:00,1.0679272468908714
2003-10-09 00:00:00,1.0679272468908714
2003-10-10 00:00:00,1.0679272468908714
2003-10-13 00:00:00,1.0679272468908714
2003-10-14 00:00:00,1.0624885145585836
2003-10-15 00:00:00,1.0512484677385219
2003-10-16 00:00:00,1.0574123643817814
2003-10-17 00:00:00,1.050885885583036
2003-10-20 00:00:00,1.0581375286927532
2003-10-21 00:00:00,1.0623072234808406
2003-10-22 00:00:00,1.0554181625266092
2003-10-23 00:00:00,1.0463929221240744
2003-10-24 00:00:00,1.0463929221240744
2003-10-27 00:00:00,1.0463929221240744
2003-10-28 00:00:00,1.0463929221240744
2003-10-29 00:00:00,1.0463929221240744
2003-10-30 00:00:00,1.0463929221240744
2003-10-31 00:00:00,1.0463929221240744
2003-11-03 00:00:00,1.0463929221240744
2003-11-04 00:00:00,1.0463929221240744
2003-11-05 00:00:00,1.0463929221240744
2003-11-06 00:00:00,1.0506422233803951
2003-11-07 00:00:00,1.0596719885500767
2003-11-10 00:00:00,1.0561309041698095
2003-11-11 00:00:00,1.0529439282275688
2003-11-12 00:00:00,1.0628589644923172
2003-11-13 00:00:00,1.068524699500745
2003-11-14 00:00:00,1.0635671813683707
2003-11-17 00:00:00,1.0485175727522347
2003-11-18 00:00:00,1.0506422233803951
2003-11-19 00:00:00,1.041789512429727
2003-11-20 00:00:00,1.0331138556980721
2003-11-21 00:00:00,1.033645018355112
2003-11-24 00:00:00,1.0252950208096525
2003-11-25 00:00:00,1.0252950208096525
2003-11-26 00:00:00,1.0252950208096525
2003-11-28 00:00:00,1.0252950208096525
2003-12-01 00:00:00,1.0252950208096525
2003-12-02 00:00:00,1.0252950208096525
2003-12-03 00:00:00,1.0252950208096525
2003-12-04 00:00:00,1.0252950208096525
2003-12-05 00:00:00,1.0252950208096525
2003-12-08 00:00:00,1.0252950208096525
2003-12-09 00:00:00,1.0252950208096525
2003-12-10 00:00:00,1.0252950208096525
2003-12-11 00:00:00,1.0252950208096525
2003-12-12 00:00:00,1.0252950208096525
2003-12-15 00:00:00,1.0252950208096525
2003-12-16 00:00:00,1.0252950208096525
2003-12-17 00:00:00,1.0252950208096525
2003-12-18 00:00:00,1.0252950208096525
2003-12-19 00:00:00,1.0252950208096525
2003-12-22 00:00:00,1.0252950208096525
2003-12-23 00:00:00,1.0252950208096525
2003-12-24 00:00:00,1.0252950208096525
2003-12-26 00:00:00,1.0252950208096525
2003-12-29 00:00:00,1.0252950208096525
2003-12-30 00:00:00,1.0252950208096525
2003-12-31 00:00:00,1.0252950208096525
2004-01-02 00:00:00,1.0252950208096525
2004-01-05 00:00:00,1.0314676672208996
2004-01-06 00:00:00,1.0235029621741292
2004-01-07 00:00:00,1.0254941384358218
2004-01-08 00:00:00,1.0292773733330376
2004-01-09 00:00:00,1.0364456078751312
2004-01-12 00:00:00,1.049388253576133
2004-01-13 00:00:00,1.0384367841368236
2004-01-14 00:00:00,1.0444103129219016
2004-01-15 00:00:00,1.040228842772347
2004-01-16 00:00:00,1.0428173719125475
2004-01-20 00:00:00,1.057946010560686
2004-01-21 00:00:00,1.057946010560686
2004-01-22 00:00:00,1.0669055366575293
2004-01-23 00:00:00,1.056266099417528
2004-01-26 00:00:00,1.0674655070385821
2004-01-27 00:00:00,1.048613170876474
2004-01-28 00:00:00,1.0478665437017372
2004-01-29 00:00:00,1.046933259733316
2004-01-30 00:00:00,1.044693378209105
2004-02-02 00:00:00,1.0474932301143687
2004-02-03 00:00:00,1.0400269583669992
2004-02-04 00:00:00,1.0355300975562762
2004-02-05 00:00:00,1.0355300975562762
2004-02-06 00:00:00,1.0355300975562762
2004-02-09 00:00:00,1.0355300975562762
2004-02-10 00:00:00,1.0355300975562762
2004-02-11 00:00:00,1.0355300975562762
2004-02-12 00:00:00,1.036594163678479
2004-02-13 00:00:00,1.038722295922885
2004-02-17 00:00:00,1.0440426265338996
2004-02-18 00:00:00,1.0349980644951748
2004-02-19 00:00:00,1.0337566540192713
2004-02-20 00:00:00,1.025244125041648
2004-02-23 00:00:00,1.0218745823213387
2004-02-24 00:00:00,1.0146210118044892
2004-02-25 00:00:00,1.0146210118044892
2004-02-26 00:00:00,1.0146210118044892
2004-02-27 00:00:00,1.0146210118044892
2004-03-01 00:00:00,1.0146210118044892
2004-03-02 00:00:00,1.0146210118044892
2004-03-03 00:00:00,1.0146210118044892
2004-03-04 00:00:00,1.0146210118044892
2004-03-05 00:00:00,1.0146210118044892
2004-03-08 00:00:00,1.0146210118044892
2004-03-09 00:00:00,1.0146210118044892
2004-03-10 00:00:00,1.0146210118044892
2004-03-11 00:00:00,1.0146210118044892
2004-03-12 00:00:00,1.0146210118044892
2004-03-15 00:00:00,1.0146210118044892
2004-03-16 00:00:00,1.0146210118044892
2004-03-17 00:00:00,1.0146210118044892
2004-03-18 00:00:00,1.0146210118044892
2004-03-19 00:00:00,1.0146210118044892
2004-03-22 00:00:00,1.0146210118044892
2004-03-23 00:00:00,1.0146210118044892
2004-03-24 00:00:00,1.0146210118044892
2004-03-25 00:00:00,1.0146210118044892
2004-03-26 00:00:00,1.0146210118044892
2004-03-29 00:00:00,1.0146210118044892
2004-03-30 00:00:00,1.0146210118044892
2004-03-31 00:00:00,1.0146210118044892
2004-04-01 00:00:00,1.0146210118044892
2004-04-02 00:00:00,1.0146210118044892
2004-04-05 00:00:00,1.0146210118044892
2004-04-06 00:00:00,1.017353846837991
2004-04-07 00:00:00,1.0193579258625587
2004-04-08 00:00:00,1.0262811079474299
2004-04-12 00:00:00,1.0330221010300675
2004-04-13 00:00:00,1.0197223038670258
2004-04-14 00:00:00,1.016625090829057
2004-04-15 00:00:00,1.0151675788111896
2004-04-16 00:00:00,1.0066046957062176
2004-04-19 00:00:00,1.0118881767709875
2004-04-20 00:00:00,1.0137100667933219
2004-04-21 00:00:00,1.022272949898294
2004-04-22 00:00:00,1.0202688708737262
2004-04-23 00:00:00,1.0255523519384961
2004-04-26 00:00:00,1.0102484757508865
2004-04-27 00:00:00,1.0093375307397192
2004-04-28 00:00:00,0.9941169608234051
2004-04-29 00:00:00,0.9941169608234051
2004-04-30 00:00:00,0.9941169608234051
2004-05-03 00:00:00,0.9941169608234051
2004-05-04 00:00:00,0.9941169608234051
2004-05-05 00:00:00,0.9941169608234051
2004-05-06 00:00:00,0.9941169608234051
2004-05-07 00:00:00,0.9941169608234051
2004-05-10 00:00:00,0.9941169608234051
2004-05-11 00:00:00,0.9941169608234051
2004-05-12 00:00:00,0.9941169608234051
2004-05-13 00:00:00,0.9941169608234051
2004-05-14 00:00:00,0.9941169608234051
2004-05-17 00:00:00,0.9941169608234051
2004-05-18 00:00:00,0.9941169608234051
2004-05-19 00:00:00,0.9941169608234051
2004-05-20 00:00:00,0.9941169608234051
2004-05-21 00:00:00,0.9941169608234051
2004-05-24 00:00:00,0.9941169608234051
2004-05-25 00:00:00,0.9941169608234051
2004-05-26 00:00:00,0.9941169608234051
2004-05-27 00:00:00,0.9941169608234051
2004-05-28 00:00:00,0.9941169608234051
2004-06-01 00:00:00,0.9941169608234051
2004-06-02 00:00:00,0.9941169608234051
2004-06-03 00:00:00,0.9941169608234051
2004-06-04 00:00:00,0.9941169608234051
2004-06-07 00:00:00,0.9941169608234051
2004-06-08 00:00:00,0.9941169608234051
2004-06-09 00:00:00,0.9941169608234051
2004-06-10 00:00:00,0.9941169608234051
2004-06-14 00:00:00,0.9941169608234051
2004-06-15 00:00:00,0.9941169608234051
2004-06-16 00:00:00,0.9941169608234051
2004-06-17 00:00:00,0.9941169608234051
2004-06-18 00:00:00,0.9941169608234051
2004-06-21 00:00:00,0.9941169608234051
2004-06-22 00:00:00,0.9941169608234051
2004-06-23 00:00:00,0.9941169608234051
2004-06-24 00:00:00,0.9941169608234051
2004-06-25 00:00:00,0.9941169608234051
2004-06-28 00:00:00,0.9941169608234051
2004-06-29 00:00:00,0.9941169608234051
2004-06-30 00:00:00,0.9941169608234051
2004-07-01 00:00:00,0.9941169608234051
2004-07-02 00:00:00,0.9941169608234051
2004-07-06 00:00:00,0.9941169608234051
2004-07-07 00:00:00,0.9941169608234051
2004-07-08 00:00:00,0.9941169608234051
2004-07-09 00:00:00,0.9941169608234051
2004-07-12 00:00:00,0.9941169608234051
2004-07-13 00:00:00,0.9941169608234051
2004-07-14 00:00:00,0.9941169608234051
2004-07-15 00:00:00,0.9941169608234051
2004-07-16 00:00:00,0.9941169608234051
2004-07-19 00:00:00,0.9941169608234051
2004-07-20 00:00:00,0.9941169608234051
2004-07-21 00:00:00,0.9941169608234051
2004-07-22 00:00:00,0.9941169608234051
2004-07-23 00:00:00,0.9941169608234051
2004-07-26 00:00:00,0.9941169608234051
2004-07-27 00:00:00,0.9941169608234051
2004-07-28 00:00:00,0.9941169608234051
2004-07-29 00:00:00,0.9941169608234051
2004-07-30 00:00:00,0.9941169608234051
2004-08-02 00:00:00,0.9941169608234051
2004-08-03 00:00:00,0.9941169608234051
2004-08-04 00:00:00,0.9941169608234051
2004-08-05 00:00:00,0.9941169608234051
2004-08-06 00:00:00,0.9941169608234051
2004-08-09 00:00:00,0.9941169608234051
2004-08-10 00:00:00,0.9941169608234051
2004-08-11 00:00:00,0.9941169608234051
2004-08-12 00:00:00,0.9941169608234051
2004-08-13 00:00:00,0.9941169608234051
2004-08-16 00:00:00,0.9941169608234051
2004-08-17 00:00:00,0.9941169608234051
2004-08-18 00:00:00,0.9941169608234051
2004-08-19 00:00:00,0.9941169608234051
2004-08-20 00:00:00,0.9941169608234051
2004-08-23 00:00:00,0.9941169608234051
2004-08-24 00:00:00,0.9941169608234051
2004-08-25 00:00:00,0.9941169608234051
2004-08-26 00:00:00,0.9941169608234051
2004-08-27 00:00:00,0.9941169608234051
2004-08-30 00:00:00,0.9941169608234051
2004-08-31 00:00:00,0.9941169608234051
2004-09-01 00:00:00,0.9941169608234051
2004-09-02 00:00:00,0.9941169608234051
2004-09-03 00:00:00,0.9941169608234051
2004-09-07 00:00:00,0.9941169608234051
2004-09-08 00:00:00,0.9941169608234051
2004-09-09 00:00:00,0.9941169608234051
2004-09-10 00:00:00,0.9941169608234051
2004-09-13 00:00:00,0.9941169608234051
2004-09-14 00:00:00,0.9941169608234051
2004-09-15 00:00:00,0.9941169608234051
2004-09-16 00:00:00,0.9941169608234051
2004-09-17 00:00:00,0.9941169608234051
2004-09-20 00:00:00,0.9941169608234051
2004-09-21 00:00:00,0.9941169608234051
2004-09-22 00:00:00,0.9941169608234051
2004-09-23 00:00:00,0.9941169608234051
2004-09-24 00:00:00,0.9941169608234051
2004-09-27 00:00:00,0.9941169608234051
2004-09-28 00:00:00,0.9941169608234051
2004-09-29 00:00:00,0.9941169608234051
2004-09-30 00:00:00,0.9941169608234051
2004-10-01 00:00:00,0.9941169608234051
2004-10-04 00:00:00,0.9941169608234051
2004-10-05 00:00:00,0.9941169608234051
2004-10-06 00:00:00,0.9941169608234051
2004-10-07 00:00:00,0.9941169608234051
2004-10-08 00:00:00,0.9941169608234051
2004-10-11 00:00:00,0.9941169608234051
2004-10-12 00:00:00,0.9941169608234051
2004-10-13 00:00:00,0.9941169608234051
2004-10-14 00:00:00,0.9941169608234051
2004-10-15 00:00:00,0.9941169608234051
2004-10-18 00:00:00,0.9941169608234051
2004-10-19 00:00:00,0.9941169608234051
2004-10-20 00:00:00,0.9941169608234051
2004-10-21 00:00:00,0.9941169608234051
2004-10-22 00:00:00,0.9941169608234051
2004-10-25 00:00:00,0.9941169608234051
2004-10-26 00:00:00,0.9941169608234051
2004-10-27 00:00:00,0.9941169608234051
2004-10-28 00:00:00,0.9941169608234051
2004-10-29 00:00:00,0.9941169608234051
2004-11-01 00:00:00,0.9941169608234051
2004-11-02 00:00:00,0.9941169608234051
2004-11-03 00:00:00,0.9941169608234051
2004-11-04 00:00:00,0.9941169608234051
2004-11-05 00:00:00,0.9941169608234051
2004-11-08 00:00:00,0.9941169608234051
2004-11-09 00:00:00,0.9941169608234051
2004-11-10 00:00:00,0.9941169608234051
2004-11-11 00:00:00,0.9941169608234051
2004-11-12 00:00:00,0.9941169608234051
2004-11-15 00:00:00,0.9984262134299254
2004-11-16 00:00:00,0.991493937497697
2004-11-17 00:00:00,1.0064826422160287
2004-11-18 00:00:00,1.0040469776993
2004-11-19 00:00:00,0.9939296020144259
2004-11-22 00:00:00,0.9907445022617805
2004-11-23 00:00:00,0.9931801667785093
2004-11-24 00:00:00,1.0034849012723623
2004-11-26 00:00:00,1.0044216953172582
2004-11-29 00:00:00,1.0034849012723623
2004-11-30 00:00:00,1.0092930243507159
2004-12-01 00:00:00,1.0175368119457984
2004-12-02 00:00:00,1.0175368119457984
2004-12-03 00:00:00,1.0147264298111112
2004-12-06 00:00:00,1.011916047676424
2004-12-07 00:00:00,0.996552625340134
2004-12-08 00:00:00,0.9973020605760505
2004-12-09 00:00:00,0.9941169608234051
2004-12-10 00:00:00,0.9778167444422193
2004-12-13 00:00:00,0.981189203003844
2004-12-14 00:00:00,0.9828570711213763
2004-12-15 00:00:00,0.9828570711213763
2004-12-16 00:00:00,0.9828570711213763
2004-12-17 00:00:00,0.9828570711213763
2004-12-20 00:00:00,0.9828570711213763
2004-12-21 00:00:00,0.9828570711213763
2004-12-22 00:00:00,0.9828570711213763
2004-12-23 00:00:00,0.9828570711213763
2004-12-27 00:00:00,0.9828570711213763
2004-12-28 00:00:00,0.9828570711213763
2004-12-29 00:00:00,0.9828570711213763
2004-12-30 00:00:00,0.9828570711213763
2004-12-31 00:00:00,0.9807077800469389
2005-01-03 00:00:00,0.9711553752716618
2005-01-04 00:00:00,0.9629196621428422
2005-01-05 00:00:00,0.9629196621428422
2005-01-06 00:00:00,0.9629196621428422
2005-01-07 00:00:00,0.9629196621428422
2005-01-10 00:00:00,0.9629196621428422
2005-01-11 00:00:00,0.9629196621428422
2005-01-12 00:00:00,0.9629196621428422
2005-01-13 00:00:00,0.9629196621428422
2005-01-14 00:00:00,0.9629196621428422
2005-01-18 00:00:00,0.9711085408570045
2005-01-19 00:00:00,0.9596051159966336
2005-01-20 00:00:00,0.958825222785761
2005-01-21 00:00:00,0.9605799825102244
2005-01-24 00:00:00,0.9664291815917688
2005-01-25 00:00:00,0.9652593417754599
2005-01-26 00:00:00,0.9757879001222401
2005-01-27 00:00:00,0.9740331403977767
2005-01-28 00:00:00,0.9674040481053596
2005-01-31 00:00:00,0.9785175263602942
2005-02-01 00:00:00,0.9771527132412672
2005-02-02 00:00:00,0.9736431937923404
2005-02-03 00:00:00,0.9746180603059311
2005-02-04 00:00:00,0.9869013783771747
2005-02-07 00:00:00,0.9915719582254072
2005-02-08 00:00:00,0.9887730269446018
2005-02-09 00:00:00,0.9841747826975645
2005-02-10 00:00:00,0.9755780651922339
2005-02-11 00:00:00,0.9851744010121379
2005-02-14 00:00:00,0.9933712711916391
2005-02-15 00:00:00,1.0001686757307378
2005-02-16 00:00:00,0.9979695154386765
2005-02-17 00:00:00,0.9951705841578712
2005-02-18 00:00:00,1.0101648588764711
2005-02-22 00:00:00,1.006566232944007
2005-02-23 00:00:00,1.0107646298652149
2005-02-24 00:00:00,1.0210630547447084
2005-02-25 00:00:00,1.0245793614150478
2005-02-28 00:00:00,1.0289230343607614
2005-03-01 00:00:00,1.0349214398572228
2005-03-02 00:00:00,1.0218904210200823
2005-03-03 00:00:00,1.0272683018100135
2005-03-04 00:00:00,1.032439341031101
2005-03-07 00:00:00,1.0254067276904217
2005-03-08 00:00:00,1.0189946390562734
2005-03-09 00:00:00,1.0177535896432124
2005-03-10 00:00:00,1.012789391990968
2005-03-11 00:00:00,1.0251998861215783
2005-03-14 00:00:00,1.0254067276904217
2005-03-15 00:00:00,1.0003609027993248
2005-03-16 00:00:00,1.0003609027993248
2005-03-17 00:00:00,1.0003609027993248
2005-03-18 00:00:00,1.0003609027993248
2005-03-21 00:00:00,1.0003609027993248
2005-03-22 00:00:00,1.0003609027993248
2005-03-23 00:00:00,1.0003609027993248
2005-03-24 00:00:00,1.0003609027993248
2005-03-28 00:00:00,1.0003609027993248
2005-03-29 00:00:00,1.0003609027993248
2005-03-30 00:00:00,1.0003609027993248
2005-03-31 00:00:00,1.0003609027993248
2005-04-01 00:00:00,1.0003609027993248
2005-04-04 00:00:00,1.0003609027993248
2005-04-05 00:00:00,1.0003609027993248
2005-04-06 00:00:00,1.0003609027993248
2005-04-07 00:00:00,1.0003609027993248
2005-04-08 00:00:00,1.0003609027993248
2005-04-11 00:00:00,1.0003609027993248
2005-04-12 00:00:00,1.0003609027993248
2005-04-13 00:00:00,1.0003609027993248
2005-04-14 00:00:00,1.0003609027993248
2005-04-15 00:00:00,1.0003609027993248
2005-04-18 00:00:00,1.0003609027993248
2005-04-19 00:00:00,1.0003609027993248
2005-04-20 00:00:00,1.0003609027993248
2005-04-21 00:00:00,1.0003609027993248
2005-04-22 00:00:00,1.0003609027993248
2005-04-25 00:00:00,1.0003609027993248
2005-04-26 00:00:00,1.0003609027993248
2005-04-27 00:00:00,1.0003609027993248
2005-04-28 00:00:00,1.0003609027993248
2005-04-29 00:00:00,1.0003609027993248
2005-05-02 00:00:00,1.0003609027993248
2005-05-03 00:00:00,1.0003609027993248
2005-05-04 00:00:00,1.0003609027993248
2005-05-05 00:00:00,1.0003609027993248
2005-05-06 00:00:00,1.0003609027993248
2005-05-09 00:00:00,1.0003609027993248
2005-05-10 00:00:00,1.0003609027993248
2005-05-11 00:00:00,1.0003609027993248
2005-05-12 00:00:00,1.0003609027993248
2005-05-13 00:00:00,1.0003609027993248
2005-05-16 00:00:00,1.0003609027993248
2005-05-17 00:00:00,1.0003609027993248
2005-05-18 00:00:00,1.0003609027993248
2005-05-19 00:00:00,1.0003609027993248
2005-05-20 00:00:00,1.0003609027993248
2005-05-23 00:00:00,1.0003609027993248
2005-05-24 00:00:00,1.0003609027993248
2005-05-25 00:00:00,1.0003609027993248
2005-05-26 00:00:00,1.0003609027993248
2005-05-27 00:00:00,1.0003609027993248
2005-05-31 00:00:00,1.0003609027993248
2005-06-01 00:00:00,1.0003609027993248
2005-06-02 00:00:00,1.0003609027993248
2005-06-03 00:00:00,1.0003609027993248
2005-06-06 00:00:00,1.0003609027993248
2005-06-07 00:00:00,1.0003609027993248
2005-06-08 00:00:00,1.0003609027993248
2005-06-09 00:00:00,1.0003609027993248
2005-06-10 00:00:00,1.0003609027993248
2005-06-13 00:00:00,1.0003609027993248
2005-06-14 00:00:00,1.0003609027993248
2005-06-15 00:00:00,1.0003609027993248
2005-06-16 00:00:00,1.0003609027993248
2005-06-17 00:00:00,1.0003609027993248
2005-06-20 00:00:00,1.0003609027993248
2005-06-21 00:00:00,1.0003609027993248
2005-06-22 00:00:00,1.0003609027993248
2005-06-23 00:00:00,1.0003609027993248
2005-06-24 00:00:00,1.0003609027993248
2005-06-27 00:00:00,1.0003609027993248
2005-06-28 00:00:00,1.0003609027993248
2005-06-29 00:00:00,1.0003609027993248
2005-06-30 00:00:00,1.0003609027993248
2005-07-01 00:00:00,1.0003609027993248
2005-07-05 00:00:00,1.0003609027993248
2005-07-06 00:00:00,1.0003609027993248
2005-07-07 00:00:00,1.0003609027993248
2005-07-08 00:00:00,1.0003609027993248
2005-07-11 00:00:00,1.0003609027993248
2005-07-12 00:00:00,1.0003609027993248
2005-07-13 00:00:00,1.002037046007149
2005-07-14 00:00:00,1.0198460675902823
2005-07-15 00:00:00,1.0114653515511607
2005-07-18 00:00:00,1.0114653515511607
2005-07-19 00:00:00,1.0250840151147331
2005-07-20 00:00:00,1.0213126928971286
2005-07-21 00:00:00,1.0300899702100692
2005-07-22 00:00:00,1.0326863989699575
2005-07-25 00:00:00,1.03568227830829
2005-07-26 00:00:00,1.0350831024406235
2005-07-27 00:00:00,1.0092085554009569
2005-07-28 00:00:00,1.0092085554009569
2005-07-29 00:00:00,1.0065377746126063
2005-08-01 00:00:00,1.0145501169776585
2005-08-02 00:00:00,1.0227293831419828
2005-08-03 00:00:00,1.0192239833572723
2005-08-04 00:00:00,1.1066176061612847
2005-08-05 00:00:00,1.1066176061612847
2005-08-08 00:00:00,1.1066176061612847
2005-08-09 00:00:00,1.1066176061612847
2005-08-10 00:00:00,1.1066176061612847
2005-08-11 00:00:00,1.1066176061612847
2005-08-12 00:00:00,1.1066176061612847
2005-08-15 00:00:00,1.1066176061612847
2005-08-16 00:00:00,1.1066176061612847
2005-08-17 00:00:00,1.1066176061612847
2005-08-18 00:00:00,1.1066176061612847
2005-08-19 00:00:00,1.1066176061612847
2005-08-22 00:00:00,1.1066176061612847
2005-08-23 00:00:00,1.1066176061612847
2005-08-24 00:00:00,1.1066176061612847
2005-08-25 00:00:00,1.1066176061612847
2005-08-26 00:00:00,1.1066176061612847
2005-08-29 00:00:00,1.1066176061612847
2005-08-30 00:00:00,1.1066176061612847
2005-08-31 00:00:00,1.1066176061612847
2005-09-01 00:00:00,1.1066176061612847
2005-09-02 00:00:00,1.1066176061612847
2005-09-06 00:00:00,1.1066176061612847
2005-09-07 00:00:00,1.1066176061612847
2005-09-08 00:00:00,1.1066176061612847
2005-09-09 00:00:00,1.1066176061612847
2005-09-12 00:00:00,1.1066176061612847
2005-09-13 00:00:00,1.1066176061612847
2005-09-14 00:00:00,1.1066176061612847
2005-09-15 00:00:00,1.1066176061612847
2005-09-16 00:00:00,1.1066176061612847
2005-09-19 00:00:00,1.1066176061612847
2005-09-20 00:00:00,1.1066176061612847
2005-09-21 00:00:00,1.1066176061612847
2005-09-22 00:00:00,1.1066176061612847
2005-09-23 00:00:00,1.1066176061612847
2005-09-26 00:00:00,1.1066176061612847
2005-09-27 00:00:00,1.1066176061612847
2005-09-28 00:00:00,1.1066176061612847
2005-09-29 00:00:00,1.1066176061612847
2005-09-30 00:00:00,1.1066176061612847
2005-10-03 00:00:00,1.1066176061612847
2005-10-04 00:00:00,1.1066176061612847
2005-10-05 00:00:00,1.1066176061612847
2005-10-06 00:00:00,1.1066176061612847
2005-10-07 00:00:00,1.1066176061612847
2005-10-10 00:00:00,1.1066176061612847
2005-10-11 00:00:00,1.1066176061612847
2005-10-12 00:00:00,1.1066176061612847
2005-10-13 00:00:00,1.1066176061612847
2005-10-14 00:00:00,1.1066176061612847
2005-10-17 00:00:00,1.1066176061612847
2005-10-18 00:00:00,1.1066176061612847
2005-10-19 00:00:00,1.1066176061612847
2005-10-20 00:00:00,1.1066176061612847
2005-10-21 00:00:00,1.1066176061612847
2005-10-24 00:00:00,1.1066176061612847
2005-10-25 00:00:00,1.1066176061612847
2005-10-26 00:00:00,1.1066176061612847
2005-10-27 00:00:00,1.1066176061612847
2005-10-28 00:00:00,1.1066176061612847
2005-10-31 00:00:00,1.1066176061612847
2005-11-01 00:00:00,1.1066176061612847
2005-11-02 00:00:00,1.1066176061612847
2005-11-03 00:00:00,1.1066176061612847
2005-11-04 00:00:00,1.1066176061612847
2005-11-07 00:00:00,1.1066176061612847
2005-11-08 00:00:00,1.1066176061612847
2005-11-09 00:00:00,1.1066176061612847
2005-11-10 00:00:00,1.1066176061612847
2005-11-11 00:00:00,1.1066176061612847
2005-11-14 00:00:00,1.1066176061612847
2005-11-15 00:00:00,1.1066176061612847
2005-11-16 00:00:00,1.1066176061612847
2005-11-17 00:00:00,1.1066176061612847
2005-11-18 00:00:00,1.1066176061612847
2005-11-21 00:00:00,1.1066176061612847
2005-11-22 00:00:00,1.1066176061612847
2005-11-23 00:00:00,1.1066176061612847
2005-11-25 00:00:00,1.1066176061612847
2005-11-28 00:00:00,1.1066176061612847
2005-11-29 00:00:00,1.1066176061612847
2005-11-30 00:00:00,1.1066176061612847
2005-12-01 00:00:00,1.1066176061612847
2005-12-02 00:00:00,1.1066176061612847
2005-12-05 00:00:00,1.1066176061612847
2005-12-06 00:00:00,1.1066176061612847
2005-12-07 00:00:00,1.1066176061612847
2005-12-08 00:00:00,1.1066176061612847
2005-12-09 00:00:00,1.1066176061612847
2005-12-12 00:00:00,1.1066176061612847
2005-12-13 00:00:00,1.1066176061612847
2005-12-14 00:00:00,1.1076836619964496
2005-12-15 00:00:00,1.1058561377075953
2005-12-16 00:00:00,1.0997643900780805
2005-12-19 00:00:00,1.1026579702021
2005-12-20 00:00:00,1.107531368305712
2005-12-21 00:00:00,1.1210855067813823
2005-12-22 00:00:00,1.120171744636955
2005-12-23 00:00:00,1.1242836742868774
2005-12-27 00:00:00,1.1255020238127804
2005-12-28 00:00:00,1.1293093660812272
2005-12-29 00:00:00,1.1309845966793437
2005-12-30 00:00:00,1.129461659771965
2006-01-03 00:00:00,1.1413816869460178
2006-01-04 00:00:00,1.1447565377708562
2006-01-05 00:00:00,1.1418879145697436
2006-01-06 00:00:00,1.157749713446484
2006-01-09 00:00:00,1.1602808515651128
2006-01-10 00:00:00,1.1450940228533402
2006-01-11 00:00:00,1.147287675889485
2006-01-12 00:00:00,1.1415504294872598
2006-01-13 00:00:00,1.147118933348243
2006-01-17 00:00:00,1.1250136604455516
2006-01-18 00:00:00,1.099726915670285
2006-01-19 00:00:00,1.099726915670285
2006-01-20 00:00:00,1.099726915670285
2006-01-23 00:00:00,1.099726915670285
2006-01-24 00:00:00,1.099726915670285
2006-01-25 00:00:00,1.099726915670285
2006-01-26 00:00:00,1.099726915670285
2006-01-27 00:00:00,1.099726915670285
2006-01-30 00:00:00,1.0975764615571377
2006-01-31 00:00:00,1.1015378243971456
2006-02-01 00:00:00,1.093501916921701
2006-02-02 00:00:00,1.0836551007193955
2006-02-03 00:00:00,1.0689502954936951
2006-02-06 00:00:00,1.0689502954936951
2006-02-07 00:00:00,1.0689502954936951
2006-02-08 00:00:00,1.0689502954936951
2006-02-09 00:00:00,1.0689502954936951
2006-02-10 00:00:00,1.0689502954936951
2006-02-13 00:00:00,1.0689502954936951
2006-02-14 00:00:00,1.0689502954936951
2006-02-15 00:00:00,1.0689502954936951
2006-02-16 00:00:00,1.0689502954936951
2006-02-17 00:00:00,1.0689502954936951
2006-02-21 00:00:00,1.0689502954936951
2006-02-22 00:00:00,1.0689502954936951
2006-02-23 00:00:00,1.0689502954936951
2006-02-24 00:00:00,1.0689502954936951
2006-02-27 00:00:00,1.0689502954936951
2006-02-28 00:00:00,1.0689502954936951
2006-03-01 00:00:00,1.0689502954936951
2006-03-02 00:00:00,1.0689502954936951
2006-03-03 00:00:00,1.0689502954936951
2006-03-06 00:00:00,1.0689502954936951
2006-03-07 00:00:00,1.0689502954936951
2006-03-08 00:00:00,1.0689502954936951
2006-03-09 00:00:00,1.0689502954936951
2006-03-10 00:00:00,1.0689502954936951
2006-03-13 00:00:00,1.0689502954936951
2006-03-14 00:00:00,1.0689502954936951
2006-03-15 00:00:00,1.0689502954936951
2006-03-16 00:00:00,1.0689502954936951
2006-03-17 00:00:00,1.0689502954936951
2006-03-20 00:00:00,1.0689502954936951
2006-03-21 00:00:00,1.0689502954936951
2006-03-22 00:00:00,1.0689502954936951
2006-03-23 00:00:00,1.0689502954936951
2006-03-24 00:00:00,1.0689502954936951
2006-03-27 00:00:00,1.0689502954936951
2006-03-28 00:00:00,1.0689502954936951
2006-03-29 00:00:00,1.0689502954936951
2006-03-30 00:00:00,1.0689502954936951
2006-03-31 00:00:00,1.0689502954936951
2006-04-03 00:00:00,1.0689502954936951
2006-04-04 00:00:00,1.0689502954936951
2006-04-05 00:00:00,1.0689502954936951
2006-04-06 00:00:00,1.0665584095643537
2006-04-07 00:00:00,1.0626858323454196
2006-04-10 00:00:00,1.0623441343555136
2006-04-11 00:00:00,1.0486762147592759
2006-04-12 00:00:00,1.047346680105123
2006-04-13 00:00:00,1.047346680105123
2006-04-17 00:00:00,1.047346680105123
2006-04-18 00:00:00,1.047346680105123
2006-04-19 00:00:00,1.046224390398099
2006-04-20 00:00:00,1.044540955837563
2006-04-21 00:00:00,1.0483567408414445
2006-04-24 00:00:00,1.0430819792184316
2006-04-25 00:00:00,1.0402762549508715
2006-04-26 00:00:00,1.0527336706988382
2006-04-27 00:00:00,1.0479078249586349
2006-04-28 00:00:00,1.0373583017126091
2006-05-01 00:00:00,1.040725170833681
2006-05-02 00:00:00,1.0494790305484685
2006-05-03 00:00:00,1.0490301146656589
2006-05-04 00:00:00,1.0539681893765647
2006-05-05 00:00:00,1.0586818061460657
2006-05-08 00:00:00,1.0659766892417217
2006-05-09 00:00:00,1.0609263855601136
2006-05-10 00:00:00,1.061263072472221
2006-05-11 00:00:00,1.050376862314088
2006-05-12 00:00:00,1.039827339068062
2006-05-15 00:00:00,1.0261730888737899
2006-05-16 00:00:00,1.0261730888737899
2006-05-17 00:00:00,1.0261730888737899
2006-05-18 00:00:00,1.0261730888737899
2006-05-19 00:00:00,1.0261730888737899
2006-05-22 00:00:00,1.0261730888737899
2006-05-23 00:00:00,1.0261730888737899
2006-05-24 00:00:00,1.0261730888737899
2006-05-25 00:00:00,1.0261730888737899
2006-05-26 00:00:00,1.0261730888737899
2006-05-30 00:00:00,1.0261730888737899
2006-05-31 00:00:00,1.0261730888737899
2006-06-01 00:00:00,1.0261730888737899
2006-06-02 00:00:00,1.0261730888737899
2006-06-05 00:00:00,1.0261730888737899
2006-06-06 00:00:00,1.0261730888737899
2006-06-07 00:00:00,1.0261730888737899
2006-06-08 00:00:00,1.0261730888737899
2006-06-09 00:00:00,1.0261730888737899
2006-06-12 00:00:00,1.0261730888737899
2006-06-13 00:00:00,1.0261730888737899
2006-06-14 00:00:00,1.0261730888737899
2006-06-15 00:00:00,1.0261730888737899
2006-06-16 00:00:00,1.0261730888737899
2006-06-19 00:00:00,1.0261730888737899
2006-06-20 00:00:00,1.0261730888737899
2006-06-21 00:00:00,1.0261730888737899
2006-06-22 00:00:00,1.0261730888737899
2006-06-23 00:00:00,1.0261730888737899
2006-06-26 00:00:00,1.0261730888737899
2006-06-27 00:00:00,1.0261730888737899
2006-06-28 00:00:00,1.0261730888737899
2006-06-29 00:00:00,1.0261730888737899
2006-06-30 00:00:00,1.0261730888737899
2006-07-03 00:00:00,1.0261730888737899
2006-07-05 00:00:00,1.0261730888737899
2006-07-06 00:00:00,1.0261730888737899
2006-07-07 00:00:00,1.0261730888737899
2006-07-10 00:00:00,1.0261730888737899
2006-07-11 00:00:00,1.0261730888737899
2006-07-12 00:00:00,1.0261730888737899
2006-07-13 00:00:00,1.0261730888737899
2006-07-14 00:00:00,1.0261730888737899
2006-07-17 00:00:00,1.0261730888737899
2006-07-18 00:00:00,1.0261730888737899
2006-07-19 00:00:00,1.0261730888737899
2006-07-20 00:00:00,1.0261730888737899
2006-07-21 00:00:00,1.0261730888737899
2006-07-24 00:00:00,1.0261730888737899
2006-07-25 00:00:00,1.0261730888737899
2006-07-26 00:00:00,1.0261730888737899
2006-07-27 00:00:00,1.0261730888737899
2006-07-28 00:00:00,1.0261730888737899
2006-07-31 00:00:00,1.0261730888737899
2006-08-01 00:00:00,1.0261730888737899
2006-08-02 00:00:00,1.0261730888737899
2006-08-03 00:00:00,1.0261730888737899
2006-08-04 00:00:00,1.0261730888737899
2006-08-07 00:00:00,1.0261730888737899
2006-08-08 00:00:00,1.0261730888737899
2006-08-09 00:00:00,1.0261730888737899
2006-08-10 00:00:00,1.0261730888737899
2006-08-11 00:00:00,1.0261730888737899
2006-08-14 00:00:00,1.0261730888737899
2006-08-15 00:00:00,1.0261730888737899
2006-08-16 00:00:00,1.0261730888737899
2006-08-17 00:00:00,1.0261730888737899
2006-08-18 00:00:00,1.0261730888737899
2006-08-21 00:00:00,1.0261730888737899
2006-08-22 00:00:00,1.0261730888737899
2006-08-23 00:00:00,1.0261730888737899
2006-08-24 00:00:00,1.0261730888737899
2006-08-25 00:00:00,1.0261730888737899
2006-08-28 00:00:00,1.0261730888737899
2006-08-29 00:00:00,1.0261730888737899
2006-08-30 00:00:00,1.0261730888737899
2006-08-31 00:00:00,1.0261730888737899
2006-09-01 00:00:00,1.0261730888737899
2006-09-05 00:00:00,1.0305574360479124
2006-09-06 00:00:00,1.0195209759199486
2006-09-07 00:00:00,1.0172532101402298
2006-09-08 00:00:00,1.0213351885437236
2006-09-11 00:00:00,1.0053686660346455
2006-09-12 00:00:00,1.0053686660346455
2006-09-13 00:00:00,1.0053686660346455
2006-09-14 00:00:00,1.0053686660346455
2006-09-15 00:00:00,1.0053686660346455
2006-09-18 00:00:00,1.0053686660346455
2006-09-19 00:00:00,0.9988056522135653
2006-09-20 00:00:00,1.0107384046155292
2006-09-21 00:00:00,1.0046228690095227
2006-09-22 00:00:00,0.9928392760125833
2006-09-25 00:00:00,1.0049211878195718
2006-09-26 00:00:00,1.0010430432889337
2006-09-27 00:00:00,1.00551782543967
2006-09-28 00:00:00,1.0099926075904064
2006-09-29 00:00:00,0.9920934789874606
2006-10-02 00:00:00,1.0028329561492282
2006-10-03 00:00:00,1.0016396809090318
2006-10-04 00:00:00,1.005219506629621
2006-10-05 00:00:00,1.0150640273612412
2006-10-06 00:00:00,0.9849800377398383
2006-10-09 00:00:00,0.9849800377398383
2006-10-10 00:00:00,0.9849800377398383
2006-10-11 00:00:00,0.9849800377398383
2006-10-12 00:00:00,0.9849800377398383
2006-10-13 00:00:00,0.9849800377398383
2006-10-16 00:00:00,0.9849800377398383
2006-10-17 00:00:00,0.9849800377398383
2006-10-18 00:00:00,0.9849800377398383
2006-10-19 00:00:00,0.9849800377398383
2006-10-20 00:00:00,0.9849800377398383
2006-10-23 00:00:00,0.9849800377398383
2006-10-24 00:00:00,0.9849800377398383
2006-10-25 00:00:00,0.9849800377398383
2006-10-26 00:00:00,0.9849800377398383
2006-10-27 00:00:00,0.9849800377398383
2006-10-30 00:00:00,0.9849800377398383
2006-10-31 00:00:00,0.9849800377398383
2006-11-01 00:00:00,0.9849800377398383
2006-11-02 00:00:00,0.9849800377398383
2006-11-03 00:00:00,0.9849800377398383
2006-11-06 00:00:00,0.9849800377398383
2006-11-07 00:00:00,0.9828530540573508
2006-11-08 00:00:00,0.9846964399155067
2006-11-09 00:00:00,0.9910773909629691
2006-11-10 00:00:00,0.9922117822602958
2006-11-13 00:00:00,0.9978837387469291
2006-11-14 00:00:00,1.0044064887065576
2006-11-15 00:00:00,1.0027049017605674
2006-11-16 00:00:00,1.0021377061119041
2006-11-17 00:00:00,0.9993017278685875
2006-11-20 00:00:00,0.9951895594157784
2006-11-21 00:00:00,1.0004361191659141
2006-11-22 00:00:00,1.0082350593350349
2006-11-24 00:00:00,1.00398109197006
2006-11-27 00:00:00,0.9941969670306176
2006-11-28 00:00:00,0.9966075485374366
2006-11-29 00:00:00,1.005540880003884
2006-11-30 00:00:00,1.005540880003884
2006-12-01 00:00:00,1.00568267891605
2006-12-04 00:00:00,1.013339820173005
2006-12-05 00:00:00,1.013339820173005
2006-12-06 00:00:00,1.006402733792028
2006-12-07 00:00:00,1.006402733792028
2006-12-08 00:00:00,1.006402733792028
2006-12-11 00:00:00,1.006402733792028
2006-12-12 00:00:00,1.006402733792028
2006-12-13 00:00:00,1.006402733792028
2006-12-14 00:00:00,1.006402733792028
2006-12-15 00:00:00,1.006402733792028
2006-12-18 00:00:00,1.006402733792028
2006-12-19 00:00:00,1.006402733792028
2006-12-20 00:00:00,1.006402733792028
2006-12-21 00:00:00,1.006402733792028
2006-12-22 00:00:00,1.006402733792028
2006-12-26 00:00:00,1.006402733792028
2006-12-27 00:00:00,1.006402733792028
2006-12-28 00:00:00,1.006402733792028
2006-12-29 00:00:00,1.006402733792028
2007-01-03 00:00:00,1.006402733792028
2007-01-04 00:00:00,1.006402733792028
2007-01-05 00:00:00,1.006402733792028
2007-01-08 00:00:00,1.006402733792028
2007-01-09 00:00:00,1.006402733792028
2007-01-10 00:00:00,1.006402733792028
2007-01-11 00:00:00,1.006402733792028
2007-01-12 00:00:00,1.006402733792028
2007-01-16 00:00:00,1.006402733792028
2007-01-17 00:00:00,1.006402733792028
2007-01-18 00:00:00,1.006402733792028
2007-01-19 00:00:00,1.006402733792028
2007-01-22 00:00:00,1.006402733792028
2007-01-23 00:00:00,1.006402733792028
2007-01-24 00:00:00,1.006402733792028
2007-01-25 00:00:00,1.006402733792028
2007-01-26 00:00:00,1.006402733792028
2007-01-29 00:00:00,1.006402733792028
2007-01-30 00:00:00,1.006402733792028
2007-01-31 00:00:00,1.006402733792028
2007-02-01 00:00:00,1.006402733792028
2007-02-02 00:00:00,1.006402733792028
2007-02-05 00:00:00,1.006402733792028
2007-02-06 00:00:00,1.006402733792028
2007-02-07 00:00:00,1.006402733792028
2007-02-08 00:00:00,1.006402733792028
2007-02-09 00:00:00,1.006402733792028
2007-02-12 00:00:00,1.006402733792028
2007-02-13 00:00:00,1.006402733792028
2007-02-14 00:00:00,1.006402733792028
2007-02-15 00:00:00,1.0059984540766564
2007-02-16 00:00:00,1.0112540903764857
2007-02-20 00:00:00,1.0130059691430955
2007-02-21 00:00:00,1.014892607814829
2007-02-22 00:00:00,1.0185311252531726
2007-02-23 00:00:00,1.0174530460121818
2007-02-26 00:00:00,1.016374966771191
2007-02-27 00:00:00,0.9860021406840651
2007-02-28 00:00:00,0.9860021406840651
2007-03-01 00:00:00,0.9860021406840651
2007-03-02 00:00:00,0.9860021406840651
2007-03-05 00:00:00,0.9860021406840651
2007-03-06 00:00:00,0.9860021406840651
2007-03-07 00:00:00,0.9860021406840651
2007-03-08 00:00:00,0.9860021406840651
2007-03-09 00:00:00,0.9860021406840651
2007-03-12 00:00:00,0.9860021406840651
2007-03-13 00:00:00,0.9860021406840651
2007-03-14 00:00:00,0.9860021406840651
2007-03-15 00:00:00,0.9860021406840651
2007-03-16 00:00:00,0.9860021406840651
2007-03-19 00:00:00,0.9860021406840651
2007-03-20 00:00:00,0.9860021406840651
2007-03-21 00:00:00,0.9860021406840651
2007-03-22 00:00:00,0.9860021406840651
2007-03-23 00:00:00,0.9860021406840651
2007-03-26 00:00:00,0.9860021406840651
2007-03-27 00:00:00,0.9860021406840651
2007-03-28 00:00:00,0.9860021406840651
2007-03-29 00:00:00,0.9860021406840651
2007-03-30 00:00:00,0.9860021406840651
2007-04-02 00:00:00,0.9860021406840651
2007-04-03 00:00:00,0.9860021406840651
2007-04-04 00:00:00,0.9895442163770017
2007-04-05 00:00:00,0.9913152542234701
2007-04-09 00:00:00,0.9943653749590544
2007-04-10 00:00:00,0.9937750290102316
2007-04-11 00:00:00,0.9926927281040566
2007-04-12 00:00:00,1.0049916020378644
2007-04-13 00:00:00,1.0045980380719826
2007-04-16 00:00:00,1.0067626398843328
2007-04-17 00:00:00,1.0017446993193393
2007-04-18 00:00:00,1.0023350452681619
2007-04-19 00:00:00,0.9976122776775798
2007-04-20 00:00:00,1.0056803389781577
2007-04-23 00:00:00,1.0039093011316893
2007-04-24 00:00:00,1.006369075918451
2007-04-25 00:00:00,1.0082385047563898
2007-04-26 00:00:00,1.0068610308758033
2007-04-27 00:00:00,1.0024334362596325
2007-04-30 00:00:00,0.9975138866861093
2007-05-01 00:00:00,1.0018430903108095
2007-05-02 00:00:00,1.011878971440797
2007-05-03 00:00:00,1.016397518689483
2007-05-04 00:00:00,1.0112056542657506
2007-05-07 00:00:00,1.0199741364036095
2007-05-08 00:00:00,1.0192818878137786
2007-05-09 00:00:00,1.0291925801248587
2007-05-10 00:00:00,1.0152437710397646
2007-05-11 00:00:00,1.0313962381358206
2007-05-14 00:00:00,1.02505062606237
2007-05-15 00:00:00,1.0215893831132152
2007-05-16 00:00:00,1.0346267315550317
2007-05-17 00:00:00,1.0279349951866659
2007-05-18 00:00:00,1.025742874652201
2007-05-21 00:00:00,1.0302424904861023
2007-05-22 00:00:00,1.0368188520894965
2007-05-23 00:00:00,1.0360112287346936
2007-05-24 00:00:00,1.024473752237511
2007-05-25 00:00:00,1.037164976384412
2007-05-29 00:00:00,1.0377418502092712
2007-05-30 00:00:00,1.0435105884578626
2007-05-31 00:00:00,1.052370908908639
2007-06-01 00:00:00,1.0554358401887058
2007-06-04 00:00:00,1.0641927867031826
2007-06-05 00:00:00,1.0614562409174086
2007-06-06 00:00:00,1.052261447077208
2007-06-07 00:00:00,1.0494154394600033
2007-06-08 00:00:00,1.0625508592317183
2007-06-11 00:00:00,1.0558736875144297
2007-06-12 00:00:00,1.050291134111451
2007-06-13 00:00:00,1.0626603210631491
2007-06-14 00:00:00,1.0775471301377597
2007-06-15 00:00:00,1.083683837607919
2007-06-18 00:00:00,1.0802686238849601
2007-06-19 00:00:00,1.0819762307464396
2007-06-20 00:00:00,1.0748444609132022
2007-06-21 00:00:00,1.08067041373472
2007-06-22 00:00:00,1.0617589618416907
2007-06-25 00:00:00,1.0617589618416907
2007-06-26 00:00:00,1.0617589618416907
2007-06-27 00:00:00,1.0617589618416907
2007-06-28 00:00:00,1.0617589618416907
2007-06-29 00:00:00,1.0617589618416907
2007-07-02 00:00:00,1.0617589618416907
2007-07-03 00:00:00,1.0617589618416907
2007-07-05 00:00:00,1.0608466523113314
2007-07-06 00:00:00,1.0733452928772542
2007-07-09 00:00:00,1.0775419167169071
2007-07-10 00:00:00,1.0696048238027809
2007-07-11 00:00:00,1.075990990515296
2007-07-12 00:00:00,1.093378434903838
2007-07-13 00:00:00,1.0942667848453367
2007-07-16 00:00:00,1.0858274604010982
2007-07-17 00:00:00,1.0862716353718476
2007-07-18 00:00:00,1.0778323109276087
2007-07-19 00:00:00,1.0838730905298009
2007-07-20 00:00:00,1.0877818302723956
2007-07-23 00:00:00,1.1013735843773274
2007-07-24 00:00:00,1.0884925102255945
2007-07-25 00:00:00,1.0973760096405827
2007-07-26 00:00:00,1.0712674583217905
2007-07-27 00:00:00,1.0712674583217905
2007-07-30 00:00:00,1.0712674583217905
2007-07-31 00:00:00,1.0712674583217905
2007-08-01 00:00:00,1.0712674583217905
2007-08-02 00:00:00,1.0712674583217905
2007-08-03 00:00:00,1.0712674583217905
2007-08-06 00:00:00,1.0712674583217905
2007-08-07 00:00:00,1.0712674583217905
2007-08-08 00:00:00,1.0712674583217905
2007-08-09 00:00:00,1.0712674583217905
2007-08-10 00:00:00,1.0712674583217905
2007-08-13 00:00:00,1.0712674583217905
2007-08-14 00:00:00,1.0712674583217905
2007-08-15 00:00:00,1.0712674583217905
2007-08-16 00:00:00,1.0712674583217905
2007-08-17 00:00:00,1.0712674583217905
2007-08-20 00:00:00,1.0712674583217905
2007-08-21 00:00:00,1.0712674583217905
2007-08-22 00:00:00,1.0712674583217905
2007-08-23 00:00:00,1.0712674583217905
2007-08-24 00:00:00,1.0712674583217905
2007-08-27 00:00:00,1.0712674583217905
2007-08-28 00:00:00,1.0712674583217905
2007-08-29 00:00:00,1.0712674583217905
2007-08-30 00:00:00,1.0712674583217905
2007-08-31 00:00:00,1.0712674583217905
2007-09-04 00:00:00,1.0712674583217905
2007-09-05 00:00:00,1.0712674583217905
2007-09-06 00:00:00,1.0712674583217905
2007-09-07 00:00:00,1.0712674583217905
2007-09-10 00:00:00,1.0712674583217905
2007-09-11 00:00:00,1.0712674583217905
2007-09-12 00:00:00,1.0712674583217905
2007-09-13 00:00:00,1.0712674583217905
2007-09-14 00:00:00,1.0712674583217905
2007-09-17 00:00:00,1.0712674583217905
2007-09-18 00:00:00,1.0712674583217905
2007-09-19 00:00:00,1.0712674583217905
2007-09-20 00:00:00,1.0712674583217905
2007-09-21 00:00:00,1.0712674583217905
2007-09-24 00:00:00,1.0712674583217905
2007-09-25 00:00:00,1.0712674583217905
2007-09-26 00:00:00,1.0712674583217905
2007-09-27 00:00:00,1.0712674583217905
2007-09-28 00:00:00,1.0712674583217905
2007-10-01 00:00:00,1.0712674583217905
2007-10-02 00:00:00,1.0749856361759704
2007-10-03 00:00:00,1.0668896037515463
2007-10-04 00:00:00,1.0691684869524953
2007-10-05 00:00:00,1.0752255186181756
2007-10-08 00:00:00,1.0707876934373801
2007-10-09 00:00:00,1.0755853422814834
2007-10-10 00:00:00,1.0769046957136117
2007-10-11 00:00:00,1.0755853422814834
2007-10-12 00:00:00,1.0758851953342399
2007-10-15 00:00:00,1.066649721309341
2007-10-16 00:00:00,1.0551953346940448
2007-10-17 00:00:00,1.0611923957491738
2007-10-18 00:00:00,1.0644907793294949
2007-10-19 00:00:00,1.049671120950551
2007-10-22 00:00:00,1.049671120950551
2007-10-23 00:00:00,1.049671120950551
2007-10-24 00:00:00,1.049671120950551
2007-10-25 00:00:00,1.049671120950551
2007-10-26 00:00:00,1.049671120950551
2007-10-29 00:00:00,1.049671120950551
2007-10-30 00:00:00,1.0459447914766944
2007-10-31 00:00:00,1.0594999899975346
2007-11-01 00:00:00,1.0410303569532027
2007-11-02 00:00:00,1.0413543856031031
2007-11-05 00:00:00,1.033847721880407
2007-11-06 00:00:00,1.0545855554740429
2007-11-07 00:00:00,1.0386541468539319
2007-11-08 00:00:00,1.0285201342000483
2007-11-09 00:00:00,1.0285201342000483
2007-11-12 00:00:00,1.0285201342000483
2007-11-13 00:00:00,1.0285201342000483
2007-11-14 00:00:00,1.0285201342000483
2007-11-15 00:00:00,1.0285201342000483
2007-11-16 00:00:00,1.0285201342000483
2007-11-19 00:00:00,1.0285201342000483
2007-11-20 00:00:00,1.0285201342000483
2007-11-21 00:00:00,1.0285201342000483
2007-11-23 00:00:00,1.0285201342000483
2007-11-26 00:00:00,1.0285201342000483
2007-11-27 00:00:00,1.0285201342000483
2007-11-28 00:00:00,1.0285201342000483
2007-11-29 00:00:00,1.0285201342000483
2007-11-30 00:00:00,1.0285201342000483
2007-12-03 00:00:00,1.0285201342000483
2007-12-04 00:00:00,1.0285201342000483
2007-12-05 00:00:00,1.0285201342000483
2007-12-06 00:00:00,1.0285201342000483
2007-12-07 00:00:00,1.0285201342000483
2007-12-10 00:00:00,1.0285201342000483
2007-12-11 00:00:00,1.0285201342000483
2007-12-12 00:00:00,1.0285201342000483
2007-12-13 00:00:00,1.0285201342000483
2007-12-14 00:00:00,1.0285201342000483
2007-12-17 00:00:00,1.0285201342000483
2007-12-18 00:00:00,1.0285201342000483
2007-12-19 00:00:00,1.0285201342000483
2007-12-20 00:00:00,1.0285201342000483
2007-12-21 00:00:00,1.0285201342000483
2007-12-24 00:00:00,1.0285201342000483
2007-12-26 00:00:00,1.0285201342000483
2007-12-27 00:00:00,1.0285201342000483
2007-12-28 00:00:00,1.0285201342000483
2007-12-31 00:00:00,1.0285201342000483
2008-01-02 00:00:00,1.0285201342000483
2008-01-03 00:00:00,1.0285201342000483
2008-01-04 00:00:00,1.0285201342000483
2008-01-07 00:00:00,1.0285201342000483
2008-01-08 00:00:00,1.0285201342000483
2008-01-09 00:00:00,1.0285201342000483
2008-01-10 00:00:00,1.0285201342000483
2008-01-11 00:00:00,1.0285201342000483
2008-01-14 00:00:00,1.0285201342000483
2008-01-15 00:00:00,1.0285201342000483
2008-01-16 00:00:00,1.0285201342000483
2008-01-17 00:00:00,1.0285201342000483
2008-01-18 00:00:00,1.0285201342000483
2008-01-22 00:00:00,1.0285201342000483
2008-01-23 00:00:00,1.0285201342000483
2008-01-24 00:00:00,1.0285201342000483
2008-01-25 00:00:00,1.0285201342000483
2008-01-28 00:00:00,1.0285201342000483
2008-01-29 00:00:00,1.0285201342000483
2008-01-30 00:00:00,1.0285201342000483
2008-01-31 00:00:00,1.0285201342000483
2008-02-01 00:00:00,1.0285201342000483
2008-02-04 00:00:00,1.0285201342000483
2008-02-05 00:00:00,1.0285201342000483
2008-02-06 00:00:00,1.0285201342000483
2008-02-07 00:00:00,1.0285201342000483
2008-02-08 00:00:00,1.0285201342000483
2008-02-11 00:00:00,1.0285201342000483
2008-02-12 00:00:00,1.0285201342000483
2008-02-13 00:00:00,1.0285201342000483
2008-02-14 00:00:00,1.0285201342000483
2008-02-15 00:00:00,1.0285201342000483
2008-02-19 00:00:00,1.0285201342000483
2008-02-20 00:00:00,1.0285201342000483
2008-02-21 00:00:00,1.0285201342000483
2008-02-22 00:00:00,1.0285201342000483
2008-02-25 00:00:00,1.0285201342000483
2008-02-26 00:00:00,1.0285201342000483
2008-02-27 00:00:00,1.0285201342000483
2008-02-28 00:00:00,1.0285201342000483
2008-02-29 00:00:00,1.0285201342000483
2008-03-03 00:00:00,1.0285201342000483
2008-03-04 00:00:00,1.0285201342000483
2008-03-05 00:00:00,1.0285201342000483
2008-03-06 00:00:00,1.0285201342000483
2008-03-07 00:00:00,1.0285201342000483
2008-03-10 00:00:00,1.0285201342000483
2008-03-11 00:00:00,1.0285201342000483
2008-03-12 00:00:00,1.0285201342000483
2008-03-13 00:00:00,1.0285201342000483
2008-03-14 00:00:00,1.0285201342000483
2008-03-17 00:00:00,1.0285201342000483
2008-03-18 00:00:00,1.0285201342000483
2008-03-19 00:00:00,1.0285201342000483
2008-03-20 00:00:00,1.0285201342000483
2008-03-24 00:00:00,1.0285201342000483
2008-03-25 00:00:00,1.0285201342000483
2008-03-26 00:00:00,1.0285201342000483
2008-03-27 00:00:00,1.0285201342000483
2008-03-28 00:00:00,1.0285201342000483
2008-03-31 00:00:00,1.0285201342000483
2008-04-01 00:00:00,1.0285201342000483
2008-04-02 00:00:00,1.0285201342000483
2008-04-03 00:00:00,1.0285201342000483
2008-04-04 00:00:00,1.0285201342000483
2008-04-07 00:00:00,1.0285201342000483
2008-04-08 00:00:00,1.0285201342000483
2008-04-09 00:00:00,1.0285201342000483
2008-04-10 00:00:00,1.0285201342000483
2008-04-11 00:00:00,1.0285201342000483
2008-04-14 00:00:00,1.0285201342000483
2008-04-15 00:00:00,1.0285201342000483
2008-04-16 00:00:00,1.0285201342000483
2008-04-17 00:00:00,1.0285201342000483
2008-04-18 00:00:00,1.0285201342000483
2008-04-21 00:00:00,1.0285201342000483
2008-04-22 00:00:00,1.0285201342000483
2008-04-23 00:00:00,1.0285201342000483
2008-04-24 00:00:00,1.0285201342000483
2008-04-25 00:00:00,1.0285201342000483
2008-04-28 00:00:00,1.0285201342000483
2008-04-29 00:00:00,1.0285201342000483
2008-04-30 00:00:00,1.0285201342000483
2008-05-01 00:00:00,1.0285201342000483
2008-05-02 00:00:00,1.0285201342000483
2008-05-05 00:00:00,1.0285201342000483
2008-05-06 00:00:00,1.0285201342000483
2008-05-07 00:00:00,1.0285201342000483
2008-05-08 00:00:00,1.0285201342000483
2008-05-09 00:00:00,1.0285201342000483
2008-05-12 00:00:00,1.0285201342000483
2008-05-13 00:00:00,1.0285201342000483
2008-05-14 00:00:00,1.0285201342000483
2008-05-15 00:00:00,1.0285201342000483
2008-05-16 00:00:00,1.0285201342000483
2008-05-19 00:00:00,1.0285201342000483
2008-05-20 00:00:00,1.0285201342000483
2008-05-21 00:00:00,1.0285201342000483
2008-05-22 00:00:00,1.0285201342000483
2008-05-23 00:00:00,1.0285201342000483
2008-05-27 00:00:00,1.0285201342000483
2008-05-28 00:00:00,1.0285201342000483
2008-05-29 00:00:00,1.0285201342000483
2008-05-30 00:00:00,1.0285201342000483
2008-06-02 00:00:00,1.0285201342000483
2008-06-03 00:00:00,1.0285201342000483
2008-06-04 00:00:00,1.0285201342000483
2008-06-05 00:00:00,1.0285201342000483
2008-06-06 00:00:00,1.0285201342000483
2008-06-09 00:00:00,1.0285201342000483
2008-06-10 00:00:00,1.0285201342000483
2008-06-11 00:00:00,1.0285201342000483
2008-06-12 00:00:00,1.0285201342000483
2008-06-13 00:00:00,1.0285201342000483
2008-06-16 00:00:00,1.0285201342000483
2008-06-17 00:00:00,1.0285201342000483
2008-06-18 00:00:00,1.0285201342000483
2008-06-19 00:00:00,1.0285201342000483
2008-06-20 00:00:00,1.0285201342000483
2008-06-23 00:00:00,1.0285201342000483
2008-06-24 00:00:00,1.0285201342000483
2008-06-25 00:00:00,1.0285201342000483
2008-06-26 00:00:00,1.0285201342000483
2008-06-27 00:00:00,1.0285201342000483
2008-06-30 00:00:00,1.0285201342000483
2008-07-01 00:00:00,1.0285201342000483
2008-07-02 00:00:00,1.0285201342000483
2008-07-03 00:00:00,1.0285201342000483
2008-07-07 00:00:00,1.0285201342000483
2008-07-08 00:00:00,1.0285201342000483
2008-07-09 00:00:00,1.0285201342000483
2008-07-10 00:00:00,1.0285201342000483
2008-07-11 00:00:00,1.0285201342000483
2008-07-14 00:00:00,1.0285201342000483
2008-07-15 00:00:00,1.0285201342000483
2008-07-16 00:00:00,1.0285201342000483
2008-07-17 00:00:00,1.0285201342000483
2008-07-18 00:00:00,1.0285201342000483
2008-07-21 00:00:00,1.0285201342000483
2008-07-22 00:00:00,1.0285201342000483
2008-07-23 00:00:00,1.0285201342000483
2008-07-24 00:00:00,1.0285201342000483
2008-07-25 00:00:00,1.0285201342000483
2008-07-28 00:00:00,1.0285201342000483
2008-07-29 00:00:00,1.0285201342000483
2008-07-30 00:00:00,1.0285201342000483
2008-07-31 00:00:00,1.0285201342000483
2008-08-01 00:00:00,1.0285201342000483
2008-08-04 00:00:00,1.0285201342000483
2008-08-05 00:00:00,1.0285201342000483
2008-08-06 00:00:00,1.0285201342000483
2008-08-07 00:00:00,1.0285201342000483
2008-08-08 00:00:00,1.0285201342000483
2008-08-11 00:00:00,1.0285201342000483
2008-08-12 00:00:00,1.0285201342000483
2008-08-13 00:00:00,1.0285201342000483
2008-08-14 00:00:00,1.0285201342000483
2008-08-15 00:00:00,1.0285201342000483
2008-08-18 00:00:00,1.0285201342000483
2008-08-19 00:00:00,1.0285201342000483
2008-08-20 00:00:00,1.0285201342000483
2008-08-21 00:00:00,1.0285201342000483
2008-08-22 00:00:00,1.0285201342000483
2008-08-25 00:00:00,1.0285201342000483
2008-08-26 00:00:00,1.0285201342000483
2008-08-27 00:00:00,1.0285201342000483
2008-08-28 00:00:00,1.0285201342000483
2008-08-29 00:00:00,1.0285201342000483
2008-09-02 00:00:00,1.0285201342000483
2008-09-03 00:00:00,1.0285201342000483
2008-09-04 00:00:00,1.0285201342000483
2008-09-05 00:00:00,1.0285201342000483
2008-09-08 00:00:00,1.0285201342000483
2008-09-09 00:00:00,1.0285201342000483
2008-09-10 00:00:00,1.0285201342000483
2008-09-11 00:00:00,1.0285201342000483
2008-09-12 00:00:00,1.0285201342000483
2008-09-15 00:00:00,1.0285201342000483
2008-09-16 00:00:00,1.0285201342000483
2008-09-17 00:00:00,1.0285201342000483
2008-09-18 00:00:00,1.0285201342000483
2008-09-19 00:00:00,1.0285201342000483
2008-09-22 00:00:00,1.0285201342000483
2008-09-23 00:00:00,1.0285201342000483
2008-09-24 00:00:00,1.0285201342000483
2008-09-25 00:00:00,1.0285201342000483
2008-09-26 00:00:00,1.0285201342000483
2008-09-29 00:00:00,1.0285201342000483
2008-09-30 00:00:00,1.0285201342000483
2008-10-01 00:00:00,1.0285201342000483
2008-10-02 00:00:00,1.0285201342000483
2008-10-03 00:00:00,1.0285201342000483
2008-10-06 00:00:00,1.0285201342000483
2008-10-07 00:00:00,1.0285201342000483
2008-10-08 00:00:00,1.0285201342000483
2008-10-09 00:00:00,1.0285201342000483
2008-10-10 00:00:00,1.0285201342000483
2008-10-13 00:00:00,1.0285201342000483
2008-10-14 00:00:00,1.0285201342000483
2008-10-15 00:00:00,1.0285201342000483
2008-10-16 00:00:00,1.0285201342000483
2008-10-17 00:00:00,1.0285201342000483
2008-10-20 00:00:00,1.0285201342000483
2008-10-21 00:00:00,1.0285201342000483
2008-10-22 00:00:00,1.0285201342000483
2008-10-23 00:00:00,1.0285201342000483
2008-10-24 00:00:00,1.0285201342000483
2008-10-27 00:00:00,1.0285201342000483
2008-10-28 00:00:00,1.0285201342000483
2008-10-29 00:00:00,1.0285201342000483
2008-10-30 00:00:00,1.0285201342000483
2008-10-31 00:00:00,1.0285201342000483
2008-11-03 00:00:00,1.0285201342000483
2008-11-04 00:00:00,1.0285201342000483
2008-11-05 00:00:00,1.0285201342000483
2008-11-06 00:00:00,1.0285201342000483
2008-11-07 00:00:00,1.0285201342000483
2008-11-10 00:00:00,1.0285201342000483
2008-11-11 00:00:00,1.0285201342000483
2008-11-12 00:00:00,1.0285201342000483
2008-11-13 00:00:00,1.0285201342000483
2008-11-14 00:00:00,1.0285201342000483
2008-11-17 00:00:00,1.0285201342000483
2008-11-18 00:00:00,1.0285201342000483
2008-11-19 00:00:00,1.0285201342000483
2008-11-20 00:00:00,1.0285201342000483
2008-11-21 00:00:00,1.0285201342000483
2008-11-24 00:00:00,1.0285201342000483
2008-11-25 00:00:00,1.0285201342000483
2008-11-26 00:00:00,1.0285201342000483
2008-11-28 00:00:00,1.0285201342000483
2008-12-01 00:00:00,1.0285201342000483
2008-12-02 00:00:00,1.0285201342000483
2008-12-03 00:00:00,1.0285201342000483
2008-12-04 00:00:00,1.0285201342000483
2008-12-05 00:00:00,1.0285201342000483
2008-12-08 00:00:00,1.0285201342000483
2008-12-09 00:00:00,1.0285201342000483
2008-12-10 00:00:00,1.0285201342000483
2008-12-11 00:00:00,1.0285201342000483
2008-12-12 00:00:00,1.0285201342000483
2008-12-15 00:00:00,1.0285201342000483
2008-12-16 00:00:00,1.0285201342000483
2008-12-17 00:00:00,1.0285201342000483
2008-12-18 00:00:00,1.0285201342000483
2008-12-19 00:00:00,1.0285201342000483
2008-12-22 00:00:00,1.0285201342000483
2008-12-23 00:00:00,1.0285201342000483
2008-12-24 00:00:00,1.0285201342000483
2008-12-26 00:00:00,1.0285201342000483
2008-12-29 00:00:00,1.0285201342000483
2008-12-30 00:00:00,1.0285201342000483
2008-12-31 00:00:00,1.0285201342000483
2009-01-02 00:00:00,1.0285201342000483
2009-01-05 00:00:00,1.0285201342000483
2009-01-06 00:00:00,1.0285201342000483
2009-01-07 00:00:00,1.0285201342000483
2009-01-08 00:00:00,1.0285201342000483
2009-01-09 00:00:00,1.0285201342000483
2009-01-12 00:00:00,1.0285201342000483
2009-01-13 00:00:00,1.0285201342000483
2009-01-14 00:00:00,1.0285201342000483
2009-01-15 00:00:00,1.0285201342000483
2009-01-16 00:00:00,1.0285201342000483
2009-01-20 00:00:00,1.0285201342000483
2009-01-21 00:00:00,1.0285201342000483
2009-01-22 00:00:00,1.0285201342000483
2009-01-23 00:00:00,1.0285201342000483
2009-01-26 00:00:00,1.0285201342000483
2009-01-27 00:00:00,1.0285201342000483
2009-01-28 00:00:00,1.0285201342000483
2009-01-29 00:00:00,1.0285201342000483
2009-01-30 00:00:00,1.0285201342000483
2009-02-02 00:00:00,1.0285201342000483
2009-02-03 00:00:00,1.0285201342000483
2009-02-04 00:00:00,1.0285201342000483
2009-02-05 00:00:00,1.0285201342000483
2009-02-06 00:00:00,1.0285201342000483
2009-02-09 00:00:00,1.0285201342000483
2009-02-10 00:00:00,1.0285201342000483
2009-02-11 00:00:00,1.0285201342000483
2009-02-12 00:00:00,1.0285201342000483
2009-02-13 00:00:00,1.0285201342000483
2009-02-17 00:00:00,1.0285201342000483
2009-02-18 00:00:00,1.0285201342000483
2009-02-19 00:00:00,1.0285201342000483
2009-02-20 00:00:00,1.0285201342000483
2009-02-23 00:00:00,1.0285201342000483
2009-02-24 00:00:00,1.0285201342000483
2009-02-25 00:00:00,1.0285201342000483
2009-02-26 00:00:00,1.0285201342000483
2009-02-27 00:00:00,1.0285201342000483
2009-03-02 00:00:00,1.0285201342000483
2009-03-03 00:00:00,1.0285201342000483
2009-03-04 00:00:00,1.0285201342000483
2009-03-05 00:00:00,1.0285201342000483
2009-03-06 00:00:00,1.0285201342000483
2009-03-09 00:00:00,1.0285201342000483
2009-03-10 00:00:00,1.0285201342000483
2009-03-11 00:00:00,1.0285201342000483
2009-03-12 00:00:00,1.0285201342000483
2009-03-13 00:00:00,1.0285201342000483
2009-03-16 00:00:00,1.0285201342000483
2009-03-17 00:00:00,1.0285201342000483
2009-03-18 00:00:00,1.0285201342000483
2009-03-19 00:00:00,1.0285201342000483
2009-03-20 00:00:00,1.0285201342000483
2009-03-23 00:00:00,1.0285201342000483
2009-03-24 00:00:00,1.0285201342000483
2009-03-25 00:00:00,1.0285201342000483
2009-03-26 00:00:00,1.0285201342000483
2009-03-27 00:00:00,1.0285201342000483
2009-03-30 00:00:00,1.0285201342000483
2009-03-31 00:00:00,1.0285201342000483
2009-04-01 00:00:00,1.0285201342000483
2009-04-02 00:00:00,1.0285201342000483
2009-04-03 00:00:00,1.0285201342000483
2009-04-06 00:00:00,1.0285201342000483
2009-04-07 00:00:00,1.0285201342000483
2009-04-08 00:00:00,1.0285201342000483
2009-04-09 00:00:00,1.0285201342000483
2009-04-13 00:00:00,1.0285201342000483
2009-04-14 00:00:00,1.0285201342000483
2009-04-15 00:00:00,1.0285201342000483
2009-04-16 00:00:00,1.0285201342000483
2009-04-17 00:00:00,1.0285201342000483
2009-04-20 00:00:00,1.0285201342000483
2009-04-21 00:00:00,1.0285201342000483
2009-04-22 00:00:00,1.0285201342000483
2009-04-23 00:00:00,1.0285201342000483
2009-04-24 00:00:00,1.0309003410478634
2009-04-27 00:00:00,1.0198808649005708
2009-04-28 00:00:00,1.014238893113157
2009-04-29 00:00:00,1.0316055875212902
2009-04-30 00:00:00,1.0403330126299462
2009-05-01 00:00:00,1.04491711470722
2009-05-04 00:00:00,1.0592597957058185
2009-05-05 00:00:00,1.0581846398396242
2009-05-06 00:00:00,1.0573575968656286
2009-05-07 00:00:00,1.0483428284490761
2009-05-08 00:00:00,1.0634777148731962
2009-05-11 00:00:00,1.0548764679436415
2009-05-12 00:00:00,1.0562824409994342
2009-05-13 00:00:00,1.0466887425010847
2009-05-14 00:00:00,1.047929306962078
2009-05-15 00:00:00,1.0448692479582944
2009-05-18 00:00:00,1.0595079085980172
2009-05-19 00:00:00,1.0612446988434079
2009-05-20 00:00:00,1.0627333761966002
2009-05-21 00:00:00,1.054049424969646
2009-05-22 00:00:00,1.0542975378618447
2009-05-26 00:00:00,1.0497488015048686
2009-05-27 00:00:00,1.0379537853540608
2009-05-28 00:00:00,1.0379537853540608
2009-05-29 00:00:00,1.0379537853540608
2009-06-01 00:00:00,1.0379537853540608
2009-06-02 00:00:00,1.0379537853540608
2009-06-03 00:00:00,1.0379537853540608
2009-06-04 00:00:00,1.0379537853540608
2009-06-05 00:00:00,1.0379537853540608
2009-06-08 00:00:00,1.0379537853540608
2009-06-09 00:00:00,1.0379537853540608
2009-06-10 00:00:00,1.0379537853540608
2009-06-11 00:00:00,1.0379537853540608
2009-06-12 00:00:00,1.0379537853540608
2009-06-15 00:00:00,1.0379537853540608
2009-06-16 00:00:00,1.0379537853540608
2009-06-17 00:00:00,1.0379537853540608
2009-06-18 00:00:00,1.0379537853540608
2009-06-19 00:00:00,1.0379537853540608
2009-06-22 00:00:00,1.0379537853540608
2009-06-23 00:00:00,1.0379537853540608
2009-06-24 00:00:00,1.0379537853540608
2009-06-25 00:00:00,1.0379537853540608
2009-06-26 00:00:00,1.0379537853540608
2009-06-29 00:00:00,1.0379537853540608
2009-06-30 00:00:00,1.0379537853540608
2009-07-01 00:00:00,1.0379537853540608
2009-07-02 00:00:00,1.0379537853540608
2009-07-06 00:00:00,1.0379537853540608
2009-07-07 00:00:00,1.0379537853540608
2009-07-08 00:00:00,1.0379537853540608
2009-07-09 00:00:00,1.0379537853540608
2009-07-10 00:00:00,1.0379537853540608
2009-07-13 00:00:00,1.0379537853540608
2009-07-14 00:00:00,1.0379537853540608
2009-07-15 00:00:00,1.0379537853540608
2009-07-16 00:00:00,1.0379537853540608
2009-07-17 00:00:00,1.0379537853540608
2009-07-20 00:00:00,1.0357174454741769
2009-07-21 00:00:00,1.037445526290451
2009-07-22 00:00:00,1.0390719552940029
2009-07-23 00:00:00,1.0454760194954884
2009-07-24 00:00:00,1.0445611531809906
2009-07-27 00:00:00,1.0496437438170902
2009-07-28 00:00:00,1.0491354847534804
2009-07-29 00:00:00,1.0461875821845426
2009-07-30 00:00:00,1.0586907551493479
2009-07-31 00:00:00,1.0632650867218378
2009-08-03 00:00:00,1.0719496076899286
2009-08-04 00:00:00,1.0742320524115505
2009-08-05 00:00:00,1.0694497872805333
2009-08-06 00:00:00,1.0670586547150247
2009-08-07 00:00:00,1.0782535026353606
2009-08-10 00:00:00,1.0672760304027982
2009-08-11 00:00:00,1.0568419973896694
2009-08-12 00:00:00,1.0603200083940456
2009-08-13 00:00:00,1.0662978398078173
2009-08-14 00:00:00,1.0649935856811763
2009-08-17 00:00:00,1.0443770233256728
2009-08-18 00:00:00,1.0443770233256728
2009-08-19 00:00:00,1.0443770233256728
2009-08-20 00:00:00,1.0443770233256728
2009-08-21 00:00:00,1.0443770233256728
2009-08-24 00:00:00,1.0443770233256728
2009-08-25 00:00:00,1.0443770233256728
2009-08-26 00:00:00,1.0443770233256728
2009-08-27 00:00:00,1.0443770233256728
2009-08-28 00:00:00,1.0443770233256728
2009-08-31 00:00:00,1.0443770233256728
2009-09-01 00:00:00,1.0443770233256728
2009-09-02 00:00:00,1.0443770233256728
2009-09-03 00:00:00,1.0443770233256728
2009-09-04 00:00:00,1.0443770233256728
2009-09-08 00:00:00,1.0449352409107446
2009-09-09 00:00:00,1.045716745529845
2009-09-10 00:00:00,1.0550948009590508
2009-09-11 00:00:00,1.056992740748295
2009-09-14 00:00:00,1.0525270000677207
2009-09-15 00:00:00,1.065142717490343
2009-09-16 00:00:00,1.0755132704725154
2009-09-17 00:00:00,1.0740963377203065
2009-09-18 00:00:00,1.0769302032247243
2009-09-21 00:00:00,1.0732697936148514
2009-09-22 00:00:00,1.086494499302134
2009-09-23 00:00:00,1.0822437010455073
2009-09-24 00:00:00,1.0718528608626428
2009-09-25 00:00:00,1.0759855813899184
2009-09-28 00:00:00,1.0804725351052464
2009-09-29 00:00:00,1.0811810014813508
2009-09-30 00:00:00,1.0841329447151193
2009-10-01 00:00:00,1.0606354765743227
2009-10-02 00:00:00,1.0535666352290116
2009-10-05 00:00:00,1.0535666352290116
2009-10-06 00:00:00,1.0535666352290116
2009-10-07 00:00:00,1.0535666352290116
2009-10-08 00:00:00,1.0535666352290116
2009-10-09 00:00:00,1.0535666352290116
2009-10-12 00:00:00,1.0535666352290116
2009-10-13 00:00:00,1.0535666352290116
2009-10-14 00:00:00,1.0535666352290116
2009-10-15 00:00:00,1.0535666352290116
2009-10-16 00:00:00,1.0535666352290116
2009-10-19 00:00:00,1.0535666352290116
2009-10-20 00:00:00,1.0535666352290116
2009-10-21 00:00:00,1.0535666352290116
2009-10-22 00:00:00,1.0535666352290116
2009-10-23 00:00:00,1.0535666352290116
2009-10-26 00:00:00,1.0535666352290116
2009-10-27 00:00:00,1.0535666352290116
2009-10-28 00:00:00,1.0535666352290116
2009-10-29 00:00:00,1.0535666352290116
2009-10-30 00:00:00,1.0535666352290116
2009-11-02 00:00:00,1.0535666352290116
2009-11-03 00:00:00,1.0535666352290116
2009-11-04 00:00:00,1.0535666352290116
2009-11-05 00:00:00,1.0535666352290116
2009-11-06 00:00:00,1.0535666352290116
2009-11-09 00:00:00,1.0535666352290116
2009-11-10 00:00:00,1.0535666352290116
2009-11-11 00:00:00,1.0535666352290116
2009-11-12 00:00:00,1.0535666352290116
2009-11-13 00:00:00,1.0535666352290116
2009-11-16 00:00:00,1.0535666352290116
2009-11-17 00:00:00,1.0535666352290116
2009-11-18 00:00:00,1.0535666352290116
2009-11-19 00:00:00,1.0535666352290116
2009-11-20 00:00:00,1.0535666352290116
2009-11-23 00:00:00,1.0535666352290116
2009-11-24 00:00:00,1.0535666352290116
2009-11-25 00:00:00,1.0535666352290116
2009-11-27 00:00:00,1.0535666352290116
2009-11-30 00:00:00,1.0535666352290116
2009-12-01 00:00:00,1.0535666352290116
2009-12-02 00:00:00,1.0535666352290116
2009-12-03 00:00:00,1.0535666352290116
2009-12-04 00:00:00,1.0535666352290116
2009-12-07 00:00:00,1.0535666352290116
2009-12-08 00:00:00,1.0535666352290116
2009-12-09 00:00:00,1.0535666352290116
2009-12-10 00:00:00,1.0535666352290116
2009-12-11 00:00:00,1.0535666352290116
2009-12-14 00:00:00,1.0535666352290116
2009-12-15 00:00:00,1.0535666352290116
2009-12-16 00:00:00,1.0535666352290116
2009-12-17 00:00:00,1.0535666352290116
2009-12-18 00:00:00,1.0535666352290116
2009-12-21 00:00:00,1.0535666352290116
2009-12-22 00:00:00,1.0535666352290116
2009-12-23 00:00:00,1.0535666352290116
2009-12-24 00:00:00,1.0535666352290116
2009-12-28 00:00:00,1.0535666352290116
2009-12-29 00:00:00,1.0535666352290116
2009-12-30 00:00:00,1.0535666352290116
2009-12-31 00:00:00,1.0535666352290116
2010-01-04 00:00:00,1.0535666352290116
2010-01-05 00:00:00,1.0542328903163567
2010-01-06 00:00:00,1.063693712556656
2010-01-07 00:00:00,1.0501021087748175
2010-01-08 00:00:00,1.0596961820325859
2010-01-11 00:00:00,1.063826963574125
2010-01-12 00:00:00,1.0546326433687636
2010-01-13 00:00:00,1.0556986515085156
2010-01-14 00:00:00,1.0596961820325859
2010-01-15 00:00:00,1.0546326433687636
2010-01-19 00:00:00,1.0682242471506023
2010-01-20 00:00:00,1.0556986515085156
2010-01-21 00:00:00,1.0493026026700034
2010-01-22 00:00:00,1.0322324249171686
2010-01-25 00:00:00,1.0322324249171686
2010-01-26 00:00:00,1.0322324249171686
2010-01-27 00:00:00,1.0322324249171686
2010-01-28 00:00:00,1.0322324249171686
2010-01-29 00:00:00,1.0322324249171686
2010-02-01 00:00:00,1.0322324249171686
2010-02-02 00:00:00,1.0322324249171686
2010-02-03 00:00:00,1.0322324249171686
2010-02-04 00:00:00,1.0322324249171686
2010-02-05 00:00:00,1.0322324249171686
2010-02-08 00:00:00,1.0322324249171686
2010-02-09 00:00:00,1.0322324249171686
2010-02-10 00:00:00,1.0322324249171686
2010-02-11 00:00:00,1.0322324249171686
2010-02-12 00:00:00,1.0322324249171686
2010-02-16 00:00:00,1.0322324249171686
2010-02-17 00:00:00,1.0322324249171686
2010-02-18 00:00:00,1.0322324249171686
2010-02-19 00:00:00,1.0322324249171686
2010-02-22 00:00:00,1.0322324249171686
2010-02-23 00:00:00,1.0322324249171686
2010-02-24 00:00:00,1.0322324249171686
2010-02-25 00:00:00,1.0322324249171686
2010-02-26 00:00:00,1.0322324249171686
2010-03-01 00:00:00,1.0322324249171686
2010-03-02 00:00:00,1.0322324249171686
2010-03-03 00:00:00,1.0322324249171686
2010-03-04 00:00:00,1.0322324249171686
2010-03-05 00:00:00,1.0322324249171686
2010-03-08 00:00:00,1.0322324249171686
2010-03-09 00:00:00,1.0322324249171686
2010-03-10 00:00:00,1.0322324249171686
2010-03-11 00:00:00,1.0322324249171686
2010-03-12 00:00:00,1.0322324249171686
2010-03-15 00:00:00,1.0322324249171686
2010-03-16 00:00:00,1.0322324249171686
2010-03-17 00:00:00,1.0322324249171686
2010-03-18 00:00:00,1.0322324249171686
2010-03-19 00:00:00,1.0322324249171686
2010-03-22 00:00:00,1.0322324249171686
2010-03-23 00:00:00,1.0322324249171686
2010-03-24 00:00:00,1.0322324249171686
2010-03-25 00:00:00,1.0322324249171686
2010-03-26 00:00:00,1.0322324249171686
2010-03-29 00:00:00,1.0322324249171686
2010-03-30 00:00:00,1.0322324249171686
2010-03-31 00:00:00,1.0322324249171686
2010-04-01 00:00:00,1.0322324249171686
2010-04-05 00:00:00,1.0321130934388598
2010-04-06 00:00:00,1.0324710878737862
2010-04-07 00:00:00,1.0265045139583469
2010-04-08 00:00:00,1.031516436047316
2010-04-09 00:00:00,1.0312777730906981
2010-04-12 00:00:00,1.0232825640440095
2010-04-13 00:00:00,1.0225665751741568
2010-04-14 00:00:00,1.0373636784844464
2010-04-15 00:00:00,1.0387956562241518
2010-04-16 00:00:00,1.0266238454366554
2010-04-19 00:00:00,1.019583288216437
2010-04-20 00:00:00,1.0271011713498908
2010-04-21 00:00:00,1.0349770489182708
2010-04-22 00:00:00,1.0362896951796674
2010-04-23 00:00:00,1.0395116450940047
2010-04-26 00:00:00,1.0414209487469452
2010-04-27 00:00:00,1.019105962303202
2010-04-28 00:00:00,1.027459165784817
2010-04-29 00:00:00,1.035454374831506
2010-04-30 00:00:00,1.0288911435245225
2010-05-03 00:00:00,1.0239883858719103
2010-05-04 00:00:00,1.0239883858719103
2010-05-05 00:00:00,1.0239883858719103
2010-05-06 00:00:00,1.0239883858719103
2010-05-07 00:00:00,1.0239883858719103
2010-05-10 00:00:00,1.0239883858719103
2010-05-11 00:00:00,1.0239883858719103
2010-05-12 00:00:00,1.0239883858719103
2010-05-13 00:00:00,1.0239883858719103
2010-05-14 00:00:00,1.0239883858719103
2010-05-17 00:00:00,1.0239883858719103
2010-05-18 00:00:00,1.0239883858719103
2010-05-19 00:00:00,1.0239883858719103
2010-05-20 00:00:00,1.0239883858719103
2010-05-21 00:00:00,1.0239883858719103
2010-05-24 00:00:00,1.0239883858719103
2010-05-25 00:00:00,1.0239883858719103
2010-05-26 00:00:00,1.0239883858719103
2010-05-27 00:00:00,1.0239883858719103
2010-05-28 00:00:00,1.0239883858719103
2010-06-01 00:00:00,1.0239883858719103
2010-06-02 00:00:00,1.0239883858719103
2010-06-03 00:00:00,1.0239883858719103
2010-06-04 00:00:00,1.0239883858719103
2010-06-07 00:00:00,1.0239883858719103
2010-06-08 00:00:00,1.0239883858719103
2010-06-09 00:00:00,1.0239883858719103
2010-06-10 00:00:00,1.0239883858719103
2010-06-11 00:00:00,1.0239883858719103
2010-06-14 00:00:00,1.0239883858719103
2010-06-15 00:00:00,1.0239883858719103
2010-06-16 00:00:00,1.0239883858719103
2010-06-17 00:00:00,1.0239883858719103
2010-06-18 00:00:00,1.0239883858719103
2010-06-21 00:00:00,1.0239883858719103
2010-06-22 00:00:00,1.0239883858719103
2010-06-23 00:00:00,1.0239883858719103
2010-06-24 00:00:00,1.0239883858719103
2010-06-25 00:00:00,1.0239883858719103
2010-06-28 00:00:00,1.0239883858719103
2010-06-29 00:00:00,1.0239883858719103
2010-06-30 00:00:00,1.0239883858719103
2010-07-01 00:00:00,1.0239883858719103
2010-07-02 00:00:00,1.0239883858719103
2010-07-06 00:00:00,1.0239883858719103
2010-07-07 00:00:00,1.0239883858719103
2010-07-08 00:00:00,1.0239883858719103
2010-07-09 00:00:00,1.0239883858719103
2010-07-12 00:00:00,1.0239883858719103
2010-07-13 00:00:00,1.0239883858719103
2010-07-14 00:00:00,1.0239883858719103
2010-07-15 00:00:00,1.0239883858719103
2010-07-16 00:00:00,1.0239883858719103
2010-07-19 00:00:00,1.0239883858719103
2010-07-20 00:00:00,1.0239883858719103
2010-07-21 00:00:00,1.0239883858719103
2010-07-22 00:00:00,1.0239883858719103
2010-07-23 00:00:00,1.0239883858719103
2010-07-26 00:00:00,1.0239883858719103
2010-07-27 00:00:00,1.0239883858719103
2010-07-28 00:00:00,1.0239883858719103
2010-07-29 00:00:00,1.0239883858719103
2010-07-30 00:00:00,1.0239883858719103
2010-08-02 00:00:00,1.0239883858719103
2010-08-03 00:00:00,1.025719192421733
2010-08-04 00:00:00,1.026126441021691
2010-08-05 00:00:00,1.0233775129719729
2010-08-06 00:00:00,1.0239883858719103
2010-08-09 00:00:00,1.025719192421733
2010-08-10 00:00:00,1.0185923419224634
2010-08-11 00:00:00,1.0012815885834778
2010-08-12 00:00:00,1.0012815885834778
2010-08-13 00:00:00,1.0012815885834778
2010-08-16 00:00:00,1.0012815885834778
2010-08-17 00:00:00,1.0012815885834778
2010-08-18 00:00:00,1.0012815885834778
2010-08-19 00:00:00,1.0012815885834778
2010-08-20 00:00:00,1.0012815885834778
2010-08-23 00:00:00,1.0012815885834778
2010-08-24 00:00:00,1.0012815885834778
2010-08-25 00:00:00,1.0012815885834778
2010-08-26 00:00:00,1.0012815885834778
2010-08-27 00:00:00,1.0012815885834778
2010-08-30 00:00:00,1.0012815885834778
2010-08-31 00:00:00,1.0012815885834778
2010-09-01 00:00:00,1.0012815885834778
2010-09-02 00:00:00,1.0012815885834778
2010-09-03 00:00:00,1.0012815885834778
2010-09-07 00:00:00,1.0012815885834778
2010-09-08 00:00:00,1.0012815885834778
2010-09-09 00:00:00,1.0012815885834778
2010-09-10 00:00:00,1.0012815885834778
2010-09-13 00:00:00,1.0012815885834778
2010-09-14 00:00:00,1.0012815885834778
2010-09-15 00:00:00,1.0012815885834778
2010-09-16 00:00:00,1.0012815885834778
2010-09-17 00:00:00,1.0012815885834778
2010-09-20 00:00:00,1.0012815885834778
2010-09-21 00:00:00,1.0012815885834778
2010-09-22 00:00:00,1.0012815885834778
2010-09-23 00:00:00,1.0012815885834778
2010-09-24 00:00:00,1.0012815885834778
2010-09-27 00:00:00,0.999730976517212
2010-09-28 00:00:00,1.0022358113934875
2010-09-29 00:00:00,1.0053370355260192
2010-09-30 00:00:00,1.0093924824685605
2010-10-01 00:00:00,1.020723878337426
2010-10-04 00:00:00,1.0222744904036916
2010-10-05 00:00:00,1.0293118836275132
2010-10-06 00:00:00,1.0320418673758107
2010-10-07 00:00:00,1.026473579353567
2010-10-08 00:00:00,1.029257723364689
2010-10-11 00:00:00,1.0223636524800062
2010-10-12 00:00:00,1.008676853552646
2010-10-13 00:00:00,1.008676853552646
2010-10-14 00:00:00,1.008676853552646
2010-10-15 00:00:00,1.008676853552646
2010-10-18 00:00:00,1.008676853552646
2010-10-19 00:00:00,1.008676853552646
2010-10-20 00:00:00,1.008676853552646
2010-10-21 00:00:00,1.008676853552646
2010-10-22 00:00:00,1.008676853552646
2010-10-25 00:00:00,1.008676853552646
2010-10-26 00:00:00,1.008676853552646
2010-10-27 00:00:00,1.008676853552646
2010-10-28 00:00:00,1.008676853552646
2010-10-29 00:00:00,1.008676853552646
2010-11-01 00:00:00,1.008676853552646
2010-11-02 00:00:00,1.008676853552646
2010-11-03 00:00:00,1.008676853552646
2010-11-04 00:00:00,1.011783105771728
2010-11-05 00:00:00,1.0083856424071072
2010-11-08 00:00:00,1.0053764605698716
2010-11-09 00:00:00,1.0016877860597118
2010-11-10 00:00:00,1.010229979662187
2010-11-11 00:00:00,1.0070266570612587
2010-11-12 00:00:00,0.9882801710878047
2010-11-15 00:00:00,0.9882801710878047
2010-11-16 00:00:00,0.9882801710878047
2010-11-17 00:00:00,0.9882801710878047
2010-11-18 00:00:00,0.9882801710878047
2010-11-19 00:00:00,0.9882801710878047
2010-11-22 00:00:00,0.9882801710878047
2010-11-23 00:00:00,0.9882801710878047
2010-11-24 00:00:00,0.9882801710878047
2010-11-26 00:00:00,0.9882801710878047
2010-11-29 00:00:00,0.9882801710878047
2010-11-30 00:00:00,0.9882801710878047
2010-12-01 00:00:00,0.9882801710878047
2010-12-02 00:00:00,0.9882801710878047
2010-12-03 00:00:00,0.9882801710878047
2010-12-06 00:00:00,0.9882801710878047
2010-12-07 00:00:00,0.9882801710878047
2010-12-08 00:00:00,0.9882801710878047
2010-12-09 00:00:00,0.9882801710878047
2010-12-10 00:00:00,0.9897720287444743
2010-12-13 00:00:00,0.9922132503644789
2010-12-14 00:00:00,0.9959202906022638
2010-12-15 00:00:00,0.9861554041222451
2010-12-16 00:00:00,0.9913995098244774
2010-12-17 00:00:00,0.9909474317466987
2010-12-20 00:00:00,0.9946544719844838
2010-12-21 00:00:00,0.9959202906022638
2010-12-22 00:00:00,0.9974573560667113
2010-12-23 00:00:00,0.9966436155267098
2010-12-27 00:00:00,0.994202393906705
2010-12-28 00:00:00,0.9986327590689357
2010-12-29 00:00:00,1.0055947614667269
2010-12-30 00:00:00,1.0158117260245243
2010-12-31 00:00:00,1.0177195895666433
2011-01-03 00:00:00,1.0210787078619954
2011-01-04 00:00:00,1.0228874638671848
2011-01-05 00:00:00,1.0231458575822119
2011-01-06 00:00:00,1.0175903927091297
2011-01-07 00:00:00,1.0218538890070765
2011-01-10 00:00:00,1.009967778115831
2011-01-11 00:00:00,1.018365573854211
2011-01-12 00:00:00,1.0343859841858898
2011-01-13 00:00:00,1.0283137318827535
2011-01-14 00:00:00,1.0365823307636197
2011-01-18 00:00:00,1.0337399998983219
2011-01-19 00:00:00,1.0337399998983219
2011-01-20 00:00:00,1.0277969444526993
2011-01-21 00:00:00,1.0124225184085882
2011-01-24 00:00:00,1.023662645012266
2011-01-25 00:00:00,1.019528345571833
2011-01-26 00:00:00,1.0355487559035117
2011-01-27 00:00:00,1.0403290396315126
2011-01-28 00:00:00,1.0156524398464266
2011-01-31 00:00:00,1.0161692272764808
2011-02-01 00:00:00,1.0256702608205404
2011-02-02 00:00:00,1.0256702608205404
2011-02-03 00:00:00,1.0256702608205404
2011-02-04 00:00:00,1.0256702608205404
2011-02-07 00:00:00,1.0256702608205404
2011-02-08 00:00:00,1.0256702608205404
2011-02-09 00:00:00,1.0256702608205404
2011-02-10 00:00:00,1.0256702608205404
2011-02-11 00:00:00,1.0256702608205404
2011-02-14 00:00:00,1.0256702608205404
2011-02-15 00:00:00,1.0256702608205404
2011-02-16 00:00:00,1.0256702608205404
2011-02-17 00:00:00,1.0256702608205404
2011-02-18 00:00:00,1.0256702608205404
2011-02-22 00:00:00,1.0256702608205404
2011-02-23 00:00:00,1.0256702608205404
2011-02-24 00:00:00,1.0256702608205404
2011-02-25 00:00:00,1.0256702608205404
2011-02-28 00:00:00,1.0256702608205404
2011-03-01 00:00:00,1.0256702608205404
2011-03-02 00:00:00,1.0256702608205404
2011-03-03 00:00:00,1.0256702608205404
2011-03-04 00:00:00,1.0256702608205404
2011-03-07 00:00:00,1.0256702608205404
2011-03-08 00:00:00,1.0256702608205404
2011-03-09 00:00:00,1.0256702608205404
2011-03-10 00:00:00,1.0256702608205404
2011-03-11 00:00:00,1.0256702608205404
2011-03-14 00:00:00,1.0256702608205404
2011-03-15 00:00:00,1.0256702608205404
2011-03-16 00:00:00,1.0256702608205404
2011-03-17 00:00:00,1.0256702608205404
2011-03-18 00:00:00,1.0256702608205404
2011-03-21 00:00:00,1.0256702608205404
2011-03-22 00:00:00,1.0256702608205404
2011-03-23 00:00:00,1.0256702608205404
2011-03-24 00:00:00,1.0256702608205404
2011-03-25 00:00:00,1.0256702608205404
2011-03-28 00:00:00,1.0256702608205404
2011-03-29 00:00:00,1.0256702608205404
2011-03-30 00:00:00,1.0256702608205404
2011-03-31 00:00:00,1.0273233355348907
2011-04-01 00:00:00,1.040088745829042
2011-04-04 00:00:00,1.0367825964003408
2011-04-05 00:00:00,1.0379764836940386
2011-04-06 00:00:00,1.039629558408389
2011-04-07 00:00:00,1.0337519594240316
2011-04-08 00:00:00,1.033017259550987
2011-04-11 00:00:00,1.0278743604396743
2011-04-12 00:00:00,1.017129374796396
2011-04-13 00:00:00,1.0313641848366366
2011-04-14 00:00:00,1.0381601586622997
2011-04-15 00:00:00,1.0389866960194751
2011-04-18 00:00:00,1.0282417103761967
2011-04-19 00:00:00,1.0360478965272963
2011-04-20 00:00:00,1.0562046401908902
2011-04-21 00:00:00,1.059732089605729
2011-04-25 00:00:00,1.0586181582115695
2011-04-26 00:00:00,1.0607531933837087
2011-04-27 00:00:00,1.059732089605729
2011-04-28 00:00:00,1.0595464343733692
2011-04-29 00:00:00,1.0653945741927073
2011-05-02 00:00:00,1.0716140244767653
2011-05-03 00:00:00,1.0589894686762893
2011-05-04 00:00:00,1.0462720852596332
2011-05-05 00:00:00,1.034828130533156
2011-05-06 00:00:00,1.034828130533156
2011-05-09 00:00:00,1.034828130533156
2011-05-10 00:00:00,1.034828130533156
2011-05-11 00:00:00,1.034828130533156
2011-05-12 00:00:00,1.034828130533156
2011-05-13 00:00:00,1.034828130533156
2011-05-16 00:00:00,1.034828130533156
2011-05-17 00:00:00,1.034828130533156
2011-05-18 00:00:00,1.034828130533156
2011-05-19 00:00:00,1.034828130533156
2011-05-20 00:00:00,1.034828130533156
2011-05-23 00:00:00,1.034828130533156
2011-05-24 00:00:00,1.034828130533156
2011-05-25 00:00:00,1.034828130533156
2011-05-26 00:00:00,1.034828130533156
2011-05-27 00:00:00,1.034828130533156
2011-05-31 00:00:00,1.034828130533156
2011-06-01 00:00:00,1.034828130533156
2011-06-02 00:00:00,1.034828130533156
2011-06-03 00:00:00,1.034828130533156
2011-06-06 00:00:00,1.034828130533156
2011-06-07 00:00:00,1.034828130533156
2011-06-08 00:00:00,1.034828130533156
2011-06-09 00:00:00,1.034828130533156
2011-06-10 00:00:00,1.034828130533156
2011-06-13 00:00:00,1.034828130533156
2011-06-14 00:00:00,1.034828130533156
2011-06-15 00:00:00,1.034828130533156
2011-06-16 00:00:00,1.034828130533156
2011-06-17 00:00:00,1.034828130533156
2011-06-20 00:00:00,1.034828130533156
2011-06-21 00:00:00,1.034828130533156
2011-06-22 00:00:00,1.034828130533156
2011-06-23 00:00:00,1.034828130533156
2011-06-24 00:00:00,1.034828130533156
2011-06-27 00:00:00,1.034828130533156
2011-06-28 00:00:00,1.034828130533156
2011-06-29 00:00:00,1.034828130533156
2011-06-30 00:00:00,1.034828130533156
2011-07-01 00:00:00,1.034828130533156
2011-07-05 00:00:00,1.034828130533156
2011-07-06 00:00:00,1.034828130533156
2011-07-07 00:00:00,1.034828130533156
2011-07-08 00:00:00,1.034828130533156
2011-07-11 00:00:00,1.034828130533156
2011-07-12 00:00:00,1.034828130533156
2011-07-13 00:00:00,1.034828130533156
2011-07-14 00:00:00,1.034828130533156
2011-07-15 00:00:00,1.034828130533156
2011-07-18 00:00:00,1.034828130533156
2011-07-19 00:00:00,1.034828130533156
2011-07-20 00:00:00,1.034828130533156
2011-07-21 00:00:00,1.034828130533156
2011-07-22 00:00:00,1.034828130533156
2011-07-25 00:00:00,1.034828130533156
2011-07-26 00:00:00,1.034828130533156
2011-07-27 00:00:00,1.034828130533156
2011-07-28 00:00:00,1.034828130533156
2011-07-29 00:00:00,1.034828130533156
2011-08-01 00:00:00,1.034828130533156
2011-08-02 00:00:00,1.034828130533156
2011-08-03 00:00:00,1.034828130533156
2011-08-04 00:00:00,1.034828130533156
2011-08-05 00:00:00,1.034828130533156
2011-08-08 00:00:00,1.034828130533156
2011-08-09 00:00:00,1.034828130533156
2011-08-10 00:00:00,1.034828130533156
2011-08-11 00:00:00,1.034828130533156
2011-08-12 00:00:00,1.034828130533156
2011-08-15 00:00:00,1.034828130533156
2011-08-16 00:00:00,1.034828130533156
2011-08-17 00:00:00,1.034828130533156
2011-08-18 00:00:00,1.034828130533156
2011-08-19 00:00:00,1.034828130533156
2011-08-22 00:00:00,1.034828130533156
2011-08-23 00:00:00,1.034828130533156
2011-08-24 00:00:00,1.034828130533156
2011-08-25 00:00:00,1.034828130533156
2011-08-26 00:00:00,1.034828130533156
2011-08-29 00:00:00,1.034828130533156
2011-08-30 00:00:00,1.034828130533156
2011-08-31 00:00:00,1.034828130533156
2011-09-01 00:00:00,1.034828130533156
2011-09-02 00:00:00,1.034828130533156
2011-09-06 00:00:00,1.034828130533156
2011-09-07 00:00:00,1.034828130533156
2011-09-08 00:00:00,1.034828130533156
2011-09-09 00:00:00,1.034828130533156
2011-09-12 00:00:00,1.034828130533156
2011-09-13 00:00:00,1.034828130533156
2011-09-14 00:00:00,1.034828130533156
2011-09-15 00:00:00,1.034828130533156
2011-09-16 00:00:00,1.034828130533156
2011-09-19 00:00:00,1.034828130533156
2011-09-20 00:00:00,1.034828130533156
2011-09-21 00:00:00,1.034828130533156
2011-09-22 00:00:00,1.034828130533156
2011-09-23 00:00:00,1.034828130533156
2011-09-26 00:00:00,1.034828130533156
2011-09-27 00:00:00,1.034828130533156
2011-09-28 00:00:00,1.034828130533156
2011-09-29 00:00:00,1.034828130533156
2011-09-30 00:00:00,1.034828130533156
2011-10-03 00:00:00,1.034828130533156
2011-10-04 00:00:00,1.034828130533156
2011-10-05 00:00:00,1.034828130533156
2011-10-06 00:00:00,1.034828130533156
2011-10-07 00:00:00,1.034828130533156
2011-10-10 00:00:00,1.034828130533156
2011-10-11 00:00:00,1.034828130533156
2011-10-12 00:00:00,1.034828130533156
2011-10-13 00:00:00,1.034828130533156
2011-10-14 00:00:00,1.034828130533156
2011-10-17 00:00:00,1.034828130533156
2011-10-18 00:00:00,1.034828130533156
2011-10-19 00:00:00,1.034828130533156
2011-10-20 00:00:00,1.034828130533156
2011-10-21 00:00:00,1.034828130533156
2011-10-24 00:00:00,1.034828130533156
2011-10-25 00:00:00,1.034828130533156
2011-10-26 00:00:00,1.034828130533156
2011-10-27 00:00:00,1.034828130533156
2011-10-28 00:00:00,1.034828130533156
2011-10-31 00:00:00,1.034828130533156
2011-11-01 00:00:00,1.034828130533156
2011-11-02 00:00:00,1.034828130533156
2011-11-03 00:00:00,1.034828130533156
2011-11-04 00:00:00,1.034828130533156
2011-11-07 00:00:00,1.034828130533156
2011-11-08 00:00:00,1.034828130533156
2011-11-09 00:00:00,1.034828130533156
2011-11-10 00:00:00,1.034828130533156
2011-11-11 00:00:00,1.034828130533156
2011-11-14 00:00:00,1.034828130533156
2011-11-15 00:00:00,1.034828130533156
2011-11-16 00:00:00,1.034828130533156
2011-11-17 00:00:00,1.034828130533156
2011-11-18 00:00:00,1.034828130533156
2011-11-21 00:00:00,1.034828130533156
2011-11-22 00:00:00,1.034828130533156
2011-11-23 00:00:00,1.034828130533156
2011-11-25 00:00:00,1.034828130533156
2011-11-28 00:00:00,1.034828130533156
2011-11-29 00:00:00,1.034828130533156
2011-11-30 00:00:00,1.034828130533156
2011-12-01 00:00:00,1.034828130533156
2011-12-02 00:00:00,1.034828130533156
2011-12-05 00:00:00,1.034828130533156
2011-12-06 00:00:00,1.034828130533156
2011-12-07 00:00:00,1.034828130533156
2011-12-08 00:00:00,1.034828130533156
2011-12-09 00:00:00,1.034828130533156
2011-12-12 00:00:00,1.034828130533156
2011-12-13 00:00:00,1.034828130533156
2011-12-14 00:00:00,1.034828130533156
2011-12-15 00:00:00,1.034828130533156
2011-12-16 00:00:00,1.034828130533156
2011-12-19 00:00:00,1.034828130533156
2011-12-20 00:00:00,1.034828130533156
2011-12-21 00:00:00,1.034828130533156
2011-12-22 00:00:00,1.034828130533156
2011-12-23 00:00:00,1.034828130533156
2011-12-27 00:00:00,1.034828130533156
2011-12-28 00:00:00,1.034828130533156
2011-12-29 00:00:00,1.034828130533156
2011-12-30 00:00:00,1.034828130533156
2012-01-03 00:00:00,1.034828130533156
2012-01-04 00:00:00,1.034828130533156
2012-01-05 00:00:00,1.034828130533156
2012-01-06 00:00:00,1.034828130533156
2012-01-09 00:00:00,1.034828130533156
2012-01-10 00:00:00,1.034828130533156
2012-01-11 00:00:00,1.034828130533156
2012-01-12 00:00:00,1.034828130533156
2012-01-13 00:00:00,1.034828130533156
2012-01-17 00:00:00,1.034828130533156
2012-01-18 00:00:00,1.034828130533156
2012-01-19 00:00:00,1.034828130533156
2012-01-20 00:00:00,1.034828130533156
2012-01-23 00:00:00,1.034828130533156
2012-01-24 00:00:00,1.034828130533156
2012-01-25 00:00:00,1.034828130533156
2012-01-26 00:00:00,1.027287599757068
2012-01-27 00:00:00,1.0311975046039283
2012-01-30 00:00:00,1.022539858157309
2012-01-31 00:00:00,1.0257981121963593
2012-02-01 00:00:00,1.0337110148626243
2012-02-02 00:00:00,1.036131432148776
2012-02-03 00:00:00,1.0413446386112566
2012-02-06 00:00:00,1.0347350375606117
2012-02-07 00:00:00,1.0380863845722064
2012-02-08 00:00:00,1.042647940226877
2012-02-09 00:00:00,1.0428341261719654
2012-02-10 00:00:00,1.0290563662354097
2012-02-13 00:00:00,1.0393896861878265
2012-02-14 00:00:00,1.0352935953958775
2012-02-15 00:00:00,1.0400413369956365
2012-02-16 00:00:00,1.0405998948309023
2012-02-17 00:00:00,1.0449752645404842
2012-02-21 00:00:00,1.0425548472543325
2012-02-22 00:00:00,1.0416239175288895
2012-02-23 00:00:00,1.0365968970114976
2012-02-24 00:00:00,1.0396379465270076
2012-02-27 00:00:00,1.0396379465270076
2012-02-28 00:00:00,1.0396379465270076
2012-02-29 00:00:00,1.0396379465270076
2012-03-01 00:00:00,1.0430115815186878
2012-03-02 00:00:00,1.0411615236200245
2012-03-05 00:00:00,1.0326730226732166
2012-03-06 00:00:00,1.017502547904178
2012-03-07 00:00:00,1.017502547904178
2012-03-08 00:00:00,1.017502547904178
2012-03-09 00:00:00,1.017502547904178
2012-03-12 00:00:00,1.017502547904178
2012-03-13 00:00:00,1.017502547904178
2012-03-14 00:00:00,1.0143207956830647
2012-03-15 00:00:00,1.0205848703683815
2012-03-16 00:00:00,1.0185962752301856
2012-03-19 00:00:00,1.02138030842366
2012-03-20 00:00:00,1.0130282088432372
2012-03-21 00:00:00,1.010741324434312
2012-03-22 00:00:00,1.0041789604782656
2012-03-23 00:00:00,1.0077584317270183
2012-03-26 00:00:00,1.0158122420367115
2012-03-27 00:00:00,1.012729919572508
2012-03-28 00:00:00,1.007460142456289
2012-03-29 00:00:00,1.0062669853733714
2012-03-30 00:00:00,1.0094487375944847
2012-04-02 00:00:00,1.0201871513407423
2012-04-03 00:00:00,1.024661490401683
2012-04-04 00:00:00,1.0128293493294178
2012-04-05 00:00:00,1.0171048288765387
2012-04-09 00:00:00,1.0063664151302811
2012-04-10 00:00:00,0.9969124735129141
2012-04-11 00:00:00,0.9969124735129141
2012-04-12 00:00:00,0.9969124735129141
2012-04-13 00:00:00,0.9969124735129141
2012-04-16 00:00:00,0.9969124735129141
2012-04-17 00:00:00,0.9969124735129141
2012-04-18 00:00:00,0.9969124735129141
2012-04-19 00:00:00,0.9969124735129141
2012-04-20 00:00:00,0.9969124735129141
2012-04-23 00:00:00,0.9969124735129141
2012-04-24 00:00:00,0.9969124735129141
2012-04-25 00:00:00,0.9969124735129141
2012-04-26 00:00:00,0.9969124735129141
2012-04-27 00:00:00,0.9969124735129141
2012-04-30 00:00:00,0.9969124735129141
2012-05-01 00:00:00,0.9969124735129141
2012-05-02 00:00:00,0.9969124735129141
2012-05-03 00:00:00,0.9969124735129141
2012-05-04 00:00:00,0.9969124735129141
2012-05-07 00:00:00,0.9969124735129141
2012-05-08 00:00:00,0.9969124735129141
2012-05-09 00:00:00,0.9969124735129141
2012-05-10 00:00:00,0.9969124735129141
2012-05-11 00:00:00,0.9969124735129141
2012-05-14 00:00:00,0.9969124735129141
2012-05-15 00:00:00,0.9969124735129141
2012-05-16 00:00:00,0.9969124735129141
2012-05-17 00:00:00,0.9969124735129141
2012-05-18 00:00:00,0.9969124735129141
2012-05-21 00:00:00,0.9969124735129141
2012-05-22 00:00:00,0.9969124735129141
2012-05-23 00:00:00,0.9969124735129141
2012-05-24 00:00:00,0.9969124735129141
2012-05-25 00:00:00,0.9969124735129141
2012-05-29 00:00:00,0.9969124735129141
2012-05-30 00:00:00,0.9969124735129141
2012-05-31 00:00:00,0.9969124735129141
2012-06-01 00:00:00,0.9969124735129141
2012-06-04 00:00:00,0.9969124735129141
2012-06-05 00:00:00,0.9969124735129141
2012-06-06 00:00:00,0.9969124735129141
2012-06-07 00:00:00,0.9969124735129141
2012-06-08 00:00:00,0.9969124735129141
2012-06-11 00:00:00,0.9969124735129141
2012-06-12 00:00:00,0.9969124735129141
2012-06-13 00:00:00,0.9969124735129141
2012-06-14 00:00:00,0.9969124735129141
2012-06-15 00:00:00,0.9969124735129141
2012-06-18 00:00:00,0.9969124735129141
2012-06-19 00:00:00,0.9969124735129141
2012-06-20 00:00:00,0.9969124735129141
2012-06-21 00:00:00,0.9969124735129141
2012-06-22 00:00:00,0.9969124735129141
2012-06-25 00:00:00,0.9969124735129141
2012-06-26 00:00:00,0.9969124735129141
2012-06-27 00:00:00,0.9969124735129141
2012-06-28 00:00:00,0.9969124735129141
2012-06-29 00:00:00,0.9969124735129141
2012-07-02 00:00:00,0.9969124735129141
2012-07-03 00:00:00,0.9969124735129141
2012-07-05 00:00:00,0.9969124735129141
2012-07-06 00:00:00,0.9969124735129141
2012-07-09 00:00:00,0.9969124735129141
2012-07-10 00:00:00,0.9969124735129141
2012-07-11 00:00:00,0.9969124735129141
2012-07-12 00:00:00,0.9969124735129141
2012-07-13 00:00:00,0.9969124735129141
2012-07-16 00:00:00,0.9969124735129141
2012-07-17 00:00:00,0.9969124735129141
2012-07-18 00:00:00,0.9969124735129141
2012-07-19 00:00:00,0.9969124735129141
2012-07-20 00:00:00,0.9969124735129141
2012-07-23 00:00:00,0.9969124735129141
2012-07-24 00:00:00,0.9969124735129141
2012-07-25 00:00:00,0.9969124735129141
2012-07-26 00:00:00,0.9969124735129141
2012-07-27 00:00:00,0.9969124735129141
2012-07-30 00:00:00,0.9969124735129141
2012-07-31 00:00:00,0.9969124735129141
2012-08-01 00:00:00,0.9969124735129141
2012-08-02 00:00:00,0.9969124735129141
2012-08-03 00:00:00,0.9969124735129141
2012-08-06 00:00:00,0.9969124735129141
2012-08-07 00:00:00,0.9969124735129141
2012-08-08 00:00:00,0.9992172456134516
2012-08-09 00:00:00,1.0081597613635371
2012-08-10 00:00:00,1.0134146417527627
2012-08-13 00:00:00,1.006869088987236
2012-08-14 00:00:00,1.0108332970001606
2012-08-15 00:00:00,1.007790997827451
2012-08-16 00:00:00,1.013138069100698
2012-08-17 00:00:00,1.0081597613635371
2012-08-20 00:00:00,1.0101879608120101
2012-08-21 00:00:00,1.00650032545115
2012-08-22 00:00:00,1.0056706074949566
2012-08-23 00:00:00,1.0018907812500752
2012-08-24 00:00:00,1.0027204992062686
2012-08-27 00:00:00,0.9958061829046562
2012-08-28 00:00:00,0.9960827555567207
2012-08-29 00:00:00,0.9991250547294301
2012-08-30 00:00:00,0.9903669207473876
2012-08-31 00:00:00,0.9946077014123766
2012-09-04 00:00:00,0.9911966387035812
2012-09-05 00:00:00,0.9834526044457752
2012-09-06 00:00:00,0.9838894417306226
2012-09-07 00:00:00,0.9838894417306226
2012-09-10 00:00:00,0.9838894417306226
2012-09-11 00:00:00,0.9838894417306226
2012-09-12 00:00:00,0.9838894417306226
2012-09-13 00:00:00,0.9838894417306226
2012-09-14 00:00:00,0.9852561855656421
2012-09-17 00:00:00,0.9783248418309004
2012-09-18 00:00:00,0.9792034628676985
2012-09-19 00:00:00,0.9809607049412951
2012-09-20 00:00:00,0.9753961050415727
2012-09-21 00:00:00,0.9752008559222842
2012-09-24 00:00:00,0.9754937296012169
2012-09-25 00:00:00,0.9654383999578591
2012-09-26 00:00:00,0.9639757529100859
2012-09-27 00:00:00,0.9639757529100859
2012-09-28 00:00:00,0.9639757529100859
2012-10-01 00:00:00,0.9639757529100859
2012-10-02 00:00:00,0.9639757529100859
2012-10-03 00:00:00,0.9639757529100859
2012-10-04 00:00:00,0.9639757529100859
2012-10-05 00:00:00,0.9639757529100859
2012-10-08 00:00:00,0.9639757529100859
2012-10-09 00:00:00,0.9639757529100859
2012-10-10 00:00:00,0.9639757529100859
2012-10-11 00:00:00,0.9639757529100859
2012-10-12 00:00:00,0.9639757529100859
2012-10-15 00:00:00,0.9639757529100859
2012-10-16 00:00:00,0.9639757529100859
2012-10-17 00:00:00,0.9639757529100859
2012-10-18 00:00:00,0.9639757529100859
2012-10-19 00:00:00,0.9639757529100859
2012-10-22 00:00:00,0.9639757529100859
2012-10-23 00:00:00,0.9639757529100859
2012-10-24 00:00:00,0.9639757529100859
2012-10-25 00:00:00,0.9639757529100859
2012-10-26 00:00:00,0.9639757529100859
2012-10-31 00:00:00,0.9639757529100859
2012-11-01 00:00:00,0.9639757529100859
2012-11-02 00:00:00,0.9639757529100859
2012-11-05 00:00:00,0.9639757529100859
2012-11-06 00:00:00,0.9639757529100859
2012-11-07 00:00:00,0.9639757529100859
2012-11-08 00:00:00,0.9639757529100859
2012-11-09 00:00:00,0.9639757529100859
2012-11-12 00:00:00,0.9639757529100859
2012-11-13 00:00:00,0.9639757529100859
2012-11-14 00:00:00,0.9639757529100859
2012-11-15 00:00:00,0.9639757529100859
2012-11-16 00:00:00,0.9639757529100859
2012-11-19 00:00:00,0.9639757529100859
2012-11-20 00:00:00,0.9639757529100859
2012-11-21 00:00:00,0.9639757529100859
2012-11-23 00:00:00,0.9639757529100859
2012-11-26 00:00:00,0.9639757529100859
2012-11-27 00:00:00,0.9639757529100859
2012-11-28 00:00:00,0.9639757529100859
2012-11-29 00:00:00,0.9639757529100859
2012-11-30 00:00:00,0.9639757529100859
2012-12-03 00:00:00,0.9639757529100859
2012-12-04 00:00:00,0.9639757529100859
2012-12-05 00:00:00,0.9639757529100859
2012-12-06 00:00:00,0.9639757529100859
2012-12-07 00:00:00,0.9639757529100859
2012-12-10 00:00:00,0.968836351592754
2012-12-11 00:00:00,0.9760649342490296
2012-12-12 00:00:00,0.9764388264553888
2012-12-13 00:00:00,0.9793053333708085
2012-12-14 00:00:00,0.9799284870480736
2012-12-17 00:00:00,0.9845398242598357
2012-12-18 00:00:00,0.9825457324925873
2012-12-19 00:00:00,0.9832935169053055
2012-12-20 00:00:00,0.9821718402862282
2012-12-21 00:00:00,0.9741954732172342
2012-12-24 00:00:00,0.972699904391798
2012-12-26 00:00:00,0.9708304433600025
2012-12-27 00:00:00,0.9743201039526873
2012-12-28 00:00:00,0.9817979480798692
2012-12-31 00:00:00,0.9925917739918841
2013-01-02 00:00:00,0.9967213086001502
2013-01-03 00:00:00,0.981438312729145
2013-01-04 00:00:00,0.9778581893608584
2013-01-07 00:00:00,0.9723837437763124
2013-01-08 00:00:00,0.9723837437763124
2013-01-09 00:00:00,0.9723837437763124
2013-01-10 00:00:00,0.9723837437763124
2013-01-11 00:00:00,0.9723837437763124
2013-01-14 00:00:00,0.9723837437763124
2013-01-15 00:00:00,0.9723837437763124
2013-01-16 00:00:00,0.9723837437763124
2013-01-17 00:00:00,0.9723837437763124
2013-01-18 00:00:00,0.9723837437763124
2013-01-22 00:00:00,0.9723837437763124
2013-01-23 00:00:00,0.9723837437763124
2013-01-24 00:00:00,0.9723837437763124
2013-01-25 00:00:00,0.9723837437763124
2013-01-28 00:00:00,0.9723837437763124
2013-01-29 00:00:00,0.9723837437763124
2013-01-30 00:00:00,0.9723837437763124
2013-01-31 00:00:00,0.9723837437763124
2013-02-01 00:00:00,0.9723837437763124
2013-02-04 00:00:00,0.9723837437763124
2013-02-05 00:00:00,0.9723837437763124
2013-02-06 00:00:00,0.9723837437763124
2013-02-07 00:00:00,0.9723837437763124
2013-02-08 00:00:00,0.9723837437763124
2013-02-11 00:00:00,0.9723837437763124
2013-02-12 00:00:00,0.9723837437763124
2013-02-13 00:00:00,0.9723837437763124
2013-02-14 00:00:00,0.9723837437763124
2013-02-15 00:00:00,0.9723837437763124
2013-02-19 00:00:00,0.9723837437763124
2013-02-20 00:00:00,0.9723837437763124
2013-02-21 00:00:00,0.9723837437763124
2013-02-22 00:00:00,0.9723837437763124
2013-02-25 00:00:00,0.9723837437763124
2013-02-26 00:00:00,0.9723837437763124
2013-02-27 00:00:00,0.9723837437763124
2013-02-28 00:00:00,0.9723837437763124
2013-03-01 00:00:00,0.9723837437763124
2013-03-04 00:00:00,0.9723837437763124
2013-03-05 00:00:00,0.9723837437763124
2013-03-06 00:00:00,0.9723837437763124
2013-03-07 00:00:00,0.9723837437763124
2013-03-08 00:00:00,0.9723837437763124
2013-03-11 00:00:00,0.9723837437763124
2013-03-12 00:00:00,0.9723837437763124
2013-03-13 00:00:00,0.9723837437763124
2013-03-14 00:00:00,0.9723837437763124
2013-03-15 00:00:00,0.9723837437763124
2013-03-18 00:00:00,0.9723837437763124
2013-03-19 00:00:00,0.9723837437763124
2013-03-20 00:00:00,0.9723837437763124
2013-03-21 00:00:00,0.9723837437763124
2013-03-22 00:00:00,0.9723837437763124
2013-03-25 00:00:00,0.9723837437763124
2013-03-26 00:00:00,0.9723837437763124
2013-03-27 00:00:00,0.9723837437763124
2013-03-28 00:00:00,0.9723837437763124
2013-04-01 00:00:00,0.9723837437763124
2013-04-02 00:00:00,0.9723837437763124
2013-04-03 00:00:00,0.9723837437763124
2013-04-04 00:00:00,0.9723837437763124
2013-04-05 00:00:00,0.9723837437763124
2013-04-08 00:00:00,0.9723837437763124
2013-04-09 00:00:00,0.9723837437763124
2013-04-10 00:00:00,0.9723837437763124
2013-04-11 00:00:00,0.9723837437763124
2013-04-12 00:00:00,0.9723837437763124
2013-04-15 00:00:00,0.9723837437763124
2013-04-16 00:00:00,0.9723837437763124
2013-04-17 00:00:00,0.9723837437763124
2013-04-18 00:00:00,0.9723837437763124
2013-04-19 00:00:00,0.9723837437763124
2013-04-22 00:00:00,0.9723837437763124
2013-04-23 00:00:00,0.9723837437763124
2013-04-24 00:00:00,0.9723837437763124
2013-04-25 00:00:00,0.9723837437763124
2013-04-26 00:00:00,0.9723837437763124
2013-04-29 00:00:00,0.9723837437763124
2013-04-30 00:00:00,0.9723837437763124
2013-05-01 00:00:00,0.9723837437763124
2013-05-02 00:00:00,0.9723837437763124
2013-05-03 00:00:00,0.9723837437763124
2013-05-06 00:00:00,0.9723837437763124
2013-05-07 00:00:00,0.9723837437763124
2013-05-08 00:00:00,0.9723837437763124
2013-05-09 00:00:00,0.9723837437763124
2013-05-10 00:00:00,0.9723837437763124
2013-05-13 00:00:00,0.9723837437763124
2013-05-14 00:00:00,0.9723837437763124
2013-05-15 00:00:00,0.9723837437763124
2013-05-16 00:00:00,0.9723837437763124
2013-05-17 00:00:00,0.9723837437763124
2013-05-20 00:00:00,0.9723837437763124
2013-05-21 00:00:00,0.9723837437763124
2013-05-22 00:00:00,0.9723837437763124
2013-05-23 00:00:00,0.9723837437763124
2013-05-24 00:00:00,0.9723837437763124
2013-05-28 00:00:00,0.9723837437763124
2013-05-29 00:00:00,0.9723837437763124
2013-05-30 00:00:00,0.9723837437763124
2013-05-31 00:00:00,0.9723837437763124
2013-06-03 00:00:00,0.9723837437763124
2013-06-04 00:00:00,0.9723837437763124
2013-06-05 00:00:00,0.9723837437763124
2013-06-06 00:00:00,0.9723837437763124
2013-06-07 00:00:00,0.9723837437763124
2013-06-10 00:00:00,0.9723837437763124
2013-06-11 00:00:00,0.9723837437763124
2013-06-12 00:00:00,0.9723837437763124
2013-06-13 00:00:00,0.9723837437763124
2013-06-14 00:00:00,0.9723837437763124
2013-06-17 00:00:00,0.9723837437763124
2013-06-18 00:00:00,0.9723837437763124
2013-06-19 00:00:00,0.9723837437763124
2013-06-20 00:00:00,0.9723837437763124
2013-06-21 00:00:00,0.9723837437763124
2013-06-24 00:00:00,0.9723837437763124
2013-06-25 00:00:00,0.9723837437763124
2013-06-26 00:00:00,0.9723837437763124
2013-06-27 00:00:00,0.9723837437763124
2013-06-28 00:00:00,0.9723837437763124
2013-07-01 00:00:00,0.9723837437763124
2013-07-02 00:00:00,0.9723837437763124
2013-07-03 00:00:00,0.9723837437763124
2013-07-05 00:00:00,0.9723837437763124
2013-07-08 00:00:00,0.9723837437763124
2013-07-09 00:00:00,0.9723837437763124
2013-07-10 00:00:00,0.9723837437763124
2013-07-11 00:00:00,0.9723837437763124
2013-07-12 00:00:00,0.9723837437763124
2013-07-15 00:00:00,0.9723837437763124
2013-07-16 00:00:00,0.9723837437763124
2013-07-17 00:00:00,0.9723837437763124
2013-07-18 00:00:00,0.9723837437763124
2013-07-19 00:00:00,0.9723837437763124
2013-07-22 00:00:00,0.9723837437763124
2013-07-23 00:00:00,0.9723837437763124
2013-07-24 00:00:00,0.9723837437763124
2013-07-25 00:00:00,0.9723837437763124
2013-07-26 00:00:00,0.9723837437763124
2013-07-29 00:00:00,0.9723837437763124
2013-07-30 00:00:00,0.9723837437763124
2013-07-31 00:00:00,0.9723837437763124
2013-08-01 00:00:00,0.9723837437763124
2013-08-02 00:00:00,0.9723837437763124
2013-08-05 00:00:00,0.9723837437763124
2013-08-06 00:00:00,0.9723837437763124
2013-08-07 00:00:00,0.9723837437763124
2013-08-08 00:00:00,0.9723837437763124
2013-08-09 00:00:00,0.9723837437763124
2013-08-12 00:00:00,0.9723837437763124
2013-08-13 00:00:00,0.9723837437763124
2013-08-14 00:00:00,0.9723837437763124
2013-08-15 00:00:00,0.9723837437763124
2013-08-16 00:00:00,0.9723837437763124
2013-08-19 00:00:00,0.9723837437763124
2013-08-20 00:00:00,0.9723837437763124
2013-08-21 00:00:00,0.9723837437763124
2013-08-22 00:00:00,0.9723837437763124
2013-08-23 00:00:00,0.9723837437763124
2013-08-26 00:00:00,0.9723837437763124
2013-08-27 00:00:00,0.9723837437763124
2013-08-28 00:00:00,0.9723837437763124
2013-08-29 00:00:00,0.9723837437763124
2013-08-30 00:00:00,0.9723837437763124
2013-09-03 00:00:00,0.9723837437763124
2013-09-04 00:00:00,0.9723837437763124
2013-09-05 00:00:00,0.9728379454657733
2013-09-06 00:00:00,0.9846471893917538
2013-09-09 00:00:00,0.9930499206467783
2013-09-10 00:00:00,0.9988409921874033
2013-09-11 00:00:00,1.0012858236474136
2013-09-12 00:00:00,0.9981974801134047
2013-09-13 00:00:00,0.9990622163029271
2013-09-16 00:00:00,1.0062271733018278
2013-09-17 00:00:00,1.0027682285437378
2013-09-18 00:00:00,1.0310198629776346
2013-09-19 00:00:00,1.03159544457601
2013-09-20 00:00:00,1.016745439337924
2013-09-23 00:00:00,1.0140977639853972
2013-09-24 00:00:00,1.013752415026372
2013-09-25 00:00:00,1.0079325022758225
2013-09-26 00:00:00,1.0079325022758225
2013-09-27 00:00:00,1.0079325022758225
2013-09-30 00:00:00,1.0079325022758225
2013-10-01 00:00:00,1.0079325022758225
2013-10-02 00:00:00,1.0079325022758225
2013-10-03 00:00:00,1.0079325022758225
2013-10-04 00:00:00,1.0079325022758225
2013-10-07 00:00:00,1.0079325022758225
2013-10-08 00:00:00,1.0079325022758225
2013-10-09 00:00:00,1.0079325022758225
2013-10-10 00:00:00,1.0079325022758225
2013-10-11 00:00:00,1.0079325022758225
2013-10-14 00:00:00,1.0079325022758225
2013-10-15 00:00:00,1.0079325022758225
2013-10-16 00:00:00,1.0079325022758225
2013-10-17 00:00:00,1.0143590004306826
2013-10-18 00:00:00,1.0175066729963282
2013-10-21 00:00:00,1.0144901534542512
2013-10-22 00:00:00,1.0196051213734254
2013-10-23 00:00:00,1.003735605521628
2013-10-24 00:00:00,1.0063586659929997
2013-10-25 00:00:00,1.003473299474491
2013-10-28 00:00:00,1.0093751855350768
2013-10-29 00:00:00,1.0139655413599769
2013-10-30 00:00:00,1.011473633912174
2013-10-31 00:00:00,0.9962598831782193
2013-11-01 00:00:00,1.0021617692388052
2013-11-04 00:00:00,0.9996698617910023
2013-11-05 00:00:00,0.9874339560544257
2013-11-06 00:00:00,0.9874339560544257
2013-11-07 00:00:00,0.9874339560544257
2013-11-08 00:00:00,0.9874339560544257
2013-11-11 00:00:00,0.9874339560544257
2013-11-12 00:00:00,0.9874339560544257
2013-11-13 00:00:00,0.9874339560544257
2013-11-14 00:00:00,0.9874339560544257
2013-11-15 00:00:00,0.9874339560544257
2013-11-18 00:00:00,0.9874339560544257
2013-11-19 00:00:00,0.9874339560544257
2013-11-20 00:00:00,0.9874339560544257
2013-11-21 00:00:00,0.9874339560544257
2013-11-22 00:00:00,0.9874339560544257
2013-11-25 00:00:00,0.9874339560544257
2013-11-26 00:00:00,0.9874339560544257
2013-11-27 00:00:00,0.9874339560544257
2013-11-29 00:00:00,0.9874339560544257
2013-12-02 00:00:00,0.9874339560544257
2013-12-03 00:00:00,0.9874339560544257
2013-12-04 00:00:00,0.9874339560544257
2013-12-05 00:00:00,0.9874339560544257
2013-12-06 00:00:00,0.9874339560544257
2013-12-09 00:00:00,0.9874339560544257
2013-12-10 00:00:00,0.9874339560544257
2013-12-11 00:00:00,0.9874339560544257
2013-12-12 00:00:00,0.9874339560544257
2013-12-13 00:00:00,0.9874339560544257
2013-12-16 00:00:00,0.9874339560544257
2013-12-17 00:00:00,0.9874339560544257
2013-12-18 00:00:00,0.9874339560544257
2013-12-19 00:00:00,0.9874339560544257
2013-12-20 00:00:00,0.9874339560544257
2013-12-23 00:00:00,0.9874339560544257
2013-12-24 00:00:00,0.9874339560544257
2013-12-26 00:00:00,0.9874339560544257
2013-12-27 00:00:00,0.9874339560544257
2013-12-30 00:00:00,0.9874339560544257
2013-12-31 00:00:00,0.9874339560544257
2014-01-02 00:00:00,0.9874339560544257
2014-01-03 00:00:00,0.9874339560544257
2014-01-06 00:00:00,0.9874339560544257
2014-01-07 00:00:00,0.9874339560544257
2014-01-08 00:00:00,0.9874339560544257
2014-01-09 00:00:00,0.9874339560544257
2014-01-10 00:00:00,0.9874339560544257
2014-01-13 00:00:00,0.9874339560544257
2014-01-14 00:00:00,0.9874339560544257
2014-01-15 00:00:00,0.9874339560544257
2014-01-16 00:00:00,0.9874339560544257
2014-01-17 00:00:00,0.9874339560544257
2014-01-21 00:00:00,0.9874339560544257
2014-01-22 00:00:00,0.9874339560544257
2014-01-23 00:00:00,0.9874339560544257
2014-01-24 00:00:00,0.9874339560544257
2014-01-27 00:00:00,0.9874339560544257
2014-01-28 00:00:00,0.9874339560544257
2014-01-29 00:00:00,0.9874339560544257
2014-01-30 00:00:00,0.9874339560544257
2014-01-31 00:00:00,0.9874339560544257
2014-02-03 00:00:00,0.9874339560544257
2014-02-04 00:00:00,0.9874339560544257
2014-02-05 00:00:00,0.9874339560544257
2014-02-06 00:00:00,0.9874339560544257
2014-02-07 00:00:00,0.9874339560544257
2014-02-10 00:00:00,0.9874339560544257
2014-02-11 00:00:00,0.9874339560544257
2014-02-12 00:00:00,0.9874339560544257
2014-02-13 00:00:00,0.9874339560544257
2014-02-14 00:00:00,0.9874339560544257
2014-02-18 00:00:00,0.9874339560544257
2014-02-19 00:00:00,0.9874339560544257
2014-02-20 00:00:00,0.9874339560544257
2014-02-21 00:00:00,0.9874339560544257
2014-02-24 00:00:00,0.9874339560544257
2014-02-25 00:00:00,0.9874339560544257
2014-02-26 00:00:00,0.9874339560544257
2014-02-27 00:00:00,0.9874339560544257
2014-02-28 00:00:00,0.9874339560544257
2014-03-03 00:00:00,0.9874339560544257
2014-03-04 00:00:00,0.9874339560544257
2014-03-05 00:00:00,0.9874339560544257
2014-03-06 00:00:00,0.9874339560544257
2014-03-07 00:00:00,0.9874339560544257
2014-03-10 00:00:00,0.9874339560544257
2014-03-11 00:00:00,0.9874339560544257
2014-03-12 00:00:00,0.9874339560544257
2014-03-13 00:00:00,0.9874339560544257
2014-03-14 00:00:00,0.9874339560544257
2014-03-17 00:00:00,0.9874339560544257
2014-03-18 00:00:00,0.9874339560544257
2014-03-19 00:00:00,0.9874339560544257
2014-03-20 00:00:00,0.9874339560544257
2014-03-21 00:00:00,0.9874339560544257
2014-03-24 00:00:00,0.9874339560544257
2014-03-25 00:00:00,0.9874339560544257
2014-03-26 00:00:00,0.9874339560544257
2014-03-27 00:00:00,0.9874339560544257
2014-03-28 00:00:00,0.9874339560544257
2014-03-31 00:00:00,0.9874339560544257
2014-04-01 00:00:00,0.9874339560544257
2014-04-02 00:00:00,0.9882961075704989
2014-04-03 00:00:00,0.9887887655796838
2014-04-04 00:00:00,0.9885424365750914
2014-04-07 00:00:00,0.9874339560544257
2014-04-08 00:00:00,1.000119899790932
2014-04-09 00:00:00,1.0107120469884032
2014-04-10 00:00:00,1.0018442028230783
2014-04-11 00:00:00,1.0028295188414478
2014-04-14 00:00:00,1.0035685058552248
2014-04-15 00:00:00,0.9965481292243428
2014-04-16 00:00:00,1.0081255924401835
2014-04-17 00:00:00,1.0054159733896675
2014-04-21 00:00:00,1.0072634409241104
2014-04-22 00:00:00,1.0073373396254879
2014-04-23 00:00:00,1.0012283803115976
2014-04-24 00:00:00,1.0025831898368556
2014-04-25 00:00:00,0.9892814235888685
2014-04-28 00:00:00,0.9950701551967889
2014-04-29 00:00:00,0.9982724322564893
2014-04-30 00:00:00,0.9913752201279034
2014-05-01 00:00:00,0.9920539550671572
2014-05-02 00:00:00,0.9920539550671572
2014-05-05 00:00:00,0.9920539550671572
2014-05-06 00:00:00,0.9920539550671572
2014-05-07 00:00:00,0.9920539550671572
2014-05-08 00:00:00,0.9920539550671572
2014-05-09 00:00:00,0.9920539550671572
2014-05-12 00:00:00,0.9920539550671572
2014-05-13 00:00:00,0.9920539550671572
2014-05-14 00:00:00,0.9920539550671572
2014-05-15 00:00:00,0.9852092715559174
2014-05-16 00:00:00,0.9972618664344047
2014-05-19 00:00:00,1.0006842081900247
2014-05-20 00:00:00,0.9910123727937076
2014-05-21 00:00:00,0.9969642714991336
2014-05-22 00:00:00,1.0008330056576602
2014-05-23 00:00:00,0.998005853772583
2014-05-27 00:00:00,0.9884828158439019
2014-05-28 00:00:00,0.9993450309813038
2014-05-29 00:00:00,1.00425534741328
2014-05-30 00:00:00,0.9914587651966145
2014-06-02 00:00:00,0.9920539550671572
2014-06-03 00:00:00,0.9938395246787851
2014-06-04 00:00:00,0.9930955373406066
2014-06-05 00:00:00,0.9954762968227772
2014-06-06 00:00:00,1.0027673727369237
2014-06-09 00:00:00,1.000981803125296
2014-06-10 00:00:00,1.006784904363086
2014-06-11 00:00:00,1.003064967672195
2014-06-12 00:00:00,0.9969642714991336
2014-06-13 00:00:00,0.9848243622666375
2014-06-16 00:00:00,0.9848243622666375
2014-06-17 00:00:00,0.9848243622666375
2014-06-18 00:00:00,0.9848243622666375
2014-06-19 00:00:00,0.9848243622666375
2014-06-20 00:00:00,0.9848243622666375
2014-06-23 00:00:00,0.9848243622666375
2014-06-24 00:00:00,0.9848243622666375
2014-06-25 00:00:00,0.9848243622666375
2014-06-26 00:00:00,0.9848243622666375
2014-06-27 00:00:00,0.9848243622666375
2014-06-30 00:00:00,0.9848243622666375
2014-07-01 00:00:00,0.9848243622666375
2014-07-02 00:00:00,0.9848243622666375
2014-07-03 00:00:00,0.9873695149207167
2014-07-07 00:00:00,0.9759911854083626
2014-07-08 00:00:00,0.9687744296171976
2014-07-09 00:00:00,0.9687744296171976
2014-07-10 00:00:00,0.9687744296171976
2014-07-11 00:00:00,0.9687744296171976
2014-07-14 00:00:00,0.9687744296171976
2014-07-15 00:00:00,0.9687744296171976
2014-07-16 00:00:00,0.9687744296171976
2014-07-17 00:00:00,0.9687744296171976
2014-07-18 00:00:00,0.9687744296171976
2014-07-21 00:00:00,0.9687744296171976
2014-07-22 00:00:00,0.9687744296171976
2014-07-23 00:00:00,0.9687744296171976
2014-07-24 00:00:00,0.9687744296171976
2014-07-25 00:00:00,0.9687744296171976
2014-07-28 00:00:00,0.9687744296171976
2014-07-29 00:00:00,0.9694994516420571
2014-07-30 00:00:00,0.9767496718906514
2014-07-31 00:00:00,0.9584791168641933
2014-08-01 00:00:00,0.9658743415177599
2014-08-04 00:00:00,0.9658743415177599
2014-08-05 00:00:00,0.9518348269177825
2014-08-06 00:00:00,0.9518348269177825
2014-08-07 00:00:00,0.9518348269177825
2014-08-08 00:00:00,0.9518348269177825
2014-08-11 00:00:00,0.9518348269177825
2014-08-12 00:00:00,0.9518348269177825
2014-08-13 00:00:00,0.9518348269177825
2014-08-14 00:00:00,0.9518348269177825
2014-08-15 00:00:00,0.9518348269177825
2014-08-18 00:00:00,0.9518348269177825
2014-08-19 00:00:00,0.9518348269177825
2014-08-20 00:00:00,0.9518348269177825
2014-08-21 00:00:00,0.9518348269177825
2014-08-22 00:00:00,0.9518348269177825
2014-08-25 00:00:00,0.9518348269177825
2014-08-26 00:00:00,0.9518348269177825
2014-08-27 00:00:00,0.9518348269177825
2014-08-28 00:00:00,0.9518348269177825
2014-08-29 00:00:00,0.9518348269177825
2014-09-02 00:00:00,0.9518348269177825
2014-09-03 00:00:00,0.9518348269177825
2014-09-04 00:00:00,0.9518348269177825
2014-09-05 00:00:00,0.9518348269177825
2014-09-08 00:00:00,0.9518348269177825
2014-09-09 00:00:00,0.9518348269177825
2014-09-10 00:00:00,0.9518348269177825
2014-09-11 00:00:00,0.9518348269177825
2014-09-12 00:00:00,0.9518348269177825
2014-09-15 00:00:00,0.9518348269177825
2014-09-16 00:00:00,0.9518348269177825
2014-09-17 00:00:00,0.9518348269177825
2014-09-18 00:00:00,0.9518348269177825
2014-09-19 00:00:00,0.9518348269177825
2014-09-22 00:00:00,0.9518348269177825
2014-09-23 00:00:00,0.9518348269177825
2014-09-24 00:00:00,0.9518348269177825
2014-09-25 00:00:00,0.9518348269177825
2014-09-26 00:00:00,0.9518348269177825
2014-09-29 00:00:00,0.9518348269177825
2014-09-30 00:00:00,0.9518348269177825
2014-10-01 00:00:00,0.9518348269177825
2014-10-02 00:00:00,0.9518348269177825
2014-10-03 00:00:00,0.9518348269177825
2014-10-06 00:00:00,0.9518348269177825
2014-10-07 00:00:00,0.9518348269177825
2014-10-08 00:00:00,0.9518348269177825
2014-10-09 00:00:00,0.9518348269177825
2014-10-10 00:00:00,0.9518348269177825
2014-10-13 00:00:00,0.9518348269177825
2014-10-14 00:00:00,0.9518348269177825
2014-10-15 00:00:00,0.9518348269177825
2014-10-16 00:00:00,0.9518348269177825
2014-10-17 00:00:00,0.9518348269177825
2014-10-20 00:00:00,0.9518348269177825
2014-10-21 00:00:00,0.9518348269177825
2014-10-22 00:00:00,0.9518348269177825
2014-10-23 00:00:00,0.9518348269177825
2014-10-24 00:00:00,0.9518348269177825
2014-10-27 00:00:00,0.9518348269177825
2014-10-28 00:00:00,0.9518348269177825
2014-10-29 00:00:00,0.9518348269177825
2014-10-30 00:00:00,0.9518348269177825
2014-10-31 00:00:00,0.9518348269177825
2014-11-03 00:00:00,0.9518348269177825
2014-11-04 00:00:00,0.9518348269177825
2014-11-05 00:00:00,0.9518348269177825
2014-11-06 00:00:00,0.9518348269177825
2014-11-07 00:00:00,0.9518348269177825
2014-11-10 00:00:00,0.9518348269177825
2014-11-11 00:00:00,0.9518348269177825
2014-11-12 00:00:00,0.9518348269177825
2014-11-13 00:00:00,0.9518348269177825
2014-11-14 00:00:00,0.9518348269177825
2014-11-17 00:00:00,0.9518348269177825
2014-11-18 00:00:00,0.9518348269177825
2014-11-19 00:00:00,0.9518348269177825
2014-11-20 00:00:00,0.9518348269177825
2014-11-21 00:00:00,0.9518348269177825
2014-11-24 00:00:00,0.9518348269177825
2014-11-25 00:00:00,0.9518348269177825
2014-11-26 00:00:00,0.9518348269177825
2014-11-28 00:00:00,0.9518348269177825
2014-12-01 00:00:00,0.9518348269177825
2014-12-02 00:00:00,0.9518348269177825
2014-12-03 00:00:00,0.9518348269177825
2014-12-04 00:00:00,0.9518348269177825
2014-12-05 00:00:00,0.9518348269177825
2014-12-08 00:00:00,0.9518348269177825
2014-12-09 00:00:00,0.9518348269177825
2014-12-10 00:00:00,0.9518348269177825
2014-12-11 00:00:00,0.9518348269177825
2014-12-12 00:00:00,0.9518348269177825
2014-12-15 00:00:00,0.9518348269177825
2014-12-16 00:00:00,0.9518348269177825
2014-12-17 00:00:00,0.9518348269177825
2014-12-18 00:00:00,0.9518348269177825
2014-12-19 00:00:00,0.9518348269177825
2014-12-22 00:00:00,0.9518348269177825
2014-12-23 00:00:00,0.9518348269177825
2014-12-24 00:00:00,0.9518348269177825
2014-12-26 00:00:00,0.9518348269177825
2014-12-29 00:00:00,0.9518348269177825
2014-12-30 00:00:00,0.9518348269177825
2014-12-31 00:00:00,0.9518348269177825
2015-01-02 00:00:00,0.9518348269177825
2015-01-05 00:00:00,0.9518348269177825
2015-01-06 00:00:00,0.9518348269177825
2015-01-07 00:00:00,0.9518348269177825
2015-01-08 00:00:00,0.9518348269177825
2015-01-09 00:00:00,0.9518348269177825
2015-01-12 00:00:00,0.9518348269177825
2015-01-13 00:00:00,0.9518348269177825
2015-01-14 00:00:00,0.9518348269177825
2015-01-15 00:00:00,0.9518348269177825
2015-01-16 00:00:00,0.9518348269177825
2015-01-20 00:00:00,0.9518348269177825
2015-01-21 00:00:00,0.9518348269177825
2015-01-22 00:00:00,0.9518348269177825
2015-01-23 00:00:00,0.9518348269177825
2015-01-26 00:00:00,0.9518348269177825
2015-01-27 00:00:00,0.9518348269177825
2015-01-28 00:00:00,0.9518348269177825
2015-01-29 00:00:00,0.9518348269177825
2015-01-30 00:00:00,0.9518348269177825
2015-02-02 00:00:00,0.9518348269177825
2015-02-03 00:00:00,0.9518348269177825
2015-02-04 00:00:00,0.9518348269177825
2015-02-05 00:00:00,0.9518348269177825
2015-02-06 00:00:00,0.9518348269177825
2015-02-09 00:00:00,0.9518348269177825
2015-02-10 00:00:00,0.9518348269177825
2015-02-11 00:00:00,0.9518348269177825
2015-02-12 00:00:00,0.9518348269177825
2015-02-13 00:00:00,0.9518348269177825
2015-02-17 00:00:00,0.9518348269177825
2015-02-18 00:00:00,0.9518348269177825
2015-02-19 00:00:00,0.9518348269177825
2015-02-20 00:00:00,0.9518348269177825
2015-02-23 00:00:00,0.9518348269177825
2015-02-24 00:00:00,0.9518348269177825
2015-02-25 00:00:00,0.9518348269177825
2015-02-26 00:00:00,0.9518348269177825
2015-02-27 00:00:00,0.9518348269177825
2015-03-02 00:00:00,0.9518348269177825
2015-03-03 00:00:00,0.9518348269177825
2015-03-04 00:00:00,0.9518348269177825
2015-03-05 00:00:00,0.9518348269177825
2015-03-06 00:00:00,0.9518348269177825
2015-03-09 00:00:00,0.9518348269177825
2015-03-10 00:00:00,0.9518348269177825
2015-03-11 00:00:00,0.9518348269177825
2015-03-12 00:00:00,0.9518348269177825
2015-03-13 00:00:00,0.9518348269177825
2015-03-16 00:00:00,0.9518348269177825
2015-03-17 00:00:00,0.9518348269177825
2015-03-18 00:00:00,0.9518348269177825
2015-03-19 00:00:00,0.9518348269177825
2015-03-20 00:00:00,0.9518348269177825
2015-03-23 00:00:00,0.9518348269177825
2015-03-24 00:00:00,0.9518348269177825
2015-03-25 00:00:00,0.9518348269177825
2015-03-26 00:00:00,0.9518348269177825
2015-03-27 00:00:00,0.9518348269177825
2015-03-30 00:00:00,0.9518348269177825
2015-03-31 00:00:00,0.9518348269177825
2015-04-01 00:00:00,0.9518348269177825
2015-04-02 00:00:00,0.9518348269177825
2015-04-06 00:00:00,0.9518348269177825
2015-04-07 00:00:00,0.9518348269177825
2015-04-08 00:00:00,0.9518348269177825
2015-04-09 00:00:00,0.9518348269177825
2015-04-10 00:00:00,0.9518348269177825
2015-04-13 00:00:00,0.9485136401396645
2015-04-14 00:00:00,0.9635311803537636
2015-04-15 00:00:00,0.968729559658644
2015-04-16 00:00:00,0.9800453346969425
2015-04-17 00:00:00,0.9783287665680636
2015-04-20 00:00:00,0.9887712226854106
2015-04-21 00:00:00,0.98433675501914
2015-04-22 00:00:00,0.9912030275346561
2015-04-23 00:00:00,1.005507761941981
2015-04-24 00:00:00,1.00150243630793
2015-04-27 00:00:00,1.0017885309960763
2015-04-28 00:00:00,1.004363383189395
2015-04-29 00:00:00,0.9917752169109489
2015-04-30 00:00:00,0.9804744767291623
2015-05-01 00:00:00,0.980331429385089
2015-05-04 00:00:00,0.987769891276898
2015-05-05 00:00:00,0.9777565771917706
2015-05-06 00:00:00,0.9687445945151559
2015-05-07 00:00:00,0.9600945914183382
2015-05-08 00:00:00,0.9600945914183382
2015-05-11 00:00:00,0.9600945914183382
2015-05-12 00:00:00,0.9600945914183382
2015-05-13 00:00:00,0.9600945914183382
2015-05-14 00:00:00,0.9600945914183382
2015-05-15 00:00:00,0.9600945914183382
2015-05-18 00:00:00,0.9600945914183382
2015-05-19 00:00:00,0.9600945914183382
2015-05-20 00:00:00,0.9600945914183382
2015-05-21 00:00:00,0.9600945914183382
2015-05-22 00:00:00,0.9600945914183382
2015-05-26 00:00:00,0.9600945914183382
2015-05-27 00:00:00,0.9600945914183382
2015-05-28 00:00:00,0.9600945914183382
2015-05-29 00:00:00,0.9600945914183382
2015-06-01 00:00:00,0.9600945914183382
2015-06-02 00:00:00,0.9600945914183382
2015-06-03 00:00:00,0.9600945914183382
2015-06-04 00:00:00,0.9600945914183382
2015-06-05 00:00:00,0.9600945914183382
2015-06-08 00:00:00,0.9600945914183382
2015-06-09 00:00:00,0.9600945914183382
2015-06-10 00:00:00,0.9600945914183382
2015-06-11 00:00:00,0.9600945914183382
2015-06-12 00:00:00,0.9600945914183382
2015-06-15 00:00:00,0.9600945914183382
2015-06-16 00:00:00,0.9600945914183382
2015-06-17 00:00:00,0.9600945914183382
2015-06-18 00:00:00,0.9600945914183382
2015-06-19 00:00:00,0.9600945914183382
2015-06-22 00:00:00,0.9600945914183382
2015-06-23 00:00:00,0.9600945914183382
2015-06-24 00:00:00,0.9600945914183382
2015-06-25 00:00:00,0.9600945914183382
2015-06-26 00:00:00,0.9600945914183382
2015-06-29 00:00:00,0.9600945914183382
2015-06-30 00:00:00,0.9600945914183382
2015-07-01 00:00:00,0.9600945914183382
2015-07-02 00:00:00,0.9600945914183382
2015-07-06 00:00:00,0.9600945914183382
2015-07-07 00:00:00,0.9600945914183382
2015-07-08 00:00:00,0.9600945914183382
2015-07-09 00:00:00,0.9600945914183382
2015-07-10 00:00:00,0.9600945914183382
2015-07-13 00:00:00,0.9600945914183382
2015-07-14 00:00:00,0.9600945914183382
2015-07-15 00:00:00,0.9600945914183382
2015-07-16 00:00:00,0.9600945914183382
2015-07-17 00:00:00,0.9600945914183382
2015-07-20 00:00:00,0.9600945914183382
2015-07-21 00:00:00,0.9600945914183382
2015-07-22 00:00:00,0.9600945914183382
2015-07-23 00:00:00,0.9600945914183382
2015-07-24 00:00:00,0.9600945914183382
2015-07-27 00:00:00,0.9600945914183382
2015-07-28 00:00:00,0.9600945914183382
2015-07-29 00:00:00,0.9600945914183382
2015-07-30 00:00:00,0.9600945914183382
2015-07-31 00:00:00,0.9600945914183382
2015-08-03 00:00:00,0.9600945914183382
2015-08-04 00:00:00,0.9600945914183382
2015-08-05 00:00:00,0.9600945914183382
2015-08-06 00:00:00,0.9600945914183382
2015-08-07 00:00:00,0.9600945914183382
2015-08-10 00:00:00,0.9600945914183382
2015-08-11 00:00:00,0.9600945914183382
2015-08-12 00:00:00,0.9600945914183382
2015-08-13 00:00:00,0.9600945914183382
2015-08-14 00:00:00,0.9600945914183382
2015-08-17 00:00:00,0.9600945914183382
2015-08-18 00:00:00,0.9600945914183382
2015-08-19 00:00:00,0.9600945914183382
2015-08-20 00:00:00,0.9600945914183382
2015-08-21 00:00:00,0.9600945914183382
2015-08-24 00:00:00,0.9600945914183382
2015-08-25 00:00:00,0.9600945914183382
2015-08-26 00:00:00,0.9600945914183382
2015-08-27 00:00:00,0.9600945914183382
2015-08-28 00:00:00,0.9600945914183382
2015-08-31 00:00:00,0.9600945914183382
2015-09-01 00:00:00,0.9600945914183382
2015-09-02 00:00:00,0.9600945914183382
2015-09-03 00:00:00,0.9600945914183382
2015-09-04 00:00:00,0.9600945914183382
2015-09-08 00:00:00,0.9600945914183382
2015-09-09 00:00:00,0.9600945914183382
2015-09-10 00:00:00,0.9600945914183382
2015-09-11 00:00:00,0.9600945914183382
2015-09-14 00:00:00,0.9600945914183382
2015-09-15 00:00:00,0.9600945914183382
2015-09-16 00:00:00,0.9600945914183382
2015-09-17 00:00:00,0.9600945914183382
2015-09-18 00:00:00,0.9600945914183382
2015-09-21 00:00:00,0.9600945914183382
2015-09-22 00:00:00,0.9600945914183382
2015-09-23 00:00:00,0.9600945914183382
2015-09-24 00:00:00,0.9600945914183382
2015-09-25 00:00:00,0.9600945914183382
2015-09-28 00:00:00,0.9600945914183382
2015-09-29 00:00:00,0.9600945914183382
2015-09-30 00:00:00,0.9600945914183382
2015-10-01 00:00:00,0.9600945914183382
2015-10-02 00:00:00,0.9600945914183382
2015-10-05 00:00:00,0.9600945914183382
2015-10-06 00:00:00,0.9600945914183382
2015-10-07 00:00:00,0.9600945914183382
2015-10-08 00:00:00,0.9600945914183382
2015-10-09 00:00:00,0.9600945914183382
2015-10-12 00:00:00,0.9600945914183382
2015-10-13 00:00:00,0.9600945914183382
2015-10-14 00:00:00,0.9600945914183382
2015-10-15 00:00:00,0.9600945914183382
2015-10-16 00:00:00,0.9600945914183382
2015-10-19 00:00:00,0.9600945914183382
2015-10-20 00:00:00,0.9600945914183382
2015-10-21 00:00:00,0.9600945914183382
2015-10-22 00:00:00,0.9600945914183382
2015-10-23 00:00:00,0.9600945914183382
2015-10-26 00:00:00,0.9600945914183382
2015-10-27 00:00:00,0.9600945914183382
2015-10-28 00:00:00,0.9600945914183382
2015-10-29 00:00:00,0.9600945914183382
2015-10-30 00:00:00,0.9600945914183382
2015-11-02 00:00:00,0.9600945914183382
2015-11-03 00:00:00,0.9684274037850163
2015-11-04 00:00:00,0.958477777078535
2015-11-05 00:00:00,0.957980295743211
2015-11-06 00:00:00,0.9406169954339348
2015-11-09 00:00:00,0.9406169954339348
2015-11-10 00:00:00,0.9406169954339348
2015-11-11 00:00:00,0.9406169954339348
2015-11-12 00:00:00,0.9406169954339348
2015-11-13 00:00:00,0.9406169954339348
2015-11-16 00:00:00,0.9406169954339348
2015-11-17 00:00:00,0.9406169954339348
2015-11-18 00:00:00,0.9406169954339348
2015-11-19 00:00:00,0.9406169954339348
2015-11-20 00:00:00,0.9406169954339348
2015-11-23 00:00:00,0.9406169954339348
2015-11-24 00:00:00,0.9406169954339348
2015-11-25 00:00:00,0.9406169954339348
2015-11-27 00:00:00,0.9406169954339348
2015-11-30 00:00:00,0.9406169954339348
2015-12-01 00:00:00,0.9406169954339348
2015-12-02 00:00:00,0.9406169954339348
2015-12-03 00:00:00,0.9406169954339348
2015-12-04 00:00:00,0.9406169954339348
2015-12-07 00:00:00,0.9406169954339348
2015-12-08 00:00:00,0.9406169954339348
2015-12-09 00:00:00,0.9406169954339348
2015-12-10 00:00:00,0.9406169954339348
2015-12-11 00:00:00,0.9406169954339348
2015-12-14 00:00:00,0.9406169954339348
2015-12-15 00:00:00,0.9406169954339348
2015-12-16 00:00:00,0.9406169954339348
2015-12-17 00:00:00,0.9406169954339348
2015-12-18 00:00:00,0.9406169954339348
2015-12-21 00:00:00,0.9406169954339348
2015-12-22 00:00:00,0.9406169954339348
2015-12-23 00:00:00,0.9406169954339348
2015-12-24 00:00:00,0.9406169954339348
2015-12-28 00:00:00,0.9406169954339348
2015-12-29 00:00:00,0.9406169954339348
2015-12-30 00:00:00,0.9406169954339348
2015-12-31 00:00:00,0.9406169954339348
2016-01-04 00:00:00,0.9406169954339348
2016-01-05 00:00:00,0.9406169954339348
2016-01-06 00:00:00,0.9406169954339348
2016-01-07 00:00:00,0.9406169954339348
2016-01-08 00:00:00,0.9406169954339348
2016-01-11 00:00:00,0.9406169954339348
2016-01-12 00:00:00,0.9406169954339348
2016-01-13 00:00:00,0.9406169954339348
2016-01-14 00:00:00,0.9406169954339348
2016-01-15 00:00:00,0.9406169954339348
2016-01-19 00:00:00,0.9406169954339348
2016-01-20 00:00:00,0.9406169954339348
2016-01-21 00:00:00,0.9406169954339348
2016-01-22 00:00:00,0.9406169954339348
2016-01-25 00:00:00,0.9406169954339348
2016-01-26 00:00:00,0.9406169954339348
2016-01-27 00:00:00,0.9406169954339348
2016-01-28 00:00:00,0.9406169954339348
2016-01-29 00:00:00,0.9406169954339348
2016-02-01 00:00:00,0.9406169954339348
2016-02-02 00:00:00,0.9406169954339348
2016-02-03 00:00:00,0.9406169954339348
2016-02-04 00:00:00,0.9406169954339348
2016-02-05 00:00:00,0.9406169954339348
2016-02-08 00:00:00,0.9406169954339348
2016-02-09 00:00:00,0.9406169954339348
2016-02-10 00:00:00,0.9406169954339348
2016-02-11 00:00:00,0.9406169954339348
2016-02-12 00:00:00,0.9406169954339348
2016-02-16 00:00:00,0.9406169954339348
2016-02-17 00:00:00,0.9406169954339348
2016-02-18 00:00:00,0.9406169954339348
2016-02-19 00:00:00,0.9406169954339348
2016-02-22 00:00:00,0.9406169954339348
2016-02-23 00:00:00,0.9406169954339348
2016-02-24 00:00:00,0.9406169954339348
2016-02-25 00:00:00,0.9406169954339348
2016-02-26 00:00:00,0.9406169954339348
2016-02-29 00:00:00,0.9406169954339348
2016-03-01 00:00:00,0.9406169954339348
2016-03-02 00:00:00,0.9406169954339348
2016-03-03 00:00:00,0.9406169954339348
2016-03-04 00:00:00,0.9406169954339348
2016-03-07 00:00:00,0.9406169954339348
2016-03-08 00:00:00,0.9406169954339348
2016-03-09 00:00:00,0.9406169954339348
2016-03-10 00:00:00,0.9406169954339348
2016-03-11 00:00:00,0.9406169954339348
2016-03-14 00:00:00,0.9406169954339348
2016-03-15 00:00:00,0.9406169954339348
2016-03-16 00:00:00,0.9406169954339348
2016-03-17 00:00:00,0.9406169954339348
2016-03-18 00:00:00,0.9412607405727682
2016-03-21 00:00:00,0.9407242862904072
2016-03-22 00:00:00,0.9441575936975187
2016-03-23 00:00:00,0.9350378708973784
2016-03-24 00:00:00,0.9350378708973784
2016-03-28 00:00:00,0.935252452610323
2016-03-29 00:00:00,0.9472690285352137
2016-03-30 00:00:00,0.9535991890670756
2016-03-31 00:00:00,0.9485565188128805
2016-04-01 00:00:00,0.9404024137209904
2016-04-04 00:00:00,0.9364326520315176
2016-04-05 00:00:00,0.9260254389537105
2016-04-06 00:00:00,0.9357889068926842
2016-04-07 00:00:00,0.9272056383749051
2016-04-08 00:00:00,0.9338576714761839
2016-04-11 00:00:00,0.9394367960127402
2016-04-12 00:00:00,0.94469404797988
2016-04-13 00:00:00,0.9511314993682142
2016-04-14 00:00:00,0.9498440090905473
2016-04-15 00:00:00,0.9484492279564082
2016-04-18 00:00:00,0.9496205007783444
2016-04-19 00:00:00,0.9496205007783444
2016-04-20 00:00:00,0.950650006153482
2016-04-21 00:00:00,0.9467893609967157
2016-04-22 00:00:00,0.9399688878864286
2016-04-25 00:00:00,0.9372664362766921
2016-04-26 00:00:00,0.9425426513242727
2016-04-27 00:00:00,0.9431860921837338
2016-04-28 00:00:00,0.9390680706831831
2016-04-29 00:00:00,0.9303518229953592
2016-05-02 00:00:00,0.9303518229953592
2016-05-03 00:00:00,0.9303518229953592
2016-05-04 00:00:00,0.9303518229953592
2016-05-05 00:00:00,0.9303518229953592
2016-05-06 00:00:00,0.9303518229953592
2016-05-09 00:00:00,0.9303518229953592
2016-05-10 00:00:00,0.9303518229953592
2016-05-11 00:00:00,0.9303518229953592
2016-05-12 00:00:00,0.9303518229953592
2016-05-13 00:00:00,0.9303518229953592
2016-05-16 00:00:00,0.9303518229953592
2016-05-17 00:00:00,0.9303518229953592
2016-05-18 00:00:00,0.9303518229953592
2016-05-19 00:00:00,0.9303518229953592
2016-05-20 00:00:00,0.9303518229953592
2016-05-23 00:00:00,0.9303518229953592
2016-05-24 00:00:00,0.9303518229953592
2016-05-25 00:00:00,0.9303518229953592
2016-05-26 00:00:00,0.9303518229953592
2016-05-27 00:00:00,0.9303518229953592
2016-05-31 00:00:00,0.9303518229953592
2016-06-01 00:00:00,0.9303518229953592
2016-06-02 00:00:00,0.9303518229953592
2016-06-03 00:00:00,0.9303518229953592
2016-06-06 00:00:00,0.9303518229953592
2016-06-07 00:00:00,0.9303518229953592
2016-06-08 00:00:00,0.9303518229953592
2016-06-09 00:00:00,0.9303518229953592
2016-06-10 00:00:00,0.9303518229953592
2016-06-13 00:00:00,0.9303518229953592
2016-06-14 00:00:00,0.9303518229953592
2016-06-15 00:00:00,0.9303518229953592
2016-06-16 00:00:00,0.9303518229953592
2016-06-17 00:00:00,0.9303518229953592
2016-06-20 00:00:00,0.9303518229953592
2016-06-21 00:00:00,0.9303518229953592
2016-06-22 00:00:00,0.9303518229953592
2016-06-23 00:00:00,0.9303518229953592
2016-06-24 00:00:00,0.9303518229953592
2016-06-27 00:00:00,0.9303518229953592
2016-06-28 00:00:00,0.9303518229953592
2016-06-29 00:00:00,0.9303518229953592
2016-06-30 00:00:00,0.9303518229953592
2016-07-01 00:00:00,0.9303518229953592
2016-07-05 00:00:00,0.9303518229953592
2016-07-06 00:00:00,0.9303518229953592
2016-07-07 00:00:00,0.9303518229953592
2016-07-08 00:00:00,0.9303518229953592
2016-07-11 00:00:00,0.9303518229953592
2016-07-12 00:00:00,0.9303518229953592
2016-07-13 00:00:00,0.9303518229953592
2016-07-14 00:00:00,0.9303518229953592
2016-07-15 00:00:00,0.9301449068390115
2016-07-18 00:00:00,0.932420984558836
2016-07-19 00:00:00,0.9261100417902318
2016-07-20 00:00:00,0.9261100417902318
2016-07-21 00:00:00,0.9245581706176241
2016-07-22 00:00:00,0.9298345326044901
2016-07-25 00:00:00,0.9235235898358858
2016-07-26 00:00:00,0.9296276164481424
2016-07-27 00:00:00,0.9327313587933577
2016-07-28 00:00:00,0.9346970622786605
2016-07-29 00:00:00,0.9438013731579584
2016-08-01 00:00:00,0.9479396962849121
2016-08-02 00:00:00,0.9396630500310048
2016-08-03 00:00:00,0.935628184982225
2016-08-04 00:00:00,0.938318095014745
2016-08-05 00:00:00,0.9468016574249998
2016-08-08 00:00:00,0.9507330643956057
2016-08-09 00:00:00,0.9580374184400388
2016-08-10 00:00:00,0.9576267494149097
2016-08-11 00:00:00,0.9640496129679288
2016-08-12 00:00:00,0.9568054113646515
2016-08-15 00:00:00,0.9654294608923627
2016-08-16 00:00:00,0.9620072190162869
2016-08-17 00:00:00,0.9516036037130161
2016-08-18 00:00:00,0.962828557066545
2016-08-19 00:00:00,0.9573529700648236
2016-08-22 00:00:00,0.947360023786682
2016-08-23 00:00:00,0.9521511624131883
2016-08-24 00:00:00,0.951192934687887
2016-08-25 00:00:00,0.9529725004634465
2016-08-26 00:00:00,0.943116443860348
2016-08-29 00:00:00,0.9495502585873706
2016-08-30 00:00:00,0.9498240379374567
2016-08-31 00:00:00,0.9450328993109505
2016-09-01 00:00:00,0.9485920308620694
2016-09-02 00:00:00,0.9566685216896085
2016-09-06 00:00:00,0.9808979941722257
2016-09-07 00:00:00,0.9815824425474409
2016-09-08 00:00:00,0.9778464495361663
2016-09-09 00:00:00,0.9778464495361663
2016-09-12 00:00:00,0.9778464495361663
2016-09-13 00:00:00,0.9778464495361663
2016-09-14 00:00:00,0.9778464495361663
2016-09-15 00:00:00,0.9778464495361663
2016-09-16 00:00:00,0.9778464495361663
2016-09-19 00:00:00,0.9778464495361663
2016-09-20 00:00:00,0.9778464495361663
2016-09-21 00:00:00,0.9778464495361663
2016-09-22 00:00:00,0.9778464495361663
2016-09-23 00:00:00,0.9778464495361663
2016-09-26 00:00:00,0.9778464495361663
2016-09-27 00:00:00,0.9778464495361663
2016-09-28 00:00:00,0.9778464495361663
2016-09-29 00:00:00,0.9778464495361663
2016-09-30 00:00:00,0.9778464495361663
2016-10-03 00:00:00,0.9778464495361663
2016-10-04 00:00:00,0.9778464495361663
2016-10-05 00:00:00,0.9778464495361663
2016-10-06 00:00:00,0.9778464495361663
2016-10-07 00:00:00,0.9778464495361663
2016-10-10 00:00:00,0.9778464495361663
2016-10-11 00:00:00,0.9778464495361663
2016-10-12 00:00:00,0.9778464495361663
2016-10-13 00:00:00,0.9778464495361663
2016-10-14 00:00:00,0.9778464495361663
2016-10-17 00:00:00,0.9778464495361663
2016-10-18 00:00:00,0.9778464495361663
2016-10-19 00:00:00,0.9778464495361663
2016-10-20 00:00:00,0.9778464495361663
2016-10-21 00:00:00,0.9778464495361663
2016-10-24 00:00:00,0.9778464495361663
2016-10-25 00:00:00,0.9778464495361663
2016-10-26 00:00:00,0.9778464495361663
2016-10-27 00:00:00,0.9778464495361663
2016-10-28 00:00:00,0.9778464495361663
2016-10-31 00:00:00,0.9778464495361663
2016-11-01 00:00:00,0.9778464495361663
2016-11-02 00:00:00,0.9778464495361663
2016-11-03 00:00:00,0.9778464495361663
2016-11-04 00:00:00,0.9778464495361663
2016-11-07 00:00:00,0.9778464495361663
2016-11-08 00:00:00,0.9778464495361663
2016-11-09 00:00:00,0.9778464495361663
2016-11-10 00:00:00,0.9778464495361663
2016-11-11 00:00:00,0.9778464495361663
2016-11-14 00:00:00,0.9778464495361663
2016-11-15 00:00:00,0.9778464495361663
2016-11-16 00:00:00,0.9778464495361663
2016-11-17 00:00:00,0.9778464495361663
2016-11-18 00:00:00,0.9778464495361663
2016-11-21 00:00:00,0.9778464495361663
2016-11-22 00:00:00,0.9778464495361663
2016-11-23 00:00:00,0.9778464495361663
2016-11-25 00:00:00,0.9778464495361663
2016-11-28 00:00:00,0.9778464495361663
2016-11-29 00:00:00,0.9778464495361663
2016-11-30 00:00:00,0.9778464495361663
2016-12-01 00:00:00,0.9778464495361663
2016-12-02 00:00:00,0.9778464495361663
2016-12-05 00:00:00,0.9778464495361663
2016-12-06 00:00:00,0.9778464495361663
2016-12-07 00:00:00,0.9778464495361663
2016-12-08 00:00:00,0.9778464495361663
2016-12-09 00:00:00,0.9778464495361663
2016-12-12 00:00:00,0.9778464495361663
2016-12-13 00:00:00,0.9778464495361663
2016-12-14 00:00:00,0.9778464495361663
2016-12-15 00:00:00,0.9778464495361663
2016-12-16 00:00:00,0.9778464495361663
2016-12-19 00:00:00,0.9778464495361663
2016-12-20 00:00:00,0.9778464495361663
2016-12-21 00:00:00,0.9778464495361663
2016-12-22 00:00:00,0.9778464495361663
2016-12-23 00:00:00,0.9778464495361663
2016-12-27 00:00:00,0.9778464495361663
2016-12-28 00:00:00,0.9778464495361663
2016-12-29 00:00:00,0.9778464495361663
2016-12-30 00:00:00,0.9778464495361663
2017-01-03 00:00:00,0.9778464495361663
2017-01-04 00:00:00,0.9778464495361663
2017-01-05 00:00:00,0.9778464495361663
2017-01-06 00:00:00,0.9778464495361663
2017-01-09 00:00:00,0.9778464495361663
2017-01-10 00:00:00,0.9778464495361663
2017-01-11 00:00:00,0.9778464495361663
2017-01-12 00:00:00,0.9778464495361663
2017-01-13 00:00:00,0.9778464495361663
2017-01-17 00:00:00,0.9778464495361663
2017-01-18 00:00:00,0.9724399185148846
2017-01-19 00:00:00,0.970801575781163
2017-01-20 00:00:00,0.970801575781163
2017-01-23 00:00:00,0.9839083176509366
2017-01-24 00:00:00,0.9835806491041921
2017-01-25 00:00:00,0.9937383740532665
2017-01-26 00:00:00,0.990297854312451
2017-01-27 00:00:00,0.9878403402118684
2017-01-30 00:00:00,0.986529666024891
2017-01-31 00:00:00,0.9989810708011757
2017-02-01 00:00:00,0.99930873934792
2017-02-02 00:00:00,1.0082764376689284
2017-02-03 00:00:00,1.0105063787525785
2017-02-06 00:00:00,1.008791039457463
2017-02-07 00:00:00,0.9988420715457927
2017-02-08 00:00:00,0.9950683250965385
2017-02-09 00:00:00,0.9960975286736079
2017-02-10 00:00:00,0.9969551983211656
2017-02-13 00:00:00,0.9962690626031194
2017-02-14 00:00:00,0.9972982661801888
2017-02-15 00:00:00,1.0086195055279514
2017-02-16 00:00:00,0.9974698001097003
2017-02-17 00:00:00,0.9943821893784923
2017-02-21 00:00:00,1.0132509216247636
2017-02-22 00:00:00,1.0154808627084138
2017-02-23 00:00:00,1.0209699484527834
2017-02-24 00:00:00,1.0132509216247636
2017-02-27 00:00:00,1.0063895644443013
2017-02-28 00:00:00,1.0045026912196742
2017-03-01 00:00:00,1.0111925144706249
2017-03-02 00:00:00,0.9976413340392117
2017-03-03 00:00:00,0.9885303829425369
2017-03-06 00:00:00,0.9885303829425369
2017-03-07 00:00:00,0.9885303829425369
2017-03-08 00:00:00,0.9885303829425369
2017-03-09 00:00:00,0.9885303829425369
2017-03-10 00:00:00,0.9885303829425369
2017-03-13 00:00:00,0.9885303829425369
2017-03-14 00:00:00,0.9885303829425369
2017-03-15 00:00:00,0.9885303829425369
2017-03-16 00:00:00,0.9863859401213116
2017-03-17 00:00:00,0.9882444572330402
2017-03-20 00:00:00,1.0016743878080994
2017-03-21 00:00:00,0.9959644513894507
2017-03-22 00:00:00,1.0033985198363644
2017-03-23 00:00:00,0.999538522758159
2017-03-24 00:00:00,1.0051140740933444
2017-03-27 00:00:00,1.0046851855290995
2017-03-28 00:00:00,1.004113334110106
2017-03-29 00:00:00,1.0056859255123378
2017-03-30 00:00:00,1.0005392627413976
2017-03-31 00:00:00,0.9965363028084439
2017-04-03 00:00:00,0.9993955599034109
2017-04-04 00:00:00,0.9913896400375037
2017-04-05 00:00:00,0.9846703858643316
2017-04-06 00:00:00,0.9819540916241133
2017-04-07 00:00:00,0.9748059488866961
2017-04-10 00:00:00,0.9670212783347976
2017-04-11 00:00:00,0.9670212783347976
2017-04-12 00:00:00,0.9670212783347976
2017-04-13 00:00:00,0.9670212783347976
2017-04-17 00:00:00,0.9670212783347976
2017-04-18 00:00:00,0.9670212783347976
2017-04-19 00:00:00,0.9670212783347976
2017-04-20 00:00:00,0.9670212783347976
2017-04-21 00:00:00,0.9670212783347976
2017-04-24 00:00:00,0.9670212783347976
2017-04-25 00:00:00,0.9670212783347976
2017-04-26 00:00:00,0.9670212783347976
2017-04-27 00:00:00,0.9670212783347976
2017-04-28 00:00:00,0.9670212783347976
2017-05-01 00:00:00,0.9670212783347976
2017-05-02 00:00:00,0.9670212783347976
2017-05-03 00:00:00,0.9647184811963594
2017-05-04 00:00:00,0.9673283179532558
2017-05-05 00:00:00,0.9734691103224243
2017-05-08 00:00:00,1.00040882785389
2017-05-09 00:00:00,1.006829373146476
2017-05-10 00:00:00,0.9970589781360191
2017-05-11 00:00:00,1.0117145706517041
2017-05-12 00:00:00,1.0101792228643465
2017-05-15 00:00:00,1.0189725783737578
2017-05-16 00:00:00,1.0199496178748035
2017-05-17 00:00:00,1.0036191005001829
2017-05-18 00:00:00,1.0044565629296505
2017-05-19 00:00:00,1.0226015822347845
2017-05-22 00:00:00,1.026788894382123
2017-05-23 00:00:00,1.0230203134495184
2017-05-24 00:00:00,1.0288825504557924
2017-05-25 00:00:00,1.0352183445505163
2017-05-26 00:00:00,1.0383072978846948
2017-05-30 00:00:00,1.0248282287900976
2017-05-31 00:00:00,1.0281979960637468
2017-06-01 00:00:00,1.0284788100032176
2017-06-02 00:00:00,1.0413962512188735
2017-06-05 00:00:00,1.039149739703107
2017-06-06 00:00:00,1.039149739703107
2017-06-07 00:00:00,1.0296020657611007
2017-06-08 00:00:00,1.0362011933386641
2017-06-09 00:00:00,1.0312869493979255
2017-06-12 00:00:00,1.021318054546713
2017-06-13 00:00:00,1.0340950887926332
2017-06-14 00:00:00,1.0395709606123134
2017-06-15 00:00:00,1.0237049730322145
2017-06-16 00:00:00,1.0218796824256544
2017-06-19 00:00:00,1.02749596121507
2017-06-20 00:00:00,1.0164038106059743
2017-06-21 00:00:00,1.014130835120492
2017-06-22 00:00:00,1.014130835120492
2017-06-23 00:00:00,1.014130835120492
2017-06-26 00:00:00,1.014130835120492
2017-06-27 00:00:00,1.014130835120492
2017-06-28 00:00:00,1.014130835120492
2017-06-29 00:00:00,1.014130835120492
2017-06-30 00:00:00,1.014130835120492
2017-07-03 00:00:00,1.014130835120492
2017-07-05 00:00:00,1.014130835120492
2017-07-06 00:00:00,1.014130835120492
2017-07-07 00:00:00,1.014130835120492
2017-07-10 00:00:00,1.014130835120492
2017-07-11 00:00:00,1.014130835120492
2017-07-12 00:00:00,1.014130835120492
2017-07-13 00:00:00,1.014130835120492
2017-07-14 00:00:00,1.021674076920845
2017-07-17 00:00:00,1.0157265208859514
2017-07-18 00:00:00,1.0221092639477882
2017-07-19 00:00:00,1.0257358225056499
2017-07-20 00:00:00,1.0292173187211977
2017-07-21 00:00:00,1.0366154981792357
2017-07-24 00:00:00,1.039371682683211
2017-07-25 00:00:00,1.0325537525944304
2017-07-26 00:00:00,1.0382111839446948
2017-07-27 00:00:00,1.0297975680904554
2017-07-28 00:00:00,1.0102141518780015
2017-07-31 00:00:00,1.0110845259318881
2017-08-01 00:00:00,1.0190629547591843
2017-08-02 00:00:00,1.017177144309096
2017-08-03 00:00:00,0.9937308502256471
2017-08-04 00:00:00,0.9937308502256471
2017-08-07 00:00:00,0.9937308502256471
2017-08-08 00:00:00,0.9937308502256471
2017-08-09 00:00:00,0.9937308502256471
2017-08-10 00:00:00,0.9937308502256471
2017-08-11 00:00:00,0.9937308502256471
2017-08-14 00:00:00,0.9937308502256471
2017-08-15 00:00:00,0.9937308502256471
2017-08-16 00:00:00,0.9937308502256471
2017-08-17 00:00:00,0.9937308502256471
2017-08-18 00:00:00,0.9937308502256471
2017-08-21 00:00:00,0.9937308502256471
2017-08-22 00:00:00,0.9937308502256471
2017-08-23 00:00:00,0.9937308502256471
2017-08-24 00:00:00,0.9937308502256471
2017-08-25 00:00:00,0.9937308502256471
2017-08-28 00:00:00,0.9937308502256471
2017-08-29 00:00:00,0.9937308502256471
2017-08-30 00:00:00,0.9937308502256471
2017-08-31 00:00:00,0.9937308502256471
2017-09-01 00:00:00,0.9937308502256471
2017-09-05 00:00:00,0.9937308502256471
2017-09-06 00:00:00,0.9937308502256471
2017-09-07 00:00:00,0.9937308502256471
2017-09-08 00:00:00,0.9937308502256471
2017-09-11 00:00:00,0.9937308502256471
2017-09-12 00:00:00,0.9937308502256471
2017-09-13 00:00:00,0.9937308502256471
2017-09-14 00:00:00,0.9937308502256471
2017-09-15 00:00:00,0.9937308502256471
2017-09-18 00:00:00,0.9937308502256471
2017-09-19 00:00:00,0.9937308502256471
2017-09-20 00:00:00,0.9937308502256471
2017-09-21 00:00:00,0.9937308502256471
2017-09-22 00:00:00,0.9937308502256471
2017-09-25 00:00:00,0.9937308502256471
2017-09-26 00:00:00,0.9937308502256471
2017-09-27 00:00:00,0.9937308502256471
2017-09-28 00:00:00,0.9937308502256471
2017-09-29 00:00:00,0.9937308502256471
2017-10-02 00:00:00,0.9937308502256471
2017-10-03 00:00:00,0.9937308502256471
2017-10-04 00:00:00,0.9937308502256471
2017-10-05 00:00:00,0.9937308502256471
2017-10-06 00:00:00,0.9937308502256471
2017-10-09 00:00:00,0.9937308502256471
2017-10-10 00:00:00,0.9937308502256471
2017-10-11 00:00:00,0.9937308502256471
2017-10-12 00:00:00,0.9934556928533015
2017-10-13 00:00:00,1.0021231500821837
2017-10-16 00:00:00,0.9955193731458926
2017-10-17 00:00:00,0.9953817944597199
2017-10-18 00:00:00,0.9977206321246562
2017-10-19 00:00:00,0.9909792765021924
2017-10-20 00:00:00,0.9985461042416928
2017-10-23 00:00:00,0.9955193731458926
2017-10-24 00:00:00,1.0004722058481108
2017-10-25 00:00:00,1.0000594697895928
2017-10-26 00:00:00,0.9953817944597199
2017-10-27 00:00:00,1.0114785007419296
2017-10-30 00:00:00,1.006112931981193
2017-10-31 00:00:00,1.0264898212531854
2017-11-01 00:00:00,1.0270287317775344
2017-11-02 00:00:00,1.0221785370583958
2017-11-03 00:00:00,1.0211007160096985
2017-11-06 00:00:00,1.0228521752138318
2017-11-07 00:00:00,1.0101877778916375
2017-11-08 00:00:00,1.0209659883786113
2017-11-09 00:00:00,1.003444983302039
2017-11-10 00:00:00,1.003444983302039
2017-11-13 00:00:00,1.003444983302039
2017-11-14 00:00:00,1.003444983302039
2017-11-15 00:00:00,1.003444983302039
2017-11-16 00:00:00,1.003444983302039
2017-11-17 00:00:00,1.0036830694086722
2017-11-20 00:00:00,1.0049925429951567
2017-11-21 00:00:00,1.0141588581005476
2017-11-22 00:00:00,1.0178491927533673
2017-11-24 00:00:00,1.0177301497000506
2017-11-27 00:00:00,0.9952310126231823
2017-11-28 00:00:00,1.0086828776479764
2017-11-29 00:00:00,1.0024926388755047
2017-11-30 00:00:00,0.9909454627037787
2017-12-01 00:00:00,0.9899931182772445
2017-12-04 00:00:00,0.9932072807167972
2017-12-05 00:00:00,0.996302400103033
2017-12-06 00:00:00,0.9811782182652448
2017-12-07 00:00:00,0.9811782182652448
2017-12-08 00:00:00,0.9811782182652448
2017-12-11 00:00:00,0.9811782182652448
2017-12-12 00:00:00,0.9811782182652448
2017-12-13 00:00:00,0.9811782182652448
2017-12-14 00:00:00,0.9811782182652448
2017-12-15 00:00:00,0.9811782182652448
2017-12-18 00:00:00,0.9811782182652448
2017-12-19 00:00:00,0.9811782182652448
2017-12-20 00:00:00,0.9811782182652448
2017-12-21 00:00:00,0.9811782182652448
2017-12-22 00:00:00,0.9811782182652448
2017-12-26 00:00:00,0.9811782182652448
2017-12-27 00:00:00,0.9811782182652448
2017-12-28 00:00:00,0.9811782182652448
2017-12-29 00:00:00,0.9811782182652448
2018-01-02 00:00:00,0.9811782182652448
2018-01-03 00:00:00,0.9811782182652448
2018-01-04 00:00:00,0.9811782182652448
2018-01-05 00:00:00,0.9811782182652448
2018-01-08 00:00:00,0.9811782182652448
2018-01-09 00:00:00,0.9811782182652448
2018-01-10 00:00:00,0.9811782182652448
2018-01-11 00:00:00,0.9811782182652448
2018-01-12 00:00:00,0.9811782182652448
2018-01-16 00:00:00,0.9746231146804305
2018-01-17 00:00:00,0.9789137279359453
2018-01-18 00:00:00,0.9720010732465048
2018-01-19 00:00:00,0.9766492376066459
2018-01-22 00:00:00,0.9600681150072281
2018-01-23 00:00:00,0.9600681150072281
2018-01-24 00:00:00,0.9600681150072281
2018-01-25 00:00:00,0.9600681150072281
2018-01-26 00:00:00,0.9626462159457582
2018-01-29 00:00:00,0.9580504707944655
2018-01-30 00:00:00,0.947177610314578
2018-01-31 00:00:00,0.9536789083334798
2018-02-01 00:00:00,0.9405133959506217
2018-02-02 00:00:00,0.9405133959506217
2018-02-05 00:00:00,0.9405133959506217
2018-02-06 00:00:00,0.9405133959506217
2018-02-07 00:00:00,0.9405133959506217
2018-02-08 00:00:00,0.9405133959506217
2018-02-09 00:00:00,0.9405133959506217
2018-02-12 00:00:00,0.9405133959506217
2018-02-13 00:00:00,0.9405133959506217
2018-02-14 00:00:00,0.9405133959506217
2018-02-15 00:00:00,0.9405133959506217
2018-02-16 00:00:00,0.9405133959506217
2018-02-20 00:00:00,0.9405133959506217
2018-02-21 00:00:00,0.9405133959506217
2018-02-22 00:00:00,0.9405133959506217
2018-02-23 00:00:00,0.9405133959506217
2018-02-26 00:00:00,0.9405133959506217
2018-02-27 00:00:00,0.9405133959506217
2018-02-28 00:00:00,0.9405133959506217
2018-03-01 00:00:00,0.9405133959506217
2018-03-02 00:00:00,0.9405133959506217
2018-03-05 00:00:00,0.9405133959506217
2018-03-06 00:00:00,0.9405133959506217
2018-03-07 00:00:00,0.9405133959506217
2018-03-08 00:00:00,0.9405133959506217
2018-03-09 00:00:00,0.9405133959506217
2018-03-12 00:00:00,0.9405133959506217
2018-03-13 00:00:00,0.9405133959506217
2018-03-14 00:00:00,0.9405133959506217
2018-03-15 00:00:00,0.9405133959506217
2018-03-16 00:00:00,0.9405133959506217
2018-03-19 00:00:00,0.9405133959506217
2018-03-20 00:00:00,0.9405133959506217
2018-03-21 00:00:00,0.9405133959506217
2018-03-22 00:00:00,0.9405133959506217
2018-03-23 00:00:00,0.9405133959506217
2018-03-26 00:00:00,0.9405133959506217
2018-03-27 00:00:00,0.9405133959506217
2018-03-28 00:00:00,0.9405133959506217
2018-03-29 00:00:00,0.9405133959506217
2018-04-02 00:00:00,0.9405133959506217
2018-04-03 00:00:00,0.9405133959506217
2018-04-04 00:00:00,0.9405133959506217
2018-04-05 00:00:00,0.9405133959506217
2018-04-06 00:00:00,0.9405133959506217
2018-04-09 00:00:00,0.9405133959506217
2018-04-10 00:00:00,0.9405133959506217
2018-04-11 00:00:00,0.9405133959506217
2018-04-12 00:00:00,0.9405133959506217
2018-04-13 00:00:00,0.9405133959506217
2018-04-16 00:00:00,0.9405133959506217
2018-04-17 00:00:00,0.9405133959506217
2018-04-18 00:00:00,0.9405133959506217
2018-04-19 00:00:00,0.9405133959506217
2018-04-20 00:00:00,0.9405133959506217
2018-04-23 00:00:00,0.9405133959506217
2018-04-24 00:00:00,0.9405133959506217
2018-04-25 00:00:00,0.9405133959506217
2018-04-26 00:00:00,0.9405133959506217
2018-04-27 00:00:00,0.9405133959506217
2018-04-30 00:00:00,0.9405133959506217
2018-05-01 00:00:00,0.9405133959506217
2018-05-02 00:00:00,0.9405133959506217
2018-05-03 00:00:00,0.9405133959506217
2018-05-04 00:00:00,0.9405133959506217
2018-05-07 00:00:00,0.9405133959506217
2018-05-08 00:00:00,0.9405133959506217
2018-05-09 00:00:00,0.9405133959506217
2018-05-10 00:00:00,0.9405133959506217
2018-05-11 00:00:00,0.9405133959506217
2018-05-14 00:00:00,0.9405133959506217
2018-05-15 00:00:00,0.9405133959506217
2018-05-16 00:00:00,0.9405133959506217
2018-05-17 00:00:00,0.9405133959506217
2018-05-18 00:00:00,0.9405133959506217
2018-05-21 00:00:00,0.9405133959506217
2018-05-22 00:00:00,0.9405133959506217
2018-05-23 00:00:00,0.9405133959506217
2018-05-24 00:00:00,0.9405133959506217
2018-05-25 00:00:00,0.9405133959506217
2018-05-29 00:00:00,0.9405133959506217
2018-05-30 00:00:00,0.9405133959506217
2018-05-31 00:00:00,0.9405133959506217
2018-06-01 00:00:00,0.9405133959506217
2018-06-04 00:00:00,0.9405133959506217
2018-06-05 00:00:00,0.9405133959506217
2018-06-06 00:00:00,0.9405133959506217
2018-06-07 00:00:00,0.9405133959506217
2018-06-08 00:00:00,0.9405133959506217
2018-06-11 00:00:00,0.9405133959506217
2018-06-12 00:00:00,0.9405133959506217
2018-06-13 00:00:00,0.9405133959506217
2018-06-14 00:00:00,0.9405133959506217
2018-06-15 00:00:00,0.9405133959506217
2018-06-18 00:00:00,0.9405133959506217
2018-06-19 00:00:00,0.9405133959506217
2018-06-20 00:00:00,0.9405133959506217
2018-06-21 00:00:00,0.9405133959506217
2018-06-22 00:00:00,0.9405133959506217
2018-06-25 00:00:00,0.9405133959506217
2018-06-26 00:00:00,0.9405133959506217
2018-06-27 00:00:00,0.9405133959506217
2018-06-28 00:00:00,0.9405133959506217
2018-06-29 00:00:00,0.9405133959506217
2018-07-02 00:00:00,0.9405133959506217
2018-07-03 00:00:00,0.9405133959506217
2018-07-05 00:00:00,0.9405133959506217
2018-07-06 00:00:00,0.9405133959506217
2018-07-09 00:00:00,0.9405133959506217
2018-07-10 00:00:00,0.9405133959506217
2018-07-11 00:00:00,0.9405133959506217
2018-07-12 00:00:00,0.9405133959506217
2018-07-13 00:00:00,0.9405133959506217
2018-07-16 00:00:00,0.9405133959506217
2018-07-17 00:00:00,0.9405133959506217
2018-07-18 00:00:00,0.9405133959506217
2018-07-19 00:00:00,0.9405133959506217
2018-07-20 00:00:00,0.9405133959506217
2018-07-23 00:00:00,0.9405133959506217
2018-07-24 00:00:00,0.9405133959506217
2018-07-25 00:00:00,0.9405133959506217
2018-07-26 00:00:00,0.9405133959506217
2018-07-27 00:00:00,0.9405133959506217
2018-07-30 00:00:00,0.9405133959506217
2018-07-31 00:00:00,0.9405133959506217
2018-08-01 00:00:00,0.9405133959506217
2018-08-02 00:00:00,0.9405133959506217
2018-08-03 00:00:00,0.9405133959506217
2018-08-06 00:00:00,0.9405133959506217
2018-08-07 00:00:00,0.9405133959506217
2018-08-08 00:00:00,0.9405133959506217
2018-08-09 00:00:00,0.9405133959506217
2018-08-10 00:00:00,0.9405133959506217
2018-08-13 00:00:00,0.9405133959506217
2018-08-14 00:00:00,0.9405133959506217
2018-08-15 00:00:00,0.9405133959506217
2018-08-16 00:00:00,0.9405133959506217
2018-08-17 00:00:00,0.9405133959506217
2018-08-20 00:00:00,0.9405133959506217
2018-08-21 00:00:00,0.9405133959506217
2018-08-22 00:00:00,0.9405133959506217
2018-08-23 00:00:00,0.9405133959506217
2018-08-24 00:00:00,0.9405133959506217
2018-08-27 00:00:00,0.9405133959506217
2018-08-28 00:00:00,0.9405133959506217
2018-08-29 00:00:00,0.9405133959506217
2018-08-30 00:00:00,0.9405133959506217
2018-08-31 00:00:00,0.9405133959506217
2018-09-04 00:00:00,0.9405133959506217
2018-09-05 00:00:00,0.9405133959506217
2018-09-06 00:00:00,0.9405133959506217
2018-09-07 00:00:00,0.9405133959506217
2018-09-10 00:00:00,0.9405133959506217
2018-09-11 00:00:00,0.9405133959506217
2018-09-12 00:00:00,0.9405133959506217
2018-09-13 00:00:00,0.9405133959506217
2018-09-14 00:00:00,0.9405133959506217
2018-09-17 00:00:00,0.9405133959506217
2018-09-18 00:00:00,0.9405133959506217
2018-09-19 00:00:00,0.9405133959506217
2018-09-20 00:00:00,0.9405133959506217
2018-09-21 00:00:00,0.9405133959506217
2018-09-24 00:00:00,0.9405133959506217
2018-09-25 00:00:00,0.9405133959506217
2018-09-26 00:00:00,0.9405133959506217
2018-09-27 00:00:00,0.9405133959506217
2018-09-28 00:00:00,0.9405133959506217
2018-10-01 00:00:00,0.9405133959506217
2018-10-02 00:00:00,0.9405133959506217
2018-10-03 00:00:00,0.9405133959506217
2018-10-04 00:00:00,0.9405133959506217
2018-10-05 00:00:00,0.9405133959506217
2018-10-08 00:00:00,0.9405133959506217
2018-10-09 00:00:00,0.9405133959506217
2018-10-10 00:00:00,0.9405133959506217
2018-10-11 00:00:00,0.9405133959506217
2018-10-12 00:00:00,0.9405133959506217
2018-10-15 00:00:00,0.9405133959506217
2018-10-16 00:00:00,0.9405133959506217
2018-10-17 00:00:00,0.9405133959506217
2018-10-18 00:00:00,0.9405133959506217
2018-10-19 00:00:00,0.9405133959506217
2018-10-22 00:00:00,0.9405133959506217
2018-10-23 00:00:00,0.9405133959506217
2018-10-24 00:00:00,0.9405133959506217
2018-10-25 00:00:00,0.9405133959506217
2018-10-26 00:00:00,0.9405133959506217
2018-10-29 00:00:00,0.9405133959506217
2018-10-30 00:00:00,0.9405133959506217
2018-10-31 00:00:00,0.9405133959506217
2018-11-01 00:00:00,0.9405133959506217
2018-11-02 00:00:00,0.9405133959506217
2018-11-05 00:00:00,0.9405133959506217
2018-11-06 00:00:00,0.9405133959506217
2018-11-07 00:00:00,0.9405133959506217
2018-11-08 00:00:00,0.9405133959506217
2018-11-09 00:00:00,0.9405133959506217
2018-11-12 00:00:00,0.9405133959506217
2018-11-13 00:00:00,0.9405133959506217
2018-11-14 00:00:00,0.9405133959506217
2018-11-15 00:00:00,0.9405133959506217
2018-11-16 00:00:00,0.9405133959506217
2018-11-19 00:00:00,0.9405133959506217
2018-11-20 00:00:00,0.9405133959506217
2018-11-21 00:00:00,0.9405133959506217
2018-11-23 00:00:00,0.9405133959506217
2018-11-26 00:00:00,0.9405133959506217
2018-11-27 00:00:00,0.9405133959506217
2018-11-28 00:00:00,0.9405133959506217
2018-11-29 00:00:00,0.9405133959506217
2018-11-30 00:00:00,0.9405133959506217
2018-12-03 00:00:00,0.9405133959506217
2018-12-04 00:00:00,0.9405133959506217
2018-12-06 00:00:00,0.9405133959506217
2018-12-07 00:00:00,0.9405133959506217
2018-12-10 00:00:00,0.9405133959506217
2018-12-11 00:00:00,0.9405133959506217
2018-12-12 00:00:00,0.9405133959506217
2018-12-13 00:00:00,0.9405133959506217
2018-12-14 00:00:00,0.9405133959506217
2018-12-17 00:00:00,0.9405133959506217
2018-12-18 00:00:00,0.9405133959506217
2018-12-19 00:00:00,0.9405133959506217
2018-12-20 00:00:00,0.9405133959506217
2018-12-21 00:00:00,0.9405133959506217
2018-12-24 00:00:00,0.9405133959506217
2018-12-26 00:00:00,0.9405133959506217
2018-12-27 00:00:00,0.9405133959506217
2018-12-28 00:00:00,0.9405133959506217
2018-12-31 00:00:00,0.9405133959506217
2019-01-02 00:00:00,0.9405133959506217
2019-01-03 00:00:00,0.9405133959506217
2019-01-04 00:00:00,0.9405133959506217
2019-01-07 00:00:00,0.9405133959506217
2019-01-08 00:00:00,0.9405133959506217
2019-01-09 00:00:00,0.9405133959506217
2019-01-10 00:00:00,0.9405133959506217
2019-01-11 00:00:00,0.9405133959506217
2019-01-14 00:00:00,0.9405133959506217
2019-01-15 00:00:00,0.9405133959506217
2019-01-16 00:00:00,0.9405133959506217
2019-01-17 00:00:00,0.9405133959506217
2019-01-18 00:00:00,0.9405133959506217
2019-01-22 00:00:00,0.9405133959506217
2019-01-23 00:00:00,0.9405133959506217
2019-01-24 00:00:00,0.9405133959506217
2019-01-25 00:00:00,0.9405133959506217
2019-01-28 00:00:00,0.9405133959506217
2019-01-29 00:00:00,0.9405133959506217
2019-01-30 00:00:00,0.9405133959506217
2019-01-31 00:00:00,0.9405133959506217
2019-02-01 00:00:00,0.9405133959506217
2019-02-04 00:00:00,0.9405133959506217
2019-02-05 00:00:00,0.9405133959506217
2019-02-06 00:00:00,0.9405133959506217
2019-02-07 00:00:00,0.9405133959506217
2019-02-08 00:00:00,0.9405133959506217
2019-02-11 00:00:00,0.9405133959506217
2019-02-12 00:00:00,0.9405133959506217
2019-02-13 00:00:00,0.9405133959506217
2019-02-14 00:00:00,0.9405133959506217
2019-02-15 00:00:00,0.9405133959506217
2019-02-19 00:00:00,0.9405133959506217
2019-02-20 00:00:00,0.9405133959506217
2019-02-21 00:00:00,0.9405133959506217
2019-02-22 00:00:00,0.9405133959506217
2019-02-25 00:00:00,0.9405133959506217
2019-02-26 00:00:00,0.9405133959506217
2019-02-27 00:00:00,0.9405133959506217
2019-02-28 00:00:00,0.9405133959506217
2019-03-01 00:00:00,0.9405133959506217
2019-03-04 00:00:00,0.9405133959506217
2019-03-05 00:00:00,0.9405133959506217
2019-03-06 00:00:00,0.9405133959506217
2019-03-07 00:00:00,0.9405133959506217
2019-03-08 00:00:00,0.9405133959506217
2019-03-11 00:00:00,0.9405133959506217
2019-03-12 00:00:00,0.9405133959506217
2019-03-13 00:00:00,0.9405133959506217
2019-03-14 00:00:00,0.9405133959506217
2019-03-15 00:00:00,0.9405133959506217
2019-03-18 00:00:00,0.9405133959506217
2019-03-19 00:00:00,0.9405133959506217
2019-03-20 00:00:00,0.9405133959506217
2019-03-21 00:00:00,0.9405133959506217
2019-03-22 00:00:00,0.9405133959506217
2019-03-25 00:00:00,0.9405133959506217
2019-03-26 00:00:00,0.9405133959506217
2019-03-27 00:00:00,0.9405133959506217
2019-03-28 00:00:00,0.9405133959506217
2019-03-29 00:00:00,0.9405133959506217
2019-04-01 00:00:00,0.9405133959506217
2019-04-02 00:00:00,0.9405133959506217
2019-04-03 00:00:00,0.9405133959506217
2019-04-04 00:00:00,0.9405133959506217
2019-04-05 00:00:00,0.9405133959506217
2019-04-08 00:00:00,0.9405133959506217
2019-04-09 00:00:00,0.9405133959506217
2019-04-10 00:00:00,0.9405133959506217
2019-04-11 00:00:00,0.9405133959506217
2019-04-12 00:00:00,0.9405133959506217
2019-04-15 00:00:00,0.9405133959506217
2019-04-16 00:00:00,0.9405133959506217
2019-04-17 00:00:00,0.9405133959506217
2019-04-18 00:00:00,0.9405133959506217
2019-04-22 00:00:00,0.9405133959506217
2019-04-23 00:00:00,0.9405133959506217
2019-04-24 00:00:00,0.9405133959506217
2019-04-25 00:00:00,0.9405133959506217
2019-04-26 00:00:00,0.9405133959506217
2019-04-29 00:00:00,0.9405133959506217
2019-04-30 00:00:00,0.9405133959506217
2019-05-01 00:00:00,0.9405133959506217
2019-05-02 00:00:00,0.9405133959506217
2019-05-03 00:00:00,0.9405133959506217
2019-05-06 00:00:00,0.9405133959506217
2019-05-07 00:00:00,0.9405133959506217
2019-05-08 00:00:00,0.9405133959506217
2019-05-09 00:00:00,0.9405133959506217
2019-05-10 00:00:00,0.9405133959506217
2019-05-13 00:00:00,0.9405133959506217
2019-05-14 00:00:00,0.9405133959506217
2019-05-15 00:00:00,0.9405133959506217
2019-05-16 00:00:00,0.9405133959506217
2019-05-17 00:00:00,0.9405133959506217
2019-05-20 00:00:00,0.9405133959506217
2019-05-21 00:00:00,0.9405133959506217
2019-05-22 00:00:00,0.9405133959506217
2019-05-23 00:00:00,0.9405133959506217
2019-05-24 00:00:00,0.9405133959506217
2019-05-28 00:00:00,0.9405133959506217
2019-05-29 00:00:00,0.9405133959506217
2019-05-30 00:00:00,0.9405133959506217
2019-05-31 00:00:00,0.9405133959506217
2019-06-03 00:00:00,0.9405133959506217
2019-06-04 00:00:00,0.9405133959506217
2019-06-05 00:00:00,0.9405133959506217
2019-06-06 00:00:00,0.9405133959506217
2019-06-07 00:00:00,0.9405133959506217
2019-06-10 00:00:00,0.9405133959506217
2019-06-11 00:00:00,0.9405133959506217
2019-06-12 00:00:00,0.9405133959506217
2019-06-13 00:00:00,0.9405133959506217
2019-06-14 00:00:00,0.9405133959506217
2019-06-17 00:00:00,0.9405133959506217
2019-06-18 00:00:00,0.9405133959506217
2019-06-19 00:00:00,0.9405133959506217
2019-06-20 00:00:00,0.9405133959506217
2019-06-21 00:00:00,0.9405133959506217
2019-06-24 00:00:00,0.9405133959506217
2019-06-25 00:00:00,0.9405133959506217
2019-06-26 00:00:00,0.9405133959506217
2019-06-27 00:00:00,0.9405133959506217
2019-06-28 00:00:00,0.9405133959506217
2019-07-01 00:00:00,0.9405133959506217
2019-07-02 00:00:00,0.9405133959506217
2019-07-03 00:00:00,0.9405133959506217
2019-07-05 00:00:00,0.9405133959506217
2019-07-08 00:00:00,0.9405133959506217
2019-07-09 00:00:00,0.9405133959506217
2019-07-10 00:00:00,0.9405133959506217
2019-07-11 00:00:00,0.9405133959506217
2019-07-12 00:00:00,0.9405133959506217
2019-07-15 00:00:00,0.9405133959506217
2019-07-16 00:00:00,0.9405133959506217
2019-07-17 00:00:00,0.9405133959506217
2019-07-18 00:00:00,0.9405133959506217
2019-07-19 00:00:00,0.9405133959506217
2019-07-22 00:00:00,0.9405133959506217
2019-07-23 00:00:00,0.9405133959506217
2019-07-24 00:00:00,0.9405133959506217
2019-07-25 00:00:00,0.9405133959506217
2019-07-26 00:00:00,0.9405133959506217
2019-07-29 00:00:00,0.9405133959506217
2019-07-30 00:00:00,0.9405133959506217
2019-07-31 00:00:00,0.9405133959506217
2019-08-01 00:00:00,0.9405133959506217
2019-08-02 00:00:00,0.9405133959506217
2019-08-05 00:00:00,0.9405133959506217
2019-08-06 00:00:00,0.9405133959506217
2019-08-07 00:00:00,0.9405133959506217
2019-08-08 00:00:00,0.9405133959506217
2019-08-09 00:00:00,0.9405133959506217
2019-08-12 00:00:00,0.9405133959506217
2019-08-13 00:00:00,0.9405133959506217
2019-08-14 00:00:00,0.9405133959506217
2019-08-15 00:00:00,0.9405133959506217
2019-08-16 00:00:00,0.9405133959506217
2019-08-19 00:00:00,0.9405133959506217
2019-08-20 00:00:00,0.9405133959506217
2019-08-21 00:00:00,0.9405133959506217
2019-08-22 00:00:00,0.9405133959506217
2019-08-23 00:00:00,0.9405133959506217
2019-08-26 00:00:00,0.9405133959506217
2019-08-27 00:00:00,0.9405133959506217
2019-08-28 00:00:00,0.9405133959506217
2019-08-29 00:00:00,0.9405133959506217
2019-08-30 00:00:00,0.9405133959506217
2019-09-03 00:00:00,0.9405133959506217
2019-09-04 00:00:00,0.9405133959506217
2019-09-05 00:00:00,0.9405133959506217
2019-09-06 00:00:00,0.9405133959506217
2019-09-09 00:00:00,0.9405133959506217
2019-09-10 00:00:00,0.9405133959506217
2019-09-11 00:00:00,0.9405133959506217
2019-09-12 00:00:00,0.9405133959506217
2019-09-13 00:00:00,0.9405133959506217
2019-09-16 00:00:00,0.9405133959506217
2019-09-17 00:00:00,0.9405133959506217
2019-09-18 00:00:00,0.9405133959506217
2019-09-19 00:00:00,0.9405133959506217
2019-09-20 00:00:00,0.9405133959506217
2019-09-23 00:00:00,0.9405133959506217
2019-09-24 00:00:00,0.9405133959506217
2019-09-25 00:00:00,0.9405133959506217
2019-09-26 00:00:00,0.9405133959506217
2019-09-27 00:00:00,0.9405133959506217
2019-09-30 00:00:00,0.9405133959506217
2019-10-01 00:00:00,0.9405133959506217
2019-10-02 00:00:00,0.9405133959506217
2019-10-03 00:00:00,0.9405133959506217
2019-10-04 00:00:00,0.9405133959506217
2019-10-07 00:00:00,0.9405133959506217
2019-10-08 00:00:00,0.9405133959506217
2019-10-09 00:00:00,0.9405133959506217
2019-10-10 00:00:00,0.9405133959506217
2019-10-11 00:00:00,0.9405133959506217
2019-10-14 00:00:00,0.9405133959506217
2019-10-15 00:00:00,0.9405133959506217
2019-10-16 00:00:00,0.9405133959506217
2019-10-17 00:00:00,0.9405133959506217
2019-10-18 00:00:00,0.9405133959506217
2019-10-21 00:00:00,0.9405133959506217
2019-10-22 00:00:00,0.9405133959506217
2019-10-23 00:00:00,0.9414351225311235
2019-10-24 00:00:00,0.9418301482084813
2019-10-25 00:00:00,0.9431469004663412
2019-10-28 00:00:00,0.9482822342719942
2019-10-29 00:00:00,0.9451220288531308
2019-10-30 00:00:00,0.9463071058852046
2019-10-31 00:00:00,0.9402500454990497
2019-11-01 00:00:00,0.9555243716902229
2019-11-04 00:00:00,0.9628981843342374
2019-11-05 00:00:00,0.9723316608599961
2019-11-06 00:00:00,0.9652013044005539
2019-11-07 00:00:00,0.975687122723263
2019-11-08 00:00:00,0.9699548753735153
2019-11-11 00:00:00,0.9584903806740199
2019-11-12 00:00:00,0.9584903806740199
2019-11-13 00:00:00,0.9501785101681571
2019-11-14 00:00:00,0.9501785101681571
2019-11-15 00:00:00,0.9501785101681571
2019-11-18 00:00:00,0.9501785101681571
2019-11-19 00:00:00,0.9501785101681571
2019-11-20 00:00:00,0.9501785101681571
2019-11-21 00:00:00,0.9501785101681571
2019-11-22 00:00:00,0.9501785101681571
2019-11-25 00:00:00,0.9501785101681571
2019-11-26 00:00:00,0.9501785101681571
2019-11-27 00:00:00,0.9501785101681571
2019-11-29 00:00:00,0.9501785101681571
2019-12-02 00:00:00,0.9501785101681571
2019-12-03 00:00:00,0.9501785101681571
2019-12-04 00:00:00,0.9501785101681571
2019-12-05 00:00:00,0.9501785101681571
2019-12-06 00:00:00,0.9501785101681571
2019-12-09 00:00:00,0.9501785101681571
2019-12-10 00:00:00,0.9501785101681571
2019-12-11 00:00:00,0.9501785101681571
2019-12-12 00:00:00,0.9501785101681571
2019-12-13 00:00:00,0.9501785101681571
2019-12-16 00:00:00,0.9501785101681571
2019-12-17 00:00:00,0.9501785101681571
2019-12-18 00:00:00,0.9501785101681571
2019-12-19 00:00:00,0.9501785101681571
2019-12-20 00:00:00,0.9501785101681571
2019-12-23 00:00:00,0.9510273768937539
2019-12-24 00:00:00,0.9453278431647472
2019-12-26 00:00:00,0.9500572434930719
2019-12-27 00:00:00,0.960849977575659
2019-12-30 00:00:00,0.9536952437456293
2019-12-31 00:00:00,0.9572119773231015
2020-01-02 00:00:00,0.9569694439729312
2020-01-03 00:00:00,0.9416898429121896
2020-01-06 00:00:00,0.9390219760603141
2020-01-07 00:00:00,0.9469043099408554
2020-01-08 00:00:00,0.9473893766411964
2020-01-09 00:00:00,0.9544228437961408
2020-01-10 00:00:00,0.963275311077364
2020-01-13 00:00:00,0.9783850158791217
2020-01-14 00:00:00,0.9803169112340065
2020-01-15 00:00:00,0.9717441255967052
2020-01-16 00:00:00,0.9810413719920883
2020-01-17 00:00:00,0.9822488065888915
2020-01-21 00:00:00,0.9654654656933295
2020-01-22 00:00:00,0.9804376546936869
2020-01-23 00:00:00,0.9727100732741476
2020-01-24 00:00:00,0.9684840521853371
2020-01-27 00:00:00,0.9369037451981059
2020-01-28 00:00:00,0.9369037451981059
2020-01-29 00:00:00,0.9369037451981059
2020-01-30 00:00:00,0.9369037451981059
2020-01-31 00:00:00,0.9369037451981059
2020-02-03 00:00:00,0.9369037451981059
2020-02-04 00:00:00,0.9369037451981059
2020-02-05 00:00:00,0.9369037451981059
2020-02-06 00:00:00,0.9369037451981059
2020-02-07 00:00:00,0.9369037451981059
2020-02-10 00:00:00,0.9369037451981059
2020-02-11 00:00:00,0.9369037451981059
2020-02-12 00:00:00,0.9369037451981059
2020-02-13 00:00:00,0.9369037451981059
2020-02-14 00:00:00,0.9369037451981059
2020-02-18 00:00:00,0.9369037451981059
2020-02-19 00:00:00,0.9369037451981059
2020-02-20 00:00:00,0.9369037451981059
2020-02-21 00:00:00,0.9369037451981059
2020-02-24 00:00:00,0.9369037451981059
2020-02-25 00:00:00,0.9369037451981059
2020-02-26 00:00:00,0.9369037451981059
2020-02-27 00:00:00,0.9369037451981059
2020-02-28 00:00:00,0.9369037451981059
2020-03-02 00:00:00,0.9369037451981059
2020-03-03 00:00:00,0.9369037451981059
2020-03-04 00:00:00,0.9369037451981059
2020-03-05 00:00:00,0.9369037451981059
2020-03-06 00:00:00,0.9369037451981059
2020-03-09 00:00:00,0.9369037451981059
2020-03-10 00:00:00,0.9369037451981059
2020-03-11 00:00:00,0.9369037451981059
2020-03-12 00:00:00,0.9369037451981059
2020-03-13 00:00:00,0.9369037451981059
2020-03-16 00:00:00,0.9369037451981059
2020-03-17 00:00:00,0.9369037451981059
2020-03-18 00:00:00,0.9369037451981059
2020-03-19 00:00:00,0.9369037451981059
2020-03-20 00:00:00,0.9369037451981059
2020-03-23 00:00:00,0.9369037451981059
2020-03-24 00:00:00,0.9369037451981059
2020-03-25 00:00:00,0.9369037451981059
2020-03-26 00:00:00,0.9369037451981059
2020-03-27 00:00:00,0.9369037451981059
2020-03-30 00:00:00,0.9369037451981059
2020-03-31 00:00:00,0.9369037451981059
2020-04-01 00:00:00,0.9369037451981059
2020-04-02 00:00:00,0.9369037451981059
2020-04-03 00:00:00,0.9369037451981059
2020-04-06 00:00:00,0.9369037451981059
2020-04-07 00:00:00,0.9369037451981059
2020-04-08 00:00:00,0.9369037451981059
2020-04-09 00:00:00,0.9369037451981059
2020-04-13 00:00:00,0.9369037451981059
2020-04-14 00:00:00,0.9369037451981059
2020-04-15 00:00:00,0.9369037451981059
2020-04-16 00:00:00,0.9369037451981059
2020-04-17 00:00:00,0.9369037451981059
2020-04-20 00:00:00,0.9369037451981059
2020-04-21 00:00:00,0.9369037451981059
2020-04-22 00:00:00,0.9369037451981059
2020-04-23 00:00:00,0.9369037451981059
2020-04-24 00:00:00,0.9369037451981059
2020-04-27 00:00:00,0.9369037451981059
2020-04-28 00:00:00,0.9369037451981059
2020-04-29 00:00:00,0.9369037451981059
2020-04-30 00:00:00,0.9369037451981059
2020-05-01 00:00:00,0.9369037451981059
2020-05-04 00:00:00,0.9369037451981059
2020-05-05 00:00:00,0.9369037451981059
2020-05-06 00:00:00,0.9369037451981059
2020-05-07 00:00:00,0.9369037451981059
2020-05-08 00:00:00,0.9369037451981059
2020-05-11 00:00:00,0.9369037451981059
2020-05-12 00:00:00,0.9369037451981059
2020-05-13 00:00:00,0.9369037451981059
2020-05-14 00:00:00,0.9369037451981059
2020-05-15 00:00:00,0.9369037451981059
2020-05-18 00:00:00,0.9369037451981059
2020-05-19 00:00:00,0.9369037451981059
2020-05-20 00:00:00,0.9369037451981059
2020-05-21 00:00:00,0.9369037451981059
2020-05-22 00:00:00,0.9369037451981059
2020-05-26 00:00:00,0.9369037451981059
2020-05-27 00:00:00,0.9369037451981059
2020-05-28 00:00:00,0.9369037451981059
2020-05-29 00:00:00,0.9369037451981059
2020-06-01 00:00:00,0.9369037451981059
2020-06-02 00:00:00,0.9369037451981059
2020-06-03 00:00:00,0.9426699883374772
2020-06-04 00:00:00,0.9344121586564024
2020-06-05 00:00:00,0.9522092053828565
2020-06-08 00:00:00,0.9540600982424078
2020-06-09 00:00:00,0.9478667259816017
2020-06-10 00:00:00,0.9525651463173856
2020-06-11 00:00:00,0.9290730446384661
2020-06-12 00:00:00,0.9344833468433081
2020-06-15 00:00:00,0.9128910585459816
2020-06-16 00:00:00,0.9128910585459816
2020-06-17 00:00:00,0.9128910585459816
2020-06-18 00:00:00,0.9128910585459816
2020-06-19 00:00:00,0.9128910585459816
2020-06-22 00:00:00,0.9128910585459816
2020-06-23 00:00:00,0.9128910585459816
2020-06-24 00:00:00,0.9128910585459816
2020-06-25 00:00:00,0.9128910585459816
2020-06-26 00:00:00,0.9128910585459816
2020-06-29 00:00:00,0.9128910585459816
2020-06-30 00:00:00,0.9128910585459816
2020-07-01 00:00:00,0.9128910585459816
2020-07-02 00:00:00,0.9128910585459816
2020-07-06 00:00:00,0.9128910585459816
2020-07-07 00:00:00,0.9128910585459816
2020-07-08 00:00:00,0.9128910585459816
2020-07-09 00:00:00,0.9128910585459816
2020-07-10 00:00:00,0.9128910585459816
2020-07-13 00:00:00,0.9128910585459816
2020-07-14 00:00:00,0.9128910585459816
2020-07-15 00:00:00,0.9128910585459816
2020-07-16 00:00:00,0.9128910585459816
2020-07-17 00:00:00,0.9128910585459816
2020-07-20 00:00:00,0.9128910585459816
2020-07-21 00:00:00,0.9128910585459816
2020-07-22 00:00:00,0.9128910585459816
2020-07-23 00:00:00,0.9128910585459816
2020-07-24 00:00:00,0.9128910585459816
2020-07-27 00:00:00,0.9128910585459816
2020-07-28 00:00:00,0.9128910585459816
2020-07-29 00:00:00,0.9128910585459816
2020-07-30 00:00:00,0.9153364119431426
2020-07-31 00:00:00,0.9096932887189249
2020-08-03 00:00:00,0.9163709845342493
2020-08-04 00:00:00,0.9236129926719956
2020-08-05 00:00:00,0.9377208007325402
2020-08-06 00:00:00,0.9416311089187082
2020-08-07 00:00:00,0.9414457235531936
2020-08-10 00:00:00,0.9543300064564645
2020-08-11 00:00:00,0.9596134893736334
2020-08-12 00:00:00,0.9696432309203609
2020-08-13 00:00:00,0.9685348594050281
2020-08-14 00:00:00,0.962346451777754
2020-08-17 00:00:00,0.9691814094556388
2020-08-18 00:00:00,0.9500041230969639
2020-08-19 00:00:00,0.9500041230969639
2020-08-20 00:00:00,0.9500041230969639
2020-08-21 00:00:00,0.9500041230969639
2020-08-24 00:00:00,0.9500041230969639
2020-08-25 00:00:00,0.9500041230969639
2020-08-26 00:00:00,0.9500041230969639
2020-08-27 00:00:00,0.9500041230969639
2020-08-28 00:00:00,0.9500041230969639
2020-08-31 00:00:00,0.9500041230969639
2020-09-01 00:00:00,0.9500041230969639
2020-09-02 00:00:00,0.9500041230969639
2020-09-03 00:00:00,0.9500041230969639
2020-09-04 00:00:00,0.9500041230969639
2020-09-08 00:00:00,0.9500041230969639
2020-09-09 00:00:00,0.9500041230969639
2020-09-10 00:00:00,0.9500041230969639
2020-09-11 00:00:00,0.9500041230969639
2020-09-14 00:00:00,0.9500041230969639
2020-09-15 00:00:00,0.9500041230969639
2020-09-16 00:00:00,0.9500041230969639
2020-09-17 00:00:00,0.9500041230969639
2020-09-18 00:00:00,0.9500041230969639
2020-09-21 00:00:00,0.9500041230969639
2020-09-22 00:00:00,0.9500041230969639
2020-09-23 00:00:00,0.9500041230969639
2020-09-24 00:00:00,0.9500041230969639
2020-09-25 00:00:00,0.9500041230969639
2020-09-28 00:00:00,0.9500041230969639
2020-09-29 00:00:00,0.9500041230969639
2020-09-30 00:00:00,0.9500041230969639
2020-10-01 00:00:00,0.9500041230969639
2020-10-02 00:00:00,0.9500041230969639
2020-10-05 00:00:00,0.9500041230969639
2020-10-06 00:00:00,0.9500041230969639
2020-10-07 00:00:00,0.9500041230969639
2020-10-08 00:00:00,0.9519958378235067
2020-10-09 00:00:00,0.957224088980682
2020-10-12 00:00:00,0.9543195050044735
2020-10-13 00:00:00,0.9495891825289341
2020-10-14 00:00:00,0.9451908125078186
2020-10-15 00:00:00,0.942369216645216
2020-10-16 00:00:00,0.942369216645216
2020-10-19 00:00:00,0.9415393355091565
2020-10-20 00:00:00,0.9484273489384508
2020-10-21 00:00:00,0.9519128497099009
2020-10-22 00:00:00,0.9490912538472984
2020-10-23 00:00:00,0.9568921365262582
2020-10-26 00:00:00,0.9475144796887853
2020-10-27 00:00:00,0.9464356342119079
2020-10-28 00:00:00,0.9380538347377064
2020-10-29 00:00:00,0.9407924424867029
2020-10-30 00:00:00,0.9307800723140249
2020-11-02 00:00:00,0.9307800723140249
2020-11-03 00:00:00,0.9307800723140249
2020-11-04 00:00:00,0.9307800723140249
2020-11-05 00:00:00,0.9334354554200444
2020-11-06 00:00:00,0.931465332470417
2020-11-09 00:00:00,0.9373757013192989
2020-11-10 00:00:00,0.9429434400899847
2020-11-11 00:00:00,0.9510809044471409
2020-11-12 00:00:00,0.94508487807871
2020-11-13 00:00:00,0.958463153746599
2020-11-16 00:00:00,0.961149480874265
2020-11-17 00:00:00,0.9607424616124972
2020-11-18 00:00:00,0.9604168462030833
2020-11-19 00:00:00,0.958463153746599
2020-11-20 00:00:00,0.9589515768607201
2020-11-23 00:00:00,0.9707551354519792
2020-11-24 00:00:00,0.9810934247008751
2020-11-25 00:00:00,0.9758021742978968
2020-11-27 00:00:00,0.9850008096138436
2020-11-30 00:00:00,0.9732786548749381
2020-12-01 00:00:00,0.9854078288756112
2020-12-02 00:00:00,0.9951775936196702
2020-12-03 00:00:00,0.9950154608802998
2020-12-04 00:00:00,1.0130932613201016
2020-12-07 00:00:00,1.014390323235065
2020-12-08 00:00:00,1.0000415758007828
2020-12-09 00:00:00,1.0066890181149701
2020-12-10 00:00:00,1.0134175267988426
2020-12-11 00:00:00,1.00855354461773
2020-12-14 00:00:00,0.9997983766917271
2020-12-15 00:00:00,1.009364208314582
2020-12-16 00:00:00,1.0042570270244138
2020-12-17 00:00:00,1.0027167660003946
2020-12-18 00:00:00,0.9987445138858194
2020-12-21 00:00:00,0.9925024034200582
2020-12-22 00:00:00,0.9822880408397217
2020-12-23 00:00:00,0.9955829254680962
2020-12-24 00:00:00,1.0063647526362292
2020-12-28 00:00:00,1.0126068631019904
2020-12-29 00:00:00,1.0247709797745335
2020-12-30 00:00:00,1.024608812951796
2020-12-31 00:00:00,1.023797978838109
2021-01-04 00:00:00,1.0422039132188046
2021-01-05 00:00:00,1.0552346308654639
2021-01-06 00:00:00,1.063050689513209
2021-01-07 00:00:00,1.0749143499606795
2021-01-08 00:00:00,1.0986018089565166
2021-01-11 00:00:00,1.1030390089984419
2021-01-12 00:00:00,1.0980947003802966
2021-01-13 00:00:00,1.0979679232362416
2021-01-14 00:00:00,1.1021515689900567
2021-01-15 00:00:00,1.0829448316657233
2021-01-19 00:00:00,1.0854803745468233
2021-01-20 00:00:00,1.093594111766344
2021-01-21 00:00:00,1.107095877608202
2021-01-22 00:00:00,1.0930236146180963
2021-01-25 00:00:00,1.105320997591432
2021-01-26 00:00:00,1.0958761003593338
2021-01-27 00:00:00,1.076389656866546
2021-01-28 00:00:00,1.076389656866546
2021-01-29 00:00:00,1.076389656866546
2021-02-01 00:00:00,1.076389656866546
2021-02-02 00:00:00,1.076389656866546
2021-02-03 00:00:00,1.076389656866546
2021-02-04 00:00:00,1.076389656866546
2021-02-05 00:00:00,1.076389656866546
2021-02-08 00:00:00,1.076389656866546
2021-02-09 00:00:00,1.076389656866546
2021-02-10 00:00:00,1.076389656866546
2021-02-11 00:00:00,1.076389656866546
2021-02-12 00:00:00,1.076389656866546
2021-02-16 00:00:00,1.076389656866546
2021-02-17 00:00:00,1.076389656866546
2021-02-18 00:00:00,1.076389656866546
2021-02-19 00:00:00,1.076389656866546
2021-02-22 00:00:00,1.076389656866546
2021-02-23 00:00:00,1.076389656866546
2021-02-24 00:00:00,1.076389656866546
2021-02-25 00:00:00,1.076389656866546
2021-02-26 00:00:00,1.076389656866546
2021-03-01 00:00:00,1.076389656866546
2021-03-02 00:00:00,1.076389656866546
2021-03-03 00:00:00,1.076389656866546
2021-03-04 00:00:00,1.076389656866546
2021-03-05 00:00:00,1.076389656866546
2021-03-08 00:00:00,1.076389656866546
2021-03-09 00:00:00,1.076389656866546
2021-03-10 00:00:00,1.076389656866546
2021-03-11 00:00:00,1.076389656866546
2021-03-12 00:00:00,1.076389656866546
2021-03-15 00:00:00,1.076389656866546
2021-03-16 00:00:00,1.076389656866546
2021-03-17 00:00:00,1.076389656866546
2021-03-18 00:00:00,1.076389656866546
2021-03-19 00:00:00,1.076389656866546
2021-03-22 00:00:00,1.076389656866546
2021-03-23 00:00:00,1.076389656866546
2021-03-24 00:00:00,1.076389656866546
2021-03-25 00:00:00,1.076389656866546
2021-03-26 00:00:00,1.076389656866546
2021-03-29 00:00:00,1.076389656866546
2021-03-30 00:00:00,1.076389656866546
2021-03-31 00:00:00,1.076389656866546
2021-04-01 00:00:00,1.076389656866546
2021-04-05 00:00:00,1.076389656866546
2021-04-06 00:00:00,1.076389656866546
2021-04-07 00:00:00,1.076389656866546
2021-04-08 00:00:00,1.076389656866546
2021-04-09 00:00:00,1.076389656866546
2021-04-12 00:00:00,1.076389656866546
2021-04-13 00:00:00,1.076389656866546
2021-04-14 00:00:00,1.076389656866546
2021-04-15 00:00:00,1.076389656866546
2021-04-16 00:00:00,1.076389656866546
2021-04-19 00:00:00,1.076389656866546
2021-04-20 00:00:00,1.076389656866546
2021-04-21 00:00:00,1.076389656866546
2021-04-22 00:00:00,1.076389656866546
2021-04-23 00:00:00,1.076389656866546
2021-04-26 00:00:00,1.076389656866546
2021-04-27 00:00:00,1.076389656866546
2021-04-28 00:00:00,1.076389656866546
2021-04-29 00:00:00,1.076389656866546
2021-04-30 00:00:00,1.076389656866546
2021-05-03 00:00:00,1.076389656866546
2021-05-04 00:00:00,1.076389656866546
2021-05-05 00:00:00,1.076389656866546
2021-05-06 00:00:00,1.076389656866546
2021-05-07 00:00:00,1.076389656866546
2021-05-10 00:00:00,1.076389656866546
2021-05-11 00:00:00,1.076389656866546
2021-05-12 00:00:00,1.076389656866546
2021-05-13 00:00:00,1.076389656866546
2021-05-14 00:00:00,1.076389656866546
2021-05-17 00:00:00,1.076389656866546
2021-05-18 00:00:00,1.076389656866546
2021-05-19 00:00:00,1.076389656866546
2021-05-20 00:00:00,1.076389656866546
2021-05-21 00:00:00,1.076389656866546
2021-05-24 00:00:00,1.076389656866546
2021-05-25 00:00:00,1.076389656866546
2021-05-26 00:00:00,1.076389656866546
2021-05-27 00:00:00,1.076389656866546
2021-05-28 00:00:00,1.076389656866546
2021-06-01 00:00:00,1.076389656866546
2021-06-02 00:00:00,1.076389656866546
2021-06-03 00:00:00,1.076389656866546
2021-06-04 00:00:00,1.076389656866546
2021-06-07 00:00:00,1.076389656866546
2021-06-08 00:00:00,1.076389656866546
2021-06-09 00:00:00,1.076389656866546
2021-06-10 00:00:00,1.076389656866546
2021-06-11 00:00:00,1.076389656866546
2021-06-14 00:00:00,1.076389656866546
2021-06-15 00:00:00,1.076389656866546
2021-06-16 00:00:00,1.076389656866546
2021-06-17 00:00:00,1.076389656866546
2021-06-18 00:00:00,1.076389656866546
2021-06-21 00:00:00,1.076389656866546
2021-06-22 00:00:00,1.076389656866546
2021-06-23 00:00:00,1.076389656866546
2021-06-24 00:00:00,1.076389656866546
2021-06-25 00:00:00,1.076389656866546
2021-06-28 00:00:00,1.076389656866546
2021-06-29 00:00:00,1.076389656866546
2021-06-30 00:00:00,1.076389656866546
2021-07-01 00:00:00,1.076389656866546
2021-07-02 00:00:00,1.076389656866546
2021-07-06 00:00:00,1.076389656866546
2021-07-07 00:00:00,1.076389656866546
2021-07-08 00:00:00,1.076389656866546
2021-07-09 00:00:00,1.076389656866546
2021-07-12 00:00:00,1.076389656866546
2021-07-13 00:00:00,1.076389656866546
2021-07-14 00:00:00,1.076389656866546
2021-07-15 00:00:00,1.076389656866546
2021-07-16 00:00:00,1.076389656866546
2021-07-19 00:00:00,1.076389656866546
2021-07-20 00:00:00,1.076389656866546
2021-07-21 00:00:00,1.076389656866546
2021-07-22 00:00:00,1.076389656866546
2021-07-23 00:00:00,1.076389656866546
2021-07-26 00:00:00,1.076389656866546
2021-07-27 00:00:00,1.076389656866546
2021-07-28 00:00:00,1.076389656866546
2021-07-29 00:00:00,1.076389656866546
2021-07-30 00:00:00,1.076389656866546
2021-08-02 00:00:00,1.076389656866546
2021-08-03 00:00:00,1.076389656866546
2021-08-04 00:00:00,1.076389656866546
2021-08-05 00:00:00,1.076389656866546
2021-08-06 00:00:00,1.076389656866546
2021-08-09 00:00:00,1.076389656866546
2021-08-10 00:00:00,1.076389656866546
2021-08-11 00:00:00,1.076389656866546
2021-08-12 00:00:00,1.076389656866546
2021-08-13 00:00:00,1.076389656866546
2021-08-16 00:00:00,1.076389656866546
2021-08-17 00:00:00,1.076389656866546
2021-08-18 00:00:00,1.076389656866546
2021-08-19 00:00:00,1.076389656866546
2021-08-20 00:00:00,1.076389656866546
2021-08-23 00:00:00,1.076389656866546
2021-08-24 00:00:00,1.076389656866546
2021-08-25 00:00:00,1.076389656866546
2021-08-26 00:00:00,1.076389656866546
2021-08-27 00:00:00,1.076389656866546
2021-08-30 00:00:00,1.076389656866546
2021-08-31 00:00:00,1.076389656866546
2021-09-01 00:00:00,1.076389656866546
2021-09-02 00:00:00,1.076389656866546
2021-09-03 00:00:00,1.076389656866546
2021-09-07 00:00:00,1.076389656866546
2021-09-08 00:00:00,1.076389656866546
2021-09-09 00:00:00,1.076389656866546
2021-09-10 00:00:00,1.076389656866546
2021-09-13 00:00:00,1.076389656866546
2021-09-14 00:00:00,1.076389656866546
2021-09-15 00:00:00,1.076389656866546
2021-09-16 00:00:00,1.076389656866546
2021-09-17 00:00:00,1.076389656866546
2021-09-20 00:00:00,1.076389656866546
2021-09-21 00:00:00,1.076389656866546
2021-09-22 00:00:00,1.076389656866546
2021-09-23 00:00:00,1.076389656866546
2021-09-24 00:00:00,1.076389656866546
2021-09-27 00:00:00,1.076389656866546
2021-09-28 00:00:00,1.076389656866546
2021-09-29 00:00:00,1.076389656866546
2021-09-30 00:00:00,1.076389656866546
2021-10-01 00:00:00,1.076389656866546
2021-10-04 00:00:00,1.076389656866546
2021-10-05 00:00:00,1.076389656866546
2021-10-06 00:00:00,1.076389656866546
2021-10-07 00:00:00,1.076389656866546
2021-10-08 00:00:00,1.076389656866546
2021-10-11 00:00:00,1.076389656866546
2021-10-12 00:00:00,1.076389656866546
2021-10-13 00:00:00,1.076389656866546
2021-10-14 00:00:00,1.076389656866546
2021-10-15 00:00:00,1.076389656866546
2021-10-18 00:00:00,1.076389656866546
2021-10-19 00:00:00,1.076389656866546
2021-10-20 00:00:00,1.076389656866546
2021-10-21 00:00:00,1.076389656866546
2021-10-22 00:00:00,1.076389656866546
2021-10-25 00:00:00,1.076389656866546
2021-10-26 00:00:00,1.076389656866546
2021-10-27 00:00:00,1.076389656866546
2021-10-28 00:00:00,1.076389656866546
2021-10-29 00:00:00,1.076389656866546
2021-11-01 00:00:00,1.076389656866546
2021-11-02 00:00:00,1.076389656866546
2021-11-03 00:00:00,1.076389656866546
2021-11-04 00:00:00,1.076389656866546
2021-11-05 00:00:00,1.076389656866546
2021-11-08 00:00:00,1.076389656866546
2021-11-09 00:00:00,1.076389656866546
2021-11-10 00:00:00,1.076389656866546
2021-11-11 00:00:00,1.076389656866546
2021-11-12 00:00:00,1.076389656866546
2021-11-15 00:00:00,1.076389656866546
2021-11-16 00:00:00,1.076389656866546
2021-11-17 00:00:00,1.076389656866546
2021-11-18 00:00:00,1.076389656866546
2021-11-19 00:00:00,1.076389656866546
2021-11-22 00:00:00,1.076389656866546
2021-11-23 00:00:00,1.076389656866546
2021-11-24 00:00:00,1.076389656866546
2021-11-26 00:00:00,1.076389656866546
2021-11-29 00:00:00,1.076389656866546
2021-11-30 00:00:00,1.076389656866546
2021-12-01 00:00:00,1.076389656866546
2021-12-02 00:00:00,1.076389656866546
2021-12-03 00:00:00,1.076389656866546
2021-12-06 00:00:00,1.076389656866546
2021-12-07 00:00:00,1.076389656866546
2021-12-08 00:00:00,1.076389656866546
2021-12-09 00:00:00,1.076389656866546
2021-12-10 00:00:00,1.076389656866546
2021-12-13 00:00:00,1.076389656866546
2021-12-14 00:00:00,1.076389656866546
2021-12-15 00:00:00,1.076389656866546
2021-12-16 00:00:00,1.076389656866546
2021-12-17 00:00:00,1.076389656866546
2021-12-20 00:00:00,1.076389656866546
2021-12-21 00:00:00,1.076389656866546
2021-12-22 00:00:00,1.076389656866546
2021-12-23 00:00:00,1.076389656866546
2021-12-27 00:00:00,1.076389656866546
2021-12-28 00:00:00,1.076389656866546
2021-12-29 00:00:00,1.076389656866546
2021-12-30 00:00:00,1.076389656866546
2021-12-31 00:00:00,1.076389656866546
2022-01-03 00:00:00,1.076389656866546
2022-01-04 00:00:00,1.076389656866546
2022-01-05 00:00:00,1.076389656866546
2022-01-06 00:00:00,1.076389656866546
2022-01-07 00:00:00,1.076389656866546
2022-01-10 00:00:00,1.076389656866546
2022-01-11 00:00:00,1.076389656866546
2022-01-12 00:00:00,1.076389656866546
2022-01-13 00:00:00,1.076389656866546
2022-01-14 00:00:00,1.076389656866546
2022-01-18 00:00:00,1.076389656866546
2022-01-19 00:00:00,1.076389656866546
2022-01-20 00:00:00,1.076389656866546
2022-01-21 00:00:00,1.076389656866546
2022-01-24 00:00:00,1.076389656866546
2022-01-25 00:00:00,1.076389656866546
2022-01-26 00:00:00,1.076389656866546
2022-01-27 00:00:00,1.076389656866546
2022-01-28 00:00:00,1.076389656866546
2022-01-31 00:00:00,1.076389656866546
2022-02-01 00:00:00,1.076389656866546
2022-02-02 00:00:00,1.076389656866546
2022-02-03 00:00:00,1.076389656866546
2022-02-04 00:00:00,1.076389656866546
2022-02-07 00:00:00,1.076389656866546
2022-02-08 00:00:00,1.076389656866546
2022-02-09 00:00:00,1.076389656866546
2022-02-10 00:00:00,1.076389656866546
2022-02-11 00:00:00,1.076389656866546
2022-02-14 00:00:00,1.076389656866546
2022-02-15 00:00:00,1.076389656866546
2022-02-16 00:00:00,1.076389656866546
2022-02-17 00:00:00,1.076389656866546
2022-02-18 00:00:00,1.076389656866546
2022-02-22 00:00:00,1.076389656866546
2022-02-23 00:00:00,1.076389656866546
2022-02-24 00:00:00,1.076389656866546
2022-02-25 00:00:00,1.076389656866546
2022-02-28 00:00:00,1.076389656866546
2022-03-01 00:00:00,1.076389656866546
2022-03-02 00:00:00,1.076389656866546
2022-03-03 00:00:00,1.076389656866546
2022-03-04 00:00:00,1.076389656866546
2022-03-07 00:00:00,1.076389656866546
2022-03-08 00:00:00,1.076389656866546
2022-03-09 00:00:00,1.076389656866546
2022-03-10 00:00:00,1.076389656866546
2022-03-11 00:00:00,1.076389656866546
2022-03-14 00:00:00,1.076389656866546
2022-03-15 00:00:00,1.076389656866546
2022-03-16 00:00:00,1.076389656866546
2022-03-17 00:00:00,1.076389656866546
2022-03-18 00:00:00,1.076389656866546
2022-03-21 00:00:00,1.076389656866546
2022-03-22 00:00:00,1.076389656866546
2022-03-23 00:00:00,1.076389656866546
2022-03-24 00:00:00,1.076389656866546
2022-03-25 00:00:00,1.076389656866546
2022-03-28 00:00:00,1.076389656866546
2022-03-29 00:00:00,1.076389656866546
2022-03-30 00:00:00,1.076389656866546
2022-03-31 00:00:00,1.076389656866546
2022-04-01 00:00:00,1.076389656866546
2022-04-04 00:00:00,1.076389656866546
2022-04-05 00:00:00,1.076389656866546
2022-04-06 00:00:00,1.076389656866546
2022-04-07 00:00:00,1.076389656866546
2022-04-08 00:00:00,1.076389656866546
2022-04-11 00:00:00,1.076389656866546
2022-04-12 00:00:00,1.076389656866546
2022-04-13 00:00:00,1.076389656866546
2022-04-14 00:00:00,1.076389656866546
2022-04-18 00:00:00,1.076389656866546
2022-04-19 00:00:00,1.076389656866546
2022-04-20 00:00:00,1.076389656866546
2022-04-21 00:00:00,1.076389656866546
2022-04-22 00:00:00,1.076389656866546
2022-04-25 00:00:00,1.076389656866546
2022-04-26 00:00:00,1.076389656866546
2022-04-27 00:00:00,1.076389656866546
2022-04-28 00:00:00,1.076389656866546
2022-04-29 00:00:00,1.076389656866546
2022-05-02 00:00:00,1.076389656866546
2022-05-03 00:00:00,1.076389656866546
2022-05-04 00:00:00,1.076389656866546
2022-05-05 00:00:00,1.076389656866546
2022-05-06 00:00:00,1.076389656866546
2022-05-09 00:00:00,1.076389656866546
2022-05-10 00:00:00,1.076389656866546
2022-05-11 00:00:00,1.076389656866546
2022-05-12 00:00:00,1.076389656866546
2022-05-13 00:00:00,1.076389656866546
2022-05-16 00:00:00,1.076389656866546
2022-05-17 00:00:00,1.076389656866546
2022-05-18 00:00:00,1.076389656866546
2022-05-19 00:00:00,1.076389656866546
2022-05-20 00:00:00,1.076389656866546
2022-05-23 00:00:00,1.076389656866546
2022-05-24 00:00:00,1.076389656866546
2022-05-25 00:00:00,1.076389656866546
2022-05-26 00:00:00,1.076389656866546
2022-05-27 00:00:00,1.076389656866546
2022-05-31 00:00:00,1.076389656866546
2022-06-01 00:00:00,1.076389656866546
2022-06-02 00:00:00,1.076389656866546
2022-06-03 00:00:00,1.076389656866546
2022-06-06 00:00:00,1.076389656866546
2022-06-07 00:00:00,1.076389656866546
2022-06-08 00:00:00,1.076389656866546
2022-06-09 00:00:00,1.076389656866546
2022-06-10 00:00:00,1.076389656866546
2022-06-13 00:00:00,1.076389656866546
2022-06-14 00:00:00,1.076389656866546
2022-06-15 00:00:00,1.076389656866546
2022-06-16 00:00:00,1.076389656866546
2022-06-17 00:00:00,1.076389656866546
2022-06-21 00:00:00,1.076389656866546
2022-06-22 00:00:00,1.076389656866546
2022-06-23 00:00:00,1.076389656866546
2022-06-24 00:00:00,1.076389656866546
2022-06-27 00:00:00,1.076389656866546
2022-06-28 00:00:00,1.076389656866546
2022-06-29 00:00:00,1.076389656866546
2022-06-30 00:00:00,1.076389656866546
2022-07-01 00:00:00,1.076389656866546
2022-07-05 00:00:00,1.076389656866546
2022-07-06 00:00:00,1.076389656866546
2022-07-07 00:00:00,1.076389656866546
2022-07-08 00:00:00,1.076389656866546
2022-07-11 00:00:00,1.076389656866546
2022-07-12 00:00:00,1.076389656866546
2022-07-13 00:00:00,1.076389656866546
2022-07-14 00:00:00,1.076389656866546
2022-07-15 00:00:00,1.076389656866546
2022-07-18 00:00:00,1.076389656866546
2022-07-19 00:00:00,1.076389656866546
2022-07-20 00:00:00,1.076389656866546
2022-07-21 00:00:00,1.076389656866546
2022-07-22 00:00:00,1.076389656866546
2022-07-25 00:00:00,1.076389656866546
2022-07-26 00:00:00,1.076389656866546
2022-07-27 00:00:00,1.076389656866546
2022-07-28 00:00:00,1.076389656866546
2022-07-29 00:00:00,1.076389656866546
2022-08-01 00:00:00,1.076389656866546
2022-08-02 00:00:00,1.076389656866546
2022-08-03 00:00:00,1.076389656866546
2022-08-04 00:00:00,1.076389656866546
2022-08-05 00:00:00,1.076389656866546
2022-08-08 00:00:00,1.076389656866546
2022-08-09 00:00:00,1.076389656866546
2022-08-10 00:00:00,1.076389656866546
2022-08-11 00:00:00,1.076389656866546
2022-08-12 00:00:00,1.076389656866546
2022-08-15 00:00:00,1.076389656866546
2022-08-16 00:00:00,1.076389656866546
2022-08-17 00:00:00,1.076389656866546
2022-08-18 00:00:00,1.076389656866546
2022-08-19 00:00:00,1.076389656866546
2022-08-22 00:00:00,1.076389656866546
2022-08-23 00:00:00,1.076389656866546
2022-08-24 00:00:00,1.076389656866546
2022-08-25 00:00:00,1.076389656866546
2022-08-26 00:00:00,1.076389656866546
2022-08-29 00:00:00,1.076389656866546
2022-08-30 00:00:00,1.076389656866546
2022-08-31 00:00:00,1.076389656866546
2022-09-01 00:00:00,1.076389656866546
2022-09-02 00:00:00,1.076389656866546
2022-09-06 00:00:00,1.076389656866546
2022-09-07 00:00:00,1.076389656866546
2022-09-08 00:00:00,1.076389656866546
2022-09-09 00:00:00,1.076389656866546
2022-09-12 00:00:00,1.076389656866546
2022-09-13 00:00:00,1.076389656866546
2022-09-14 00:00:00,1.076389656866546
2022-09-15 00:00:00,1.076389656866546
2022-09-16 00:00:00,1.076389656866546
2022-09-19 00:00:00,1.076389656866546
2022-09-20 00:00:00,1.076389656866546
2022-09-21 00:00:00,1.076389656866546
2022-09-22 00:00:00,1.076389656866546
2022-09-23 00:00:00,1.076389656866546
2022-09-26 00:00:00,1.076389656866546
2022-09-27 00:00:00,1.076389656866546
2022-09-28 00:00:00,1.076389656866546
2022-09-29 00:00:00,1.076389656866546
2022-09-30 00:00:00,1.076389656866546
2022-10-03 00:00:00,1.076389656866546
2022-10-04 00:00:00,1.076389656866546
2022-10-05 00:00:00,1.076389656866546
2022-10-06 00:00:00,1.076389656866546
2022-10-07 00:00:00,1.076389656866546
2022-10-10 00:00:00,1.076389656866546
2022-10-11 00:00:00,1.076389656866546
2022-10-12 00:00:00,1.076389656866546
2022-10-13 00:00:00,1.076389656866546
2022-10-14 00:00:00,1.076389656866546
2022-10-17 00:00:00,1.076389656866546
2022-10-18 00:00:00,1.076389656866546
2022-10-19 00:00:00,1.076389656866546
2022-10-20 00:00:00,1.076389656866546
2022-10-21 00:00:00,1.076389656866546
2022-10-24 00:00:00,1.076389656866546
2022-10-25 00:00:00,1.076389656866546
2022-10-26 00:00:00,1.076389656866546
2022-10-27 00:00:00,1.076389656866546
2022-10-28 00:00:00,1.076389656866546
2022-10-31 00:00:00,1.076389656866546
2022-11-01 00:00:00,1.076389656866546
2022-11-02 00:00:00,1.076389656866546
2022-11-03 00:00:00,1.076389656866546
2022-11-04 00:00:00,1.076389656866546
2022-11-07 00:00:00,1.076389656866546
2022-11-08 00:00:00,1.076389656866546
2022-11-09 00:00:00,1.076389656866546
2022-11-10 00:00:00,1.076389656866546
2022-11-11 00:00:00,1.076389656866546
2022-11-14 00:00:00,1.076389656866546
2022-11-15 00:00:00,1.076389656866546
2022-11-16 00:00:00,1.076389656866546
2022-11-17 00:00:00,1.076389656866546
2022-11-18 00:00:00,1.076389656866546
2022-11-21 00:00:00,1.076389656866546
2022-11-22 00:00:00,1.076389656866546
2022-11-23 00:00:00,1.076389656866546
2022-11-25 00:00:00,1.076389656866546
2022-11-28 00:00:00,1.076389656866546
2022-11-29 00:00:00,1.076389656866546
2022-11-30 00:00:00,1.076389656866546
2022-12-01 00:00:00,1.076389656866546
2022-12-02 00:00:00,1.076389656866546
2022-12-05 00:00:00,1.076389656866546
2022-12-06 00:00:00,1.076389656866546
2022-12-07 00:00:00,1.076389656866546
2022-12-08 00:00:00,1.076389656866546
2022-12-09 00:00:00,1.076389656866546
2022-12-12 00:00:00,1.076389656866546
2022-12-13 00:00:00,1.076389656866546
2022-12-14 00:00:00,1.076389656866546
2022-12-15 00:00:00,1.076389656866546
2022-12-16 00:00:00,1.076389656866546
2022-12-19 00:00:00,1.076389656866546
2022-12-20 00:00:00,1.076389656866546
2022-12-21 00:00:00,1.076389656866546
2022-12-22 00:00:00,1.076389656866546
2022-12-23 00:00:00,1.076389656866546
2022-12-27 00:00:00,1.076389656866546
2022-12-28 00:00:00,1.076389656866546
2022-12-29 00:00:00,1.076389656866546
2022-12-30 00:00:00,1.076389656866546
2023-01-03 00:00:00,1.076389656866546
2023-01-04 00:00:00,1.076389656866546
2023-01-05 00:00:00,1.076389656866546
2023-01-06 00:00:00,1.076389656866546
2023-01-09 00:00:00,1.076389656866546
2023-01-10 00:00:00,1.0797455457151843
2023-01-11 00:00:00,1.081081222868871
2023-01-12 00:00:00,1.0848378148636153
2023-01-13 00:00:00,1.0886778866804652
2023-01-17 00:00:00,1.087258729704673
2023-01-18 00:00:00,1.079495106248868
2023-01-19 00:00:00,1.0865908911278295
2023-01-20 00:00:00,1.0955232320931103
2023-01-23 00:00:00,1.1010329003520685
2023-01-24 00:00:00,1.0994467837320654
2023-01-25 00:00:00,1.1006989810636467
2023-01-26 00:00:00,1.1100121636557583
2023-01-27 00:00:00,1.1138244120218022
2023-01-30 00:00:00,1.0985754185576266
2023-01-31 00:00:00,1.0875363795424084
2023-02-01 00:00:00,1.0875363795424084
2023-02-02 00:00:00,1.0875363795424084
2023-02-03 00:00:00,1.0875363795424084
2023-02-06 00:00:00,1.0875363795424084
2023-02-07 00:00:00,1.0875363795424084
2023-02-08 00:00:00,1.0875363795424084
2023-02-09 00:00:00,1.0875363795424084
2023-02-10 00:00:00,1.0875363795424084
2023-02-13 00:00:00,1.0875363795424084
2023-02-14 00:00:00,1.0875363795424084
2023-02-15 00:00:00,1.0875363795424084
2023-02-16 00:00:00,1.0875363795424084
2023-02-17 00:00:00,1.0875363795424084
2023-02-21 00:00:00,1.0875363795424084
2023-02-22 00:00:00,1.0875363795424084
2023-02-23 00:00:00,1.0875363795424084
2023-02-24 00:00:00,1.0875363795424084
2023-02-27 00:00:00,1.0875363795424084
2023-02-28 00:00:00,1.0875363795424084
2023-03-01 00:00:00,1.0875363795424084
2023-03-02 00:00:00,1.0875363795424084
2023-03-03 00:00:00,1.0875363795424084
2023-03-06 00:00:00,1.0875363795424084
2023-03-07 00:00:00,1.0875363795424084
2023-03-08 00:00:00,1.0875363795424084
2023-03-09 00:00:00,1.0875363795424084
2023-03-10 00:00:00,1.0875363795424084
2023-03-13 00:00:00,1.0875363795424084
2023-03-14 00:00:00,1.0875363795424084
2023-03-15 00:00:00,1.0875363795424084
2023-03-16 00:00:00,1.0875363795424084
2023-03-17 00:00:00,1.0875363795424084
2023-03-20 00:00:00,1.0875363795424084
2023-03-21 00:00:00,1.0875363795424084
2023-03-22 00:00:00,1.0875363795424084
2023-03-23 00:00:00,1.0875363795424084
2023-03-24 00:00:00,1.0875363795424084
2023-03-27 00:00:00,1.0875363795424084
2023-03-28 00:00:00,1.0875363795424084
2023-03-29 00:00:00,1.0875363795424084
2023-03-30 00:00:00,1.0875363795424084
2023-03-31 00:00:00,1.0875363795424084
2023-04-03 00:00:00,1.0875363795424084
2023-04-04 00:00:00,1.0875363795424084
2023-04-05 00:00:00,1.0875363795424084
2023-04-06 00:00:00,1.0875363795424084
2023-04-10 00:00:00,1.0875363795424084
2023-04-11 00:00:00,1.0875363795424084
2023-04-12 00:00:00,1.0875363795424084
2023-04-13 00:00:00,1.0875363795424084
2023-04-14 00:00:00,1.0875363795424084
2023-04-17 00:00:00,1.0875363795424084
2023-04-18 00:00:00,1.0875363795424084
2023-04-19 00:00:00,1.0875363795424084
2023-04-20 00:00:00,1.0875363795424084
2023-04-21 00:00:00,1.0875363795424084
2023-04-24 00:00:00,1.0875363795424084
2023-04-25 00:00:00,1.0875363795424084
2023-04-26 00:00:00,1.0875363795424084
2023-04-27 00:00:00,1.0875363795424084
2023-04-28 00:00:00,1.0875363795424084
2023-05-01 00:00:00,1.0875363795424084
2023-05-02 00:00:00,1.0875363795424084
2023-05-03 00:00:00,1.0875363795424084
2023-05-04 00:00:00,1.0875363795424084
2023-05-05 00:00:00,1.0875363795424084
2023-05-08 00:00:00,1.0875363795424084
2023-05-09 00:00:00,1.0875363795424084
2023-05-10 00:00:00,1.0875363795424084
2023-05-11 00:00:00,1.0875363795424084
2023-05-12 00:00:00,1.0875363795424084
2023-05-15 00:00:00,1.0875363795424084
2023-05-16 00:00:00,1.0875363795424084
2023-05-17 00:00:00,1.0875363795424084
2023-05-18 00:00:00,1.0875363795424084
2023-05-19 00:00:00,1.0875363795424084
2023-05-22 00:00:00,1.0875363795424084
2023-05-23 00:00:00,1.0875363795424084
2023-05-24 00:00:00,1.0875363795424084
2023-05-25 00:00:00,1.0875363795424084
2023-05-26 00:00:00,1.0875363795424084
2023-05-30 00:00:00,1.0875363795424084
2023-05-31 00:00:00,1.0875363795424084
2023-06-01 00:00:00,1.0875363795424084
2023-06-02 00:00:00,1.0875363795424084
2023-06-05 00:00:00,1.0904124993343902
2023-06-06 00:00:00,1.097243283840347
2023-06-07 00:00:00,1.0859784813217517
2023-06-08 00:00:00,1.0967639305416834
2023-06-09 00:00:00,1.1089874396576058
2023-06-12 00:00:00,1.1085080863589423
2023-06-13 00:00:00,1.119851418573178
2023-06-14 00:00:00,1.1213484310374213
2023-06-15 00:00:00,1.1233444476564127
2023-06-16 00:00:00,1.1163583894899434
2023-06-20 00:00:00,1.1001407544606399
2023-06-21 00:00:00,1.0902017893080347
2023-06-22 00:00:00,1.0902017893080347
2023-06-23 00:00:00,1.0902017893080347
2023-06-26 00:00:00,1.0902017893080347
2023-06-27 00:00:00,1.0902017893080347
2023-06-28 00:00:00,1.0902017893080347
2023-06-29 00:00:00,1.0902017893080347
2023-06-30 00:00:00,1.0902017893080347
2023-07-03 00:00:00,1.0902017893080347
2023-07-05 00:00:00,1.0902017893080347
2023-07-06 00:00:00,1.0902017893080347
2023-07-07 00:00:00,1.0902017893080347
2023-07-10 00:00:00,1.0902017893080347
2023-07-11 00:00:00,1.0902017893080347
2023-07-12 00:00:00,1.0902017893080347
2023-07-13 00:00:00,1.0902017893080347
2023-07-14 00:00:00,1.0902017893080347
2023-07-17 00:00:00,1.0902017893080347
2023-07-18 00:00:00,1.0902017893080347
2023-07-19 00:00:00,1.0902017893080347
2023-07-20 00:00:00,1.0902017893080347
2023-07-21 00:00:00,1.0902017893080347
2023-07-24 00:00:00,1.0902017893080347
2023-07-25 00:00:00,1.0902017893080347
2023-07-26 00:00:00,1.0995592781129209
2023-07-27 00:00:00,1.085043173684828
2023-07-28 00:00:00,1.0990794068921577
2023-07-31 00:00:00,1.1000391493336843
2023-08-01 00:00:00,1.0999191815284937
2023-08-02 00:00:00,1.0749658780487967
2023-08-03 00:00:00,1.0746059746332242
2023-08-04 00:00:00,1.0680774394820145
2023-08-07 00:00:00,1.0680774394820145
2023-08-08 00:00:00,1.0680774394820145
2023-08-09 00:00:00,1.0680774394820145
2023-08-10 00:00:00,1.0680774394820145
2023-08-11 00:00:00,1.0680774394820145
2023-08-14 00:00:00,1.0680774394820145
2023-08-15 00:00:00,1.0680774394820145
2023-08-16 00:00:00,1.0680774394820145
2023-08-17 00:00:00,1.0680774394820145
2023-08-18 00:00:00,1.0680774394820145
2023-08-21 00:00:00,1.0680774394820145
2023-08-22 00:00:00,1.0680774394820145
2023-08-23 00:00:00,1.0680774394820145
2023-08-24 00:00:00,1.0680774394820145
2023-08-25 00:00:00,1.0680774394820145
2023-08-28 00:00:00,1.0680774394820145
2023-08-29 00:00:00,1.0680774394820145
2023-08-30 00:00:00,1.0680774394820145
2023-08-31 00:00:00,1.0680774394820145
2023-09-01 00:00:00,1.0680774394820145
2023-09-05 00:00:00,1.0680774394820145
2023-09-06 00:00:00,1.0680774394820145
2023-09-07 00:00:00,1.0680774394820145
2023-09-08 00:00:00,1.0680774394820145
2023-09-11 00:00:00,1.0680774394820145
2023-09-12 00:00:00,1.0680774394820145
2023-09-13 00:00:00,1.0680774394820145
2023-09-14 00:00:00,1.0680774394820145
2023-09-15 00:00:00,1.0680774394820145
2023-09-18 00:00:00,1.0680774394820145
2023-09-19 00:00:00,1.0680774394820145
2023-09-20 00:00:00,1.0680774394820145
2023-09-21 00:00:00,1.0680774394820145
2023-09-22 00:00:00,1.0680774394820145
2023-09-25 00:00:00,1.0680774394820145
2023-09-26 00:00:00,1.0680774394820145
2023-09-27 00:00:00,1.0680774394820145
2023-09-28 00:00:00,1.0680774394820145
2023-09-29 00:00:00,1.0680774394820145
2023-10-02 00:00:00,1.0680774394820145
2023-10-03 00:00:00,1.0680774394820145
2023-10-04 00:00:00,1.0680774394820145
2023-10-05 00:00:00,1.0680774394820145
2023-10-06 00:00:00,1.0680774394820145
2023-10-09 00:00:00,1.0680774394820145
2023-10-10 00:00:00,1.0680774394820145
2023-10-11 00:00:00,1.0680774394820145
2023-10-12 00:00:00,1.0680774394820145
2023-10-13 00:00:00,1.0680774394820145
2023-10-16 00:00:00,1.0680774394820145
2023-10-17 00:00:00,1.0680774394820145
2023-10-18 00:00:00,1.0680774394820145
2023-10-19 00:00:00,1.0680774394820145
2023-10-20 00:00:00,1.0680774394820145
2023-10-23 00:00:00,1.0680774394820145
2023-10-24 00:00:00,1.0680774394820145
2023-10-25 00:00:00,1.0680774394820145
2023-10-26 00:00:00,1.0680774394820145
2023-10-27 00:00:00,1.0680774394820145
2023-10-30 00:00:00,1.0680774394820145
2023-10-31 00:00:00,1.0680774394820145
2023-11-01 00:00:00,1.0680774394820145
2023-11-02 00:00:00,1.0680774394820145
2023-11-03 00:00:00,1.0680774394820145
2023-11-06 00:00:00,1.0680774394820145
2023-11-07 00:00:00,1.0680774394820145
2023-11-08 00:00:00,1.0680774394820145
2023-11-09 00:00:00,1.0680774394820145
2023-11-10 00:00:00,1.0680774394820145
2023-11-13 00:00:00,1.0680774394820145
2023-11-14 00:00:00,1.0680774394820145
2023-11-15 00:00:00,1.0680774394820145
2023-11-16 00:00:00,1.0680774394820145
2023-11-17 00:00:00,1.0680774394820145
2023-11-20 00:00:00,1.0680774394820145
2023-11-21 00:00:00,1.0680774394820145
2023-11-22 00:00:00,1.0680774394820145
2023-11-24 00:00:00,1.0680774394820145
2023-11-27 00:00:00,1.0680774394820145
2023-11-28 00:00:00,1.0680774394820145
2023-11-29 00:00:00,1.0680774394820145
2023-11-30 00:00:00,1.0680774394820145
2023-12-01 00:00:00,1.0680774394820145
2023-12-04 00:00:00,1.0680774394820145
2023-12-05 00:00:00,1.0680774394820145
2023-12-06 00:00:00,1.0680774394820145
2023-12-07 00:00:00,1.0680774394820145
2023-12-08 00:00:00,1.0680774394820145
2023-12-11 00:00:00,1.0680774394820145
2023-12-12 00:00:00,1.0680774394820145
2023-12-13 00:00:00,1.0680774394820145
2023-12-14 00:00:00,1.0680774394820145
2023-12-15 00:00:00,1.0656423926168452
2023-12-18 00:00:00,1.068178899768063
2023-12-19 00:00:00,1.0754840403635708
2023-12-20 00:00:00,1.0573226491608505
2023-12-21 00:00:00,1.0674686777657223
2023-12-22 00:00:00,1.0659467734749912
2023-12-26 00:00:00,1.0689905820564527
2023-12-27 00:00:00,1.0748752786472784
2023-12-28 00:00:00,1.0863402909707836
2023-12-29 00:00:00,1.0817745780985912
