date,combined_equity
1993-11-08 00:00:00,1.0
1993-11-09 00:00:00,1.0
1993-11-10 00:00:00,1.0
1993-11-12 00:00:00,1.0
1993-11-15 00:00:00,1.0
1993-11-18 00:00:00,1.0
1993-11-19 00:00:00,1.0
1993-11-22 00:00:00,1.0
1993-11-23 00:00:00,1.0
1993-11-24 00:00:00,1.0
1993-11-26 00:00:00,1.0
1993-11-29 00:00:00,1.0
1993-11-30 00:00:00,1.0
1993-12-01 00:00:00,1.0
1993-12-02 00:00:00,1.0
1993-12-03 00:00:00,1.0
1993-12-06 00:00:00,1.0
1993-12-07 00:00:00,1.0
1993-12-08 00:00:00,1.0
1993-12-09 00:00:00,1.0
1993-12-10 00:00:00,1.0
1993-12-13 00:00:00,1.0
1993-12-14 00:00:00,1.0
1993-12-15 00:00:00,1.0
1993-12-16 00:00:00,1.0
1993-12-17 00:00:00,1.0
1993-12-20 00:00:00,1.0
1993-12-21 00:00:00,1.0
1993-12-22 00:00:00,1.0
1993-12-23 00:00:00,1.0
1993-12-24 00:00:00,1.0
1993-12-27 00:00:00,1.0
1993-12-28 00:00:00,1.0
1993-12-29 00:00:00,1.0
1993-12-30 00:00:00,1.0
1994-01-03 00:00:00,1.0
1994-01-04 00:00:00,1.0
1994-01-05 00:00:00,1.0
1994-01-06 00:00:00,1.0
1994-01-07 00:00:00,1.0
1994-01-10 00:00:00,1.0
1994-01-11 00:00:00,1.0
1994-01-12 00:00:00,1.0
1994-01-13 00:00:00,1.0
1994-01-14 00:00:00,1.0
1994-01-18 00:00:00,1.0
1994-01-19 00:00:00,1.0
1994-01-20 00:00:00,1.0
1994-01-21 00:00:00,1.0
1994-01-24 00:00:00,1.0
1994-01-25 00:00:00,1.0
1994-01-26 00:00:00,1.0
1994-01-27 00:00:00,1.0
1994-01-28 00:00:00,1.0
1994-01-31 00:00:00,1.0
1994-02-01 00:00:00,1.0
1994-02-02 00:00:00,1.0
1994-02-03 00:00:00,1.0
1994-02-04 00:00:00,1.0
1994-02-07 00:00:00,1.0
1994-02-08 00:00:00,1.0
1994-02-09 00:00:00,1.0
1994-02-10 00:00:00,1.0
1994-02-11 00:00:00,1.0
1994-02-14 00:00:00,1.0
1994-02-15 00:00:00,1.0
1994-02-16 00:00:00,1.0
1994-02-17 00:00:00,1.0
1994-02-18 00:00:00,1.0
1994-02-22 00:00:00,1.0
1994-02-23 00:00:00,1.0
1994-02-24 00:00:00,1.0
1994-02-25 00:00:00,1.0
1994-02-28 00:00:00,1.0
1994-03-01 00:00:00,1.0
1994-03-02 00:00:00,1.0
1994-03-03 00:00:00,1.0
1994-03-04 00:00:00,1.0
1994-03-07 00:00:00,1.0
1994-03-08 00:00:00,1.0
1994-03-09 00:00:00,1.0
1994-03-10 00:00:00,1.0
1994-03-11 00:00:00,1.0
1994-03-14 00:00:00,1.0
1994-03-15 00:00:00,1.0
1994-03-16 00:00:00,1.0
1994-03-17 00:00:00,1.0
1994-03-18 00:00:00,1.0
1994-03-21 00:00:00,1.0
1994-03-22 00:00:00,1.0
1994-03-23 00:00:00,1.0
1994-03-25 00:00:00,1.0
1994-03-28 00:00:00,1.0
1994-03-29 00:00:00,1.0
1994-03-30 00:00:00,1.0
1994-03-31 00:00:00,1.0
1994-04-04 00:00:00,1.0
1994-04-05 00:00:00,1.0
1994-04-06 00:00:00,1.0
1994-04-07 00:00:00,1.0
1994-04-08 00:00:00,1.0
1994-04-11 00:00:00,1.0
1994-04-12 00:00:00,1.0
1994-04-13 00:00:00,1.0
1994-04-14 00:00:00,1.0
1994-04-15 00:00:00,1.0
1994-04-18 00:00:00,1.0
1994-04-19 00:00:00,1.0
1994-04-20 00:00:00,1.0
1994-04-21 00:00:00,1.0
1994-04-22 00:00:00,1.0
1994-04-25 00:00:00,1.0
1994-04-26 00:00:00,1.0
1994-04-27 00:00:00,1.0
1994-04-28 00:00:00,1.0
1994-04-29 00:00:00,1.0
1994-05-02 00:00:00,1.0
1994-05-03 00:00:00,1.0
1994-05-04 00:00:00,1.0
1994-05-06 00:00:00,1.0
1994-05-09 00:00:00,1.0
1994-05-10 00:00:00,1.0
1994-05-11 00:00:00,1.0
1994-05-12 00:00:00,1.0
1994-05-13 00:00:00,1.0
1994-05-16 00:00:00,1.0
1994-05-17 00:00:00,1.0
1994-05-18 00:00:00,1.0
1994-05-19 00:00:00,1.0
1994-05-20 00:00:00,1.0
1994-05-23 00:00:00,1.0
1994-05-24 00:00:00,0.9956820296485963
1994-05-25 00:00:00,0.9998850574712643
1994-05-26 00:00:00,1.0043524730847246
1994-05-27 00:00:00,1.004295001820357
1994-05-31 00:00:00,1.0093164852147753
1994-06-01 00:00:00,1.0086641814228021
1994-06-02 00:00:00,1.0056217975349675
1994-06-03 00:00:00,1.0070590268775388
1994-06-06 00:00:00,1.0084917676296987
1994-06-07 00:00:00,1.0172824302134647
1994-06-08 00:00:00,1.0163472620258238
1994-06-09 00:00:00,1.0177517487538208
1994-06-10 00:00:00,1.01856936687674
1994-06-13 00:00:00,1.0209828633926699
1994-06-14 00:00:00,1.0207803858225053
1994-06-15 00:00:00,1.0192704835230841
1994-06-16 00:00:00,1.0192130122587164
1994-06-17 00:00:00,1.0182820105549009
1994-06-20 00:00:00,1.0202603591442714
1994-06-21 00:00:00,1.0210727969348659
1994-06-22 00:00:00,1.021883689593924
1994-06-23 00:00:00,1.0252843047502798
1994-06-24 00:00:00,1.025226833485912
1994-06-27 00:00:00,1.0266030166065716
1994-06-28 00:00:00,1.0253989600599287
1994-06-29 00:00:00,1.0247671811777794
1994-06-30 00:00:00,1.0278600405679512
1994-07-01 00:00:00,1.0263731315491003
1994-07-05 00:00:00,1.0277450980392158
1994-07-06 00:00:00,1.026487181934682
1994-07-07 00:00:00,1.029055395209884
1994-07-08 00:00:00,1.0289979239455163
1994-07-11 00:00:00,1.0289404526811485
1994-07-12 00:00:00,1.0281708851672622
1994-07-13 00:00:00,1.0288255101524129
1994-07-14 00:00:00,1.0281984455906048
1994-07-15 00:00:00,1.0281409743262369
1994-07-18 00:00:00,1.0286530963593092
1994-07-19 00:00:00,1.027740984005352
1994-07-20 00:00:00,1.0286519922044028
1994-07-21 00:00:00,1.028053550351312
1994-07-22 00:00:00,1.0284232113018381
1994-07-25 00:00:00,1.0282234044528624
1994-07-26 00:00:00,1.0291045761818898
1994-07-27 00:00:00,1.0285353433089681
1994-07-28 00:00:00,1.026196816247556
1994-07-29 00:00:00,1.028135854979999
1994-08-01 00:00:00,1.0267958565930975
1994-08-02 00:00:00,1.0225826085775778
1994-08-03 00:00:00,1.0207950758348636
1994-08-04 00:00:00,1.020737604570496
1994-08-05 00:00:00,1.0209689033034504
1994-08-08 00:00:00,1.0226404711727397
1994-08-09 00:00:00,1.0225829999083718
1994-08-10 00:00:00,1.0262508451656525
1994-08-11 00:00:00,1.0276186136006886
1994-08-12 00:00:00,1.0267065012467311
1994-08-15 00:00:00,1.0269340777745128
1994-08-16 00:00:00,1.0282993362473691
1994-08-17 00:00:00,1.025106331144113
1994-08-18 00:00:00,1.0201628919268177
1994-08-19 00:00:00,1.0190933786771652
1994-08-22 00:00:00,1.0053883193538367
1994-08-23 00:00:00,1.007409642496702
1994-08-24 00:00:00,1.0106012853788158
1994-08-25 00:00:00,1.01347908237662
1994-08-26 00:00:00,1.0160484451863763
1994-08-29 00:00:00,1.0206263909133226
1994-08-30 00:00:00,1.0220085087326467
1994-08-31 00:00:00,1.0222384455455955
1994-09-01 00:00:00,1.0231855682328328
1994-09-02 00:00:00,1.0180842911877395
1994-09-06 00:00:00,1.0252163624070318
1994-09-07 00:00:00,1.0241587266134342
1994-09-08 00:00:00,1.025386803070091
1994-09-09 00:00:00,1.029307147304825
1994-09-12 00:00:00,1.02868341466536
1994-09-13 00:00:00,1.0297578032757106
1994-09-14 00:00:00,1.0294176155481978
1994-09-15 00:00:00,1.0290772622473536
1994-09-16 00:00:00,1.0241853219946824
1994-09-19 00:00:00,1.0269774971669094
1994-09-20 00:00:00,1.0274879495736005
1994-09-21 00:00:00,1.02572470521496
1994-09-22 00:00:00,1.0270891285070285
1994-09-23 00:00:00,1.0241836848566008
1994-09-26 00:00:00,1.0166424547880226
1994-09-27 00:00:00,1.0229248556870314
1994-09-28 00:00:00,1.0262909864410326
1994-09-29 00:00:00,1.0253798776287533
1994-09-30 00:00:00,1.0238963285347618
1994-10-03 00:00:00,1.0235531380866365
1994-10-04 00:00:00,1.027763874435475
1994-10-05 00:00:00,1.0294031998332511
1994-10-06 00:00:00,1.0290633428165965
1994-10-07 00:00:00,1.0292882573045155
1994-10-11 00:00:00,1.0303586791179344
1994-10-12 00:00:00,1.030582769362982
1994-10-13 00:00:00,1.027985308224365
1994-10-14 00:00:00,1.0299045392557957
1994-10-17 00:00:00,1.029847067991428
1994-10-18 00:00:00,1.0303342813994463
1994-10-19 00:00:00,1.0303342813994463
1994-10-20 00:00:00,1.0303342813994463
1994-10-21 00:00:00,1.0303342813994463
1994-10-24 00:00:00,1.0303342813994463
1994-10-25 00:00:00,1.0303342813994463
1994-10-26 00:00:00,1.0303342813994463
1994-10-27 00:00:00,1.0303342813994463
1994-10-28 00:00:00,1.0303342813994463
1994-10-31 00:00:00,1.0303342813994463
1994-11-01 00:00:00,1.0303342813994463
1994-11-02 00:00:00,1.0303342813994463
1994-11-03 00:00:00,1.0303342813994463
1994-11-04 00:00:00,1.0303342813994463
1994-11-07 00:00:00,1.0303342813994463
1994-11-08 00:00:00,1.0303342813994463
1994-11-09 00:00:00,1.0303342813994463
1994-11-10 00:00:00,1.0303342813994463
1994-11-14 00:00:00,1.0303342813994463
1994-11-15 00:00:00,1.0303342813994463
1994-11-16 00:00:00,1.0303342813994463
1994-11-17 00:00:00,1.0303342813994463
1994-11-18 00:00:00,1.0303342813994463
1994-11-21 00:00:00,1.0303342813994463
1994-11-22 00:00:00,1.0303342813994463
1994-11-23 00:00:00,1.0303342813994463
1994-11-25 00:00:00,1.0303342813994463
1994-11-28 00:00:00,1.0303342813994463
1994-11-29 00:00:00,1.0303342813994463
1994-11-30 00:00:00,1.0303342813994463
1994-12-01 00:00:00,1.0303342813994463
1994-12-02 00:00:00,1.0303342813994463
1994-12-05 00:00:00,1.0303342813994463
1994-12-06 00:00:00,1.0303342813994463
1994-12-07 00:00:00,1.0303342813994463
1994-12-08 00:00:00,1.0303342813994463
1994-12-09 00:00:00,1.0303342813994463
1994-12-12 00:00:00,1.0303342813994463
1994-12-13 00:00:00,1.0303342813994463
1994-12-14 00:00:00,1.0303342813994463
1994-12-15 00:00:00,1.0303342813994463
1994-12-16 00:00:00,1.0303342813994463
1994-12-19 00:00:00,1.0303342813994463
1994-12-20 00:00:00,1.0303342813994463
1994-12-21 00:00:00,1.0303342813994463
1994-12-22 00:00:00,1.0303342813994463
1994-12-23 00:00:00,1.0303342813994463
1994-12-27 00:00:00,1.0303342813994463
1994-12-28 00:00:00,1.0303342813994463
1994-12-29 00:00:00,1.0303342813994463
1994-12-30 00:00:00,1.0303342813994463
1995-01-03 00:00:00,1.0303342813994463
1995-01-04 00:00:00,1.0303342813994463
1995-01-05 00:00:00,1.0303342813994463
1995-01-06 00:00:00,1.0303342813994463
1995-01-09 00:00:00,1.0303342813994463
1995-01-10 00:00:00,1.0303342813994463
1995-01-11 00:00:00,1.0303342813994463
1995-01-12 00:00:00,1.0303342813994463
1995-01-13 00:00:00,1.0303342813994463
1995-01-17 00:00:00,1.0303342813994463
1995-01-18 00:00:00,1.0303342813994463
1995-01-19 00:00:00,1.0303342813994463
1995-01-20 00:00:00,1.0303342813994463
1995-01-23 00:00:00,1.0303342813994463
1995-01-24 00:00:00,1.0303342813994463
1995-01-25 00:00:00,1.0303342813994463
1995-01-26 00:00:00,1.0303342813994463
1995-01-27 00:00:00,1.0303342813994463
1995-01-30 00:00:00,1.0303342813994463
1995-01-31 00:00:00,1.0303342813994463
1995-02-01 00:00:00,1.0303342813994463
1995-02-02 00:00:00,1.0303342813994463
1995-02-03 00:00:00,1.0303342813994463
1995-02-06 00:00:00,1.0303342813994463
1995-02-07 00:00:00,1.0303342813994463
1995-02-08 00:00:00,1.0303342813994463
1995-02-09 00:00:00,1.0303342813994463
1995-02-10 00:00:00,1.0303342813994463
1995-02-13 00:00:00,1.0303342813994463
1995-02-14 00:00:00,1.0303342813994463
1995-02-15 00:00:00,1.0303342813994463
1995-02-16 00:00:00,1.0303342813994463
1995-02-17 00:00:00,1.0303342813994463
1995-02-21 00:00:00,1.0303342813994463
1995-02-22 00:00:00,1.0303342813994463
1995-02-23 00:00:00,1.0303342813994463
1995-02-24 00:00:00,1.0303342813994463
1995-02-27 00:00:00,1.0303342813994463
1995-02-28 00:00:00,1.0303342813994463
1995-03-01 00:00:00,1.0303342813994463
1995-03-02 00:00:00,1.0303342813994463
1995-03-03 00:00:00,1.0303342813994463
1995-03-06 00:00:00,1.0303342813994463
1995-03-07 00:00:00,1.0303342813994463
1995-03-08 00:00:00,1.0303342813994463
1995-03-09 00:00:00,1.0303342813994463
1995-03-10 00:00:00,1.0303342813994463
1995-03-13 00:00:00,1.0303342813994463
1995-03-14 00:00:00,1.0303342813994463
1995-03-15 00:00:00,1.0303342813994463
1995-03-16 00:00:00,1.0303342813994463
1995-03-17 00:00:00,1.0303342813994463
1995-03-20 00:00:00,1.0303342813994463
1995-03-21 00:00:00,1.0303342813994463
1995-03-22 00:00:00,1.0303342813994463
1995-03-23 00:00:00,1.0303342813994463
1995-03-24 00:00:00,1.0303342813994463
1995-03-27 00:00:00,1.0303342813994463
1995-03-28 00:00:00,1.0303342813994463
1995-03-29 00:00:00,1.0303342813994463
1995-03-30 00:00:00,1.0303342813994463
1995-03-31 00:00:00,1.0303342813994463
1995-04-03 00:00:00,1.0303342813994463
1995-04-04 00:00:00,1.0303342813994463
1995-04-05 00:00:00,1.0303342813994463
1995-04-06 00:00:00,1.0303342813994463
1995-04-07 00:00:00,1.0303342813994463
1995-04-10 00:00:00,1.0303342813994463
1995-04-11 00:00:00,1.0303342813994463
1995-04-12 00:00:00,1.0303342813994463
1995-04-13 00:00:00,1.0303342813994463
1995-04-14 00:00:00,1.0303342813994463
1995-04-17 00:00:00,1.0303342813994463
1995-04-18 00:00:00,1.0303342813994463
1995-04-19 00:00:00,1.0303342813994463
1995-04-20 00:00:00,1.0303342813994463
1995-04-21 00:00:00,1.0303342813994463
1995-04-24 00:00:00,1.0303342813994463
1995-04-25 00:00:00,1.0303342813994463
1995-04-26 00:00:00,1.0303342813994463
1995-04-27 00:00:00,1.0303342813994463
1995-04-28 00:00:00,1.0303342813994463
1995-05-01 00:00:00,1.0303342813994463
1995-05-02 00:00:00,1.0303342813994463
1995-05-03 00:00:00,1.0303342813994463
1995-05-04 00:00:00,1.0303342813994463
1995-05-05 00:00:00,1.0303342813994463
1995-05-08 00:00:00,1.0303342813994463
1995-05-09 00:00:00,1.0303342813994463
1995-05-10 00:00:00,1.0303342813994463
1995-05-11 00:00:00,1.0303342813994463
1995-05-12 00:00:00,1.0303342813994463
1995-05-15 00:00:00,1.0303342813994463
1995-05-16 00:00:00,1.0303342813994463
1995-05-17 00:00:00,1.0303342813994463
1995-05-18 00:00:00,1.0303342813994463
1995-05-19 00:00:00,1.0303342813994463
1995-05-22 00:00:00,1.0303342813994463
1995-05-23 00:00:00,1.0303342813994463
1995-05-24 00:00:00,1.0303342813994463
1995-05-25 00:00:00,1.0303342813994463
1995-05-26 00:00:00,1.0303342813994463
1995-05-30 00:00:00,1.0303342813994463
1995-05-31 00:00:00,1.0303342813994463
1995-06-01 00:00:00,1.0303342813994463
1995-06-02 00:00:00,1.0303342813994463
1995-06-05 00:00:00,1.0303342813994463
1995-06-06 00:00:00,1.0303342813994463
1995-06-07 00:00:00,1.0303342813994463
1995-06-08 00:00:00,1.0303342813994463
1995-06-09 00:00:00,1.0303342813994463
1995-06-12 00:00:00,1.0303342813994463
1995-06-13 00:00:00,1.0303342813994463
1995-06-14 00:00:00,1.0303342813994463
1995-06-15 00:00:00,1.0303342813994463
1995-06-16 00:00:00,1.0303342813994463
1995-06-19 00:00:00,1.0303342813994463
1995-06-20 00:00:00,1.0303342813994463
1995-06-21 00:00:00,1.0303342813994463
1995-06-22 00:00:00,1.0303342813994463
1995-06-23 00:00:00,1.0303342813994463
1995-06-26 00:00:00,1.0303342813994463
1995-06-27 00:00:00,1.0303342813994463
1995-06-28 00:00:00,1.0303342813994463
1995-06-29 00:00:00,1.0303342813994463
1995-06-30 00:00:00,1.0303342813994463
1995-07-03 00:00:00,1.0303342813994463
1995-07-05 00:00:00,1.0303342813994463
1995-07-06 00:00:00,1.0303342813994463
1995-07-07 00:00:00,1.0303342813994463
1995-07-10 00:00:00,1.0303342813994463
1995-07-11 00:00:00,1.0303342813994463
1995-07-12 00:00:00,1.0303342813994463
1995-07-13 00:00:00,1.0303342813994463
1995-07-14 00:00:00,1.0303342813994463
1995-07-17 00:00:00,1.0303342813994463
1995-07-18 00:00:00,1.0303342813994463
1995-07-19 00:00:00,1.0303342813994463
1995-07-20 00:00:00,1.0303342813994463
1995-07-21 00:00:00,1.0303342813994463
1995-07-24 00:00:00,1.0303342813994463
1995-07-25 00:00:00,1.019462247585978
1995-07-26 00:00:00,1.0278048191701512
1995-07-27 00:00:00,1.0303342813994463
1995-07-28 00:00:00,1.0286465921588246
1995-07-31 00:00:00,1.0269644227521872
1995-08-01 00:00:00,1.025287746143612
1995-08-02 00:00:00,1.0261253995309845
1995-08-03 00:00:00,1.025287746143612
1995-08-04 00:00:00,1.0202904053825548
1995-08-07 00:00:00,1.0261253995309845
1995-08-08 00:00:00,1.0219507640568959
1995-08-09 00:00:00,1.022782971519483
1995-08-10 00:00:00,1.0217844850520053
1995-08-11 00:00:00,1.022782971519483
1995-08-14 00:00:00,1.0219507640568959
1995-08-15 00:00:00,1.0207049890499187
1995-08-16 00:00:00,1.0178099586919975
1995-08-17 00:00:00,1.0141118199644126
1995-08-18 00:00:00,1.0039788081742007
1995-08-21 00:00:00,1.00800761559063
1995-08-22 00:00:00,1.0108470736627162
1995-08-23 00:00:00,0.9999820772499401
1995-08-24 00:00:00,0.9952278042994652
1995-08-25 00:00:00,0.9952278042994652
1995-08-28 00:00:00,0.9928675802576482
1995-08-29 00:00:00,0.9940462912749704
1995-08-30 00:00:00,0.9979956209979538
1995-08-31 00:00:00,0.9968075309729563
1995-09-01 00:00:00,1.0031769081676716
1995-09-05 00:00:00,1.0071992694674619
1995-09-06 00:00:00,1.0039788081742007
1995-09-07 00:00:00,1.0031769081676716
1995-09-08 00:00:00,0.9999820772499401
1995-09-11 00:00:00,0.9975992764304408
1995-09-12 00:00:00,0.9983922806247416
1995-09-13 00:00:00,0.9995841536219061
1995-09-14 00:00:00,0.9999820772499401
1995-09-15 00:00:00,1.0003803178223216
1995-09-18 00:00:00,0.9968075309729563
1995-09-19 00:00:00,0.9968075309729563
1995-09-20 00:00:00,0.9909092615589151
1995-09-21 00:00:00,0.9949124596212966
1995-09-22 00:00:00,0.985080383549745
1995-09-25 00:00:00,0.9827679882831964
1995-09-26 00:00:00,0.9835375795034652
1995-09-27 00:00:00,0.9819996004893863
1995-09-28 00:00:00,0.9751378020387615
1995-09-29 00:00:00,0.9835375795034652
1995-10-02 00:00:00,0.9789380273000193
1995-10-03 00:00:00,0.9555337376348533
1995-10-04 00:00:00,0.9555337376348533
1995-10-05 00:00:00,0.9555337376348533
1995-10-06 00:00:00,0.9555337376348533
1995-10-10 00:00:00,0.9555337376348533
1995-10-11 00:00:00,0.9555337376348533
1995-10-12 00:00:00,0.9555337376348533
1995-10-13 00:00:00,0.9555337376348533
1995-10-16 00:00:00,0.9555337376348533
1995-10-17 00:00:00,0.9555337376348533
1995-10-18 00:00:00,0.9555337376348533
1995-10-19 00:00:00,0.9555337376348533
1995-10-20 00:00:00,0.9555337376348533
1995-10-23 00:00:00,0.9555337376348533
1995-10-24 00:00:00,0.9555337376348533
1995-10-25 00:00:00,0.9555337376348533
1995-10-26 00:00:00,0.9555337376348533
1995-10-27 00:00:00,0.9555337376348533
1995-10-30 00:00:00,0.9555337376348533
1995-10-31 00:00:00,0.9555337376348533
1995-11-01 00:00:00,0.9555337376348533
1995-11-02 00:00:00,0.9555337376348533
1995-11-03 00:00:00,0.9555337376348533
1995-11-06 00:00:00,0.9555337376348533
1995-11-07 00:00:00,0.9555337376348533
1995-11-08 00:00:00,0.9555337376348533
1995-11-09 00:00:00,0.9555337376348533
1995-11-10 00:00:00,0.9555337376348533
1995-11-13 00:00:00,0.9555337376348533
1995-11-14 00:00:00,0.9555337376348533
1995-11-15 00:00:00,0.9555337376348533
1995-11-16 00:00:00,0.9555337376348533
1995-11-17 00:00:00,0.9555337376348533
1995-11-20 00:00:00,0.9555337376348533
1995-11-21 00:00:00,0.9555337376348533
1995-11-22 00:00:00,0.9555337376348533
1995-11-24 00:00:00,0.9555337376348533
1995-11-27 00:00:00,0.9555337376348533
1995-11-28 00:00:00,0.9555337376348533
1995-11-29 00:00:00,0.9555337376348533
1995-11-30 00:00:00,0.9555337376348533
1995-12-01 00:00:00,0.9555337376348533
1995-12-04 00:00:00,0.9555337376348533
1995-12-05 00:00:00,0.9555337376348533
1995-12-06 00:00:00,0.9555337376348533
1995-12-07 00:00:00,0.9555337376348533
1995-12-08 00:00:00,0.9555337376348533
1995-12-11 00:00:00,0.9555337376348533
1995-12-12 00:00:00,0.9555337376348533
1995-12-13 00:00:00,0.9555337376348533
1995-12-14 00:00:00,0.9555337376348533
1995-12-15 00:00:00,0.9555337376348533
1995-12-18 00:00:00,0.9555337376348533
1995-12-19 00:00:00,0.9555337376348533
1995-12-20 00:00:00,0.9555337376348533
1995-12-21 00:00:00,0.9555337376348533
1995-12-22 00:00:00,0.9555337376348533
1995-12-26 00:00:00,0.9555337376348533
1995-12-27 00:00:00,0.9555337376348533
1995-12-28 00:00:00,0.9555337376348533
1995-12-29 00:00:00,0.9555337376348533
1996-01-02 00:00:00,0.9555337376348533
1996-01-03 00:00:00,0.9555337376348533
1996-01-04 00:00:00,0.9555337376348533
1996-01-05 00:00:00,0.9555337376348533
1996-01-08 00:00:00,0.9555337376348533
1996-01-09 00:00:00,0.9555337376348533
1996-01-10 00:00:00,0.9555337376348533
1996-01-11 00:00:00,0.9555337376348533
1996-01-12 00:00:00,0.9555337376348533
1996-01-16 00:00:00,0.9555337376348533
1996-01-17 00:00:00,0.9555337376348533
1996-01-18 00:00:00,0.9555337376348533
1996-01-19 00:00:00,0.9555337376348533
1996-01-22 00:00:00,0.9555337376348533
1996-01-23 00:00:00,0.9555337376348533
1996-01-24 00:00:00,0.9555337376348533
1996-01-25 00:00:00,0.9555337376348533
1996-01-26 00:00:00,0.9555337376348533
1996-01-29 00:00:00,0.9555337376348533
1996-01-30 00:00:00,0.9555337376348533
1996-01-31 00:00:00,0.9555337376348533
1996-02-01 00:00:00,0.9555337376348533
1996-02-02 00:00:00,0.9555337376348533
1996-02-05 00:00:00,0.9555337376348533
1996-02-06 00:00:00,0.9555337376348533
1996-02-07 00:00:00,0.9555337376348533
1996-02-08 00:00:00,0.9555337376348533
1996-02-09 00:00:00,0.9555337376348533
1996-02-12 00:00:00,0.9555337376348533
1996-02-13 00:00:00,0.9555337376348533
1996-02-14 00:00:00,0.9555337376348533
1996-02-15 00:00:00,0.9555337376348533
1996-02-16 00:00:00,0.9555337376348533
1996-02-20 00:00:00,0.9555337376348533
1996-02-21 00:00:00,0.9555337376348533
1996-02-22 00:00:00,0.9555337376348533
1996-02-23 00:00:00,0.9555337376348533
1996-02-26 00:00:00,0.9555337376348533
1996-02-27 00:00:00,0.9555337376348533
1996-02-28 00:00:00,0.9555337376348533
1996-02-29 00:00:00,0.9555337376348533
1996-03-01 00:00:00,0.9555337376348533
1996-03-04 00:00:00,0.9555337376348533
1996-03-05 00:00:00,0.9555337376348533
1996-03-06 00:00:00,0.9555337376348533
1996-03-07 00:00:00,0.9555337376348533
1996-03-08 00:00:00,0.9555337376348533
1996-03-11 00:00:00,0.9555337376348533
1996-03-12 00:00:00,0.9555337376348533
1996-03-13 00:00:00,0.9555337376348533
1996-03-14 00:00:00,0.9555337376348533
1996-03-15 00:00:00,0.9555337376348533
1996-03-18 00:00:00,0.9555337376348533
1996-03-19 00:00:00,0.9555337376348533
1996-03-20 00:00:00,0.9555337376348533
1996-03-21 00:00:00,0.9555337376348533
1996-03-22 00:00:00,0.9555337376348533
1996-03-25 00:00:00,0.9555337376348533
1996-03-26 00:00:00,0.9555337376348533
1996-03-27 00:00:00,0.9555337376348533
1996-03-28 00:00:00,0.9555337376348533
1996-03-29 00:00:00,0.9555337376348533
1996-04-01 00:00:00,0.9555337376348533
1996-04-02 00:00:00,0.9555337376348533
1996-04-03 00:00:00,0.9555337376348533
1996-04-04 00:00:00,0.9555337376348533
1996-04-05 00:00:00,0.9555337376348533
1996-04-08 00:00:00,0.9555337376348533
1996-04-09 00:00:00,0.9555337376348533
1996-04-10 00:00:00,0.9555337376348533
1996-04-11 00:00:00,0.9555337376348533
1996-04-12 00:00:00,0.9555337376348533
1996-04-15 00:00:00,0.9555337376348533
1996-04-16 00:00:00,0.9555337376348533
1996-04-17 00:00:00,0.9555337376348533
1996-04-18 00:00:00,0.9555337376348533
1996-04-19 00:00:00,0.9555337376348533
1996-04-22 00:00:00,0.9555337376348533
1996-04-23 00:00:00,0.9500643526046202
1996-04-24 00:00:00,0.9487865256340692
1996-04-25 00:00:00,0.9552102664982132
1996-04-26 00:00:00,0.9517306824189565
1996-04-29 00:00:00,0.9459873699999066
1996-04-30 00:00:00,0.9481489002808204
1996-05-01 00:00:00,0.9513456261752264
1996-05-02 00:00:00,0.9440251345720047
1996-05-03 00:00:00,0.943709407102248
1996-05-06 00:00:00,0.9368164433053525
1996-05-07 00:00:00,0.9396240849935802
1996-05-08 00:00:00,0.9418194683697335
1996-05-09 00:00:00,0.943709407102248
1996-05-10 00:00:00,0.9471304804094125
1996-05-13 00:00:00,0.9480214780391486
1996-05-14 00:00:00,0.9513456261752264
1996-05-15 00:00:00,0.9468762171931953
1996-05-16 00:00:00,0.9500643526046202
1996-05-17 00:00:00,0.9523731359645342
1996-05-20 00:00:00,0.9513456261752264
1996-05-21 00:00:00,0.9539185690452068
1996-05-22 00:00:00,0.9546931679644477
1996-05-23 00:00:00,0.9555337376348533
1996-05-24 00:00:00,0.9529520861991632
1996-05-28 00:00:00,0.9539185690452068
1996-05-29 00:00:00,0.9516664847338016
1996-05-30 00:00:00,0.9481489002808204
1996-05-31 00:00:00,0.9497445732870151
1996-06-03 00:00:00,0.943709407102248
1996-06-04 00:00:00,0.9492972437208054
1996-06-05 00:00:00,0.943709407102248
1996-06-06 00:00:00,0.9399370843556701
1996-06-07 00:00:00,0.9380622098523012
1996-06-10 00:00:00,0.9374389127028976
1996-06-11 00:00:00,0.9257516821639507
1996-06-12 00:00:00,0.9309439548781664
1996-06-13 00:00:00,0.9233282484410085
1996-06-14 00:00:00,0.9287989227240692
1996-06-17 00:00:00,0.9300234433868562
1996-06-18 00:00:00,0.9300234433868562
1996-06-19 00:00:00,0.9368164433053525
1996-06-20 00:00:00,0.9337164550746928
1996-06-21 00:00:00,0.9308825307586837
1996-06-24 00:00:00,0.9224227287465584
1996-06-25 00:00:00,0.9272727989601451
1996-06-26 00:00:00,0.9252659782383664
1996-06-27 00:00:00,0.9238119196031042
1996-06-28 00:00:00,0.9300234433868562
1996-07-01 00:00:00,0.9272727989601451
1996-07-02 00:00:00,0.929288343839982
1996-07-03 00:00:00,0.9281878708012242
1996-07-05 00:00:00,0.9241750056451337
1996-07-08 00:00:00,0.9197167950572757
1996-07-09 00:00:00,0.9233282484410085
1996-07-10 00:00:00,0.9251446318805646
1996-07-11 00:00:00,0.9223624239133504
1996-07-12 00:00:00,0.9230262110682766
1996-07-15 00:00:00,0.9224830414658433
1996-07-16 00:00:00,0.9203167407813835
1996-07-17 00:00:00,0.9212782836736718
1996-07-18 00:00:00,0.9239329165801317
1996-07-19 00:00:00,0.9259947253989635
1996-07-22 00:00:00,0.9242960977580326
1996-07-23 00:00:00,0.9273337476126335
1996-07-24 00:00:00,0.9273337476126335
1996-07-25 00:00:00,0.9294107797219111
1996-07-26 00:00:00,0.9285544054349486
1996-07-29 00:00:00,0.9384365861499673
1996-07-30 00:00:00,0.9313741507907717
1996-07-31 00:00:00,0.9294107797219111
1996-08-01 00:00:00,0.9318662903684681
1996-08-02 00:00:00,0.9353258841274602
1996-08-05 00:00:00,0.9342110737768909
1996-08-06 00:00:00,0.936194800011852
1996-08-07 00:00:00,0.936443358302045
1996-08-08 00:00:00,0.9365055184984141
1996-08-09 00:00:00,0.9380622098523012
1996-08-12 00:00:00,0.9395615101344305
1996-08-13 00:00:00,0.9415052142928669
1996-08-14 00:00:00,0.9415052142928669
1996-08-15 00:00:00,0.940250292314469
1996-08-16 00:00:00,0.9424486062911561
1996-08-19 00:00:00,0.9420710227149177
1996-08-20 00:00:00,0.9434569771418089
1996-08-21 00:00:00,0.9418194683697335
1996-08-22 00:00:00,0.9430785853060566
1996-08-23 00:00:00,0.9420710227149177
1996-08-26 00:00:00,0.9403129589561857
1996-08-27 00:00:00,0.9383741693500903
1996-08-28 00:00:00,0.9414423886413057
1996-08-29 00:00:00,0.9374389127028976
1996-08-30 00:00:00,0.9294107797219111
1996-09-03 00:00:00,0.9308825307586837
1996-09-04 00:00:00,0.9329755082779135
1996-09-05 00:00:00,0.9281878708012242
1996-09-06 00:00:00,0.9313741507907717
1996-09-09 00:00:00,0.9349539851675684
1996-09-10 00:00:00,0.9349539851675684
1996-09-11 00:00:00,0.9330989177366806
1996-09-12 00:00:00,0.9349539851675684
1996-09-13 00:00:00,0.9388112613906446
1996-09-16 00:00:00,0.9386863364057626
1996-09-17 00:00:00,0.9395615101344305
1996-09-18 00:00:00,0.9418194683697335
1996-09-19 00:00:00,0.9396240849935802
1996-09-20 00:00:00,0.9339636989394023
1996-09-23 00:00:00,0.9291659402119737
1996-09-24 00:00:00,0.9368164433053525
1996-09-25 00:00:00,0.936443358302045
1996-09-26 00:00:00,0.9354499162033291
1996-09-27 00:00:00,0.935573981178953
1996-09-30 00:00:00,0.9343348103429543
1996-10-01 00:00:00,0.9369408710438709
1996-10-02 00:00:00,0.9378127915566743
1996-10-03 00:00:00,0.936443358302045
1996-10-04 00:00:00,0.936194800011852
1996-10-07 00:00:00,0.9366920486109818
1996-10-08 00:00:00,0.9350779186226544
1996-10-09 00:00:00,0.9311282758829601
1996-10-10 00:00:00,0.9272118583187835
1996-10-11 00:00:00,0.9229658273046323
1996-10-15 00:00:00,0.9099362841482972
1996-10-16 00:00:00,0.9099362841482972
1996-10-17 00:00:00,0.9099362841482972
1996-10-18 00:00:00,0.9099362841482972
1996-10-21 00:00:00,0.9099362841482972
1996-10-22 00:00:00,0.9099362841482972
1996-10-23 00:00:00,0.9099362841482972
1996-10-24 00:00:00,0.9099362841482972
1996-10-25 00:00:00,0.9099362841482972
1996-10-28 00:00:00,0.9099362841482972
1996-10-29 00:00:00,0.9099362841482972
1996-10-30 00:00:00,0.9099362841482972
1996-10-31 00:00:00,0.9099362841482972
1996-11-01 00:00:00,0.9099362841482972
1996-11-04 00:00:00,0.9099362841482972
1996-11-05 00:00:00,0.9099362841482972
1996-11-06 00:00:00,0.9099362841482972
1996-11-07 00:00:00,0.9099362841482972
1996-11-08 00:00:00,0.9099362841482972
1996-11-12 00:00:00,0.9099362841482972
1996-11-13 00:00:00,0.9099362841482972
1996-11-14 00:00:00,0.9099362841482972
1996-11-15 00:00:00,0.9099362841482972
1996-11-18 00:00:00,0.9099362841482972
1996-11-19 00:00:00,0.9099362841482972
1996-11-20 00:00:00,0.9099362841482972
1996-11-21 00:00:00,0.9099362841482972
1996-11-22 00:00:00,0.9099362841482972
1996-11-25 00:00:00,0.9099362841482972
1996-11-26 00:00:00,0.9099362841482972
1996-11-27 00:00:00,0.9099362841482972
1996-11-29 00:00:00,0.9099362841482972
1996-12-02 00:00:00,0.9099362841482972
1996-12-03 00:00:00,0.9099362841482972
1996-12-04 00:00:00,0.9099362841482972
1996-12-05 00:00:00,0.9099362841482972
1996-12-06 00:00:00,0.9099362841482972
1996-12-09 00:00:00,0.9099362841482972
1996-12-10 00:00:00,0.9099362841482972
1996-12-11 00:00:00,0.9099362841482972
1996-12-12 00:00:00,0.9099362841482972
1996-12-13 00:00:00,0.9099362841482972
1996-12-16 00:00:00,0.9099362841482972
1996-12-17 00:00:00,0.9099362841482972
1996-12-18 00:00:00,0.9099362841482972
1996-12-19 00:00:00,0.9099362841482972
1996-12-20 00:00:00,0.9099362841482972
1996-12-23 00:00:00,0.9099362841482972
1996-12-24 00:00:00,0.9099362841482972
1996-12-26 00:00:00,0.9099362841482972
1996-12-27 00:00:00,0.9099362841482972
1996-12-30 00:00:00,0.9099362841482972
1996-12-31 00:00:00,0.9099362841482972
1997-01-02 00:00:00,0.9099362841482972
1997-01-03 00:00:00,0.9099362841482972
1997-01-06 00:00:00,0.9099362841482972
1997-01-07 00:00:00,0.9099362841482972
1997-01-08 00:00:00,0.9099362841482972
1997-01-09 00:00:00,0.9099362841482972
1997-01-10 00:00:00,0.9099362841482972
1997-01-13 00:00:00,0.9099362841482972
1997-01-14 00:00:00,0.9099362841482972
1997-01-15 00:00:00,0.9099362841482972
1997-01-16 00:00:00,0.9099362841482972
1997-01-17 00:00:00,0.9099362841482972
1997-01-21 00:00:00,0.9099362841482972
1997-01-22 00:00:00,0.9099362841482972
1997-01-23 00:00:00,0.9099362841482972
1997-01-24 00:00:00,0.9099362841482972
1997-01-27 00:00:00,0.9099362841482972
1997-01-28 00:00:00,0.9099362841482972
1997-01-29 00:00:00,0.9099362841482972
1997-01-30 00:00:00,0.9099362841482972
1997-01-31 00:00:00,0.9099362841482972
1997-02-03 00:00:00,0.9099362841482972
1997-02-04 00:00:00,0.9099362841482972
1997-02-05 00:00:00,0.9099362841482972
1997-02-06 00:00:00,0.9099362841482972
1997-02-07 00:00:00,0.9099362841482972
1997-02-10 00:00:00,0.9099362841482972
1997-02-11 00:00:00,0.9099362841482972
1997-02-12 00:00:00,0.9099362841482972
1997-02-13 00:00:00,0.9099362841482972
1997-02-14 00:00:00,0.9099362841482972
1997-02-18 00:00:00,0.9099362841482972
1997-02-19 00:00:00,0.9099362841482972
1997-02-20 00:00:00,0.9099362841482972
1997-02-21 00:00:00,0.9099362841482972
1997-02-24 00:00:00,0.9099362841482972
1997-02-25 00:00:00,0.9099362841482972
1997-02-26 00:00:00,0.9099362841482972
1997-02-27 00:00:00,0.9099362841482972
1997-02-28 00:00:00,0.9099362841482972
1997-03-03 00:00:00,0.9099362841482972
1997-03-04 00:00:00,0.9099362841482972
1997-03-05 00:00:00,0.9099362841482972
1997-03-06 00:00:00,0.9099362841482972
1997-03-07 00:00:00,0.9099362841482972
1997-03-10 00:00:00,0.9099362841482972
1997-03-11 00:00:00,0.9099362841482972
1997-03-12 00:00:00,0.9099362841482972
1997-03-13 00:00:00,0.9099362841482972
1997-03-14 00:00:00,0.9099362841482972
1997-03-17 00:00:00,0.9099362841482972
1997-03-18 00:00:00,0.9099362841482972
1997-03-19 00:00:00,0.9099362841482972
1997-03-20 00:00:00,0.9099362841482972
1997-03-21 00:00:00,0.9099362841482972
1997-03-24 00:00:00,0.9099362841482972
1997-03-25 00:00:00,0.9099362841482972
1997-03-26 00:00:00,0.9099362841482972
1997-03-27 00:00:00,0.9099362841482972
1997-03-28 00:00:00,0.9099362841482972
1997-03-31 00:00:00,0.9099362841482972
1997-04-01 00:00:00,0.9099362841482972
1997-04-02 00:00:00,0.9099362841482972
1997-04-03 00:00:00,0.9099362841482972
1997-04-04 00:00:00,0.9099362841482972
1997-04-07 00:00:00,0.9099362841482972
1997-04-08 00:00:00,0.9099362841482972
1997-04-09 00:00:00,0.9099362841482972
1997-04-10 00:00:00,0.9099362841482972
1997-04-11 00:00:00,0.9099362841482972
1997-04-14 00:00:00,0.9099362841482972
1997-04-15 00:00:00,0.9099362841482972
1997-04-16 00:00:00,0.9099362841482972
1997-04-17 00:00:00,0.9099362841482972
1997-04-18 00:00:00,0.9099362841482972
1997-04-21 00:00:00,0.9099362841482972
1997-04-22 00:00:00,0.9099362841482972
1997-04-23 00:00:00,0.9099362841482972
1997-04-24 00:00:00,0.9099362841482972
1997-04-25 00:00:00,0.9099362841482972
1997-04-28 00:00:00,0.9099362841482972
1997-04-29 00:00:00,0.9099362841482972
1997-04-30 00:00:00,0.9099362841482972
1997-05-01 00:00:00,0.9099362841482972
1997-05-02 00:00:00,0.9099362841482972
1997-05-05 00:00:00,0.9099362841482972
1997-05-06 00:00:00,0.9099362841482972
1997-05-07 00:00:00,0.9099362841482972
1997-05-08 00:00:00,0.9099362841482972
1997-05-09 00:00:00,0.9099362841482972
1997-05-12 00:00:00,0.9099362841482972
1997-05-13 00:00:00,0.9099362841482972
1997-05-14 00:00:00,0.9099362841482972
1997-05-15 00:00:00,0.9099362841482972
1997-05-16 00:00:00,0.9099362841482972
1997-05-19 00:00:00,0.9099362841482972
1997-05-20 00:00:00,0.9099362841482972
1997-05-21 00:00:00,0.9099362841482972
1997-05-22 00:00:00,0.9099362841482972
1997-05-23 00:00:00,0.9099362841482972
1997-05-27 00:00:00,0.9099362841482972
1997-05-28 00:00:00,0.9099362841482972
1997-05-29 00:00:00,0.9099362841482972
1997-05-30 00:00:00,0.9099362841482972
1997-06-02 00:00:00,0.9099362841482972
1997-06-03 00:00:00,0.9099362841482972
1997-06-04 00:00:00,0.9099362841482972
1997-06-05 00:00:00,0.9099362841482972
1997-06-06 00:00:00,0.9099362841482972
1997-06-09 00:00:00,0.9099362841482972
1997-06-10 00:00:00,0.9099362841482972
1997-06-11 00:00:00,0.9099362841482972
1997-06-12 00:00:00,0.9099362841482972
1997-06-13 00:00:00,0.9099362841482972
1997-06-16 00:00:00,0.9099362841482972
1997-06-17 00:00:00,0.9099362841482972
1997-06-18 00:00:00,0.9099362841482972
1997-06-19 00:00:00,0.9099362841482972
1997-06-20 00:00:00,0.9099362841482972
1997-06-23 00:00:00,0.9099362841482972
1997-06-24 00:00:00,0.9099362841482972
1997-06-25 00:00:00,0.9099362841482972
1997-06-26 00:00:00,0.9099362841482972
1997-06-27 00:00:00,0.9099362841482972
1997-06-30 00:00:00,0.9099362841482972
1997-07-01 00:00:00,0.9099362841482972
1997-07-02 00:00:00,0.9099362841482972
1997-07-03 00:00:00,0.9099362841482972
1997-07-07 00:00:00,0.9099362841482972
1997-07-08 00:00:00,0.9099362841482972
1997-07-09 00:00:00,0.9099362841482972
1997-07-10 00:00:00,0.9099362841482972
1997-07-11 00:00:00,0.9099362841482972
1997-07-14 00:00:00,0.9099362841482972
1997-07-15 00:00:00,0.9099362841482972
1997-07-16 00:00:00,0.9099362841482972
1997-07-17 00:00:00,0.9099362841482972
1997-07-18 00:00:00,0.9099362841482972
1997-07-21 00:00:00,0.9099362841482972
1997-07-22 00:00:00,0.9099362841482972
1997-07-23 00:00:00,0.9099362841482972
1997-07-24 00:00:00,0.910168558885795
1997-07-25 00:00:00,0.9173103497388995
1997-07-28 00:00:00,0.9163673424402731
1997-07-29 00:00:00,0.9143698754802161
1997-07-30 00:00:00,0.9180188798751552
1997-07-31 00:00:00,0.9113317135936364
1997-08-01 00:00:00,0.9115647013767358
1997-08-04 00:00:00,0.9112152643585746
1997-08-05 00:00:00,0.9136669646214228
1997-08-06 00:00:00,0.9166029124511832
1997-08-07 00:00:00,0.9151913063231784
1997-08-08 00:00:00,0.9107497648620951
1997-08-11 00:00:00,0.9142526485731034
1997-08-12 00:00:00,0.9166029124511832
1997-08-13 00:00:00,0.9163673424402731
1997-08-14 00:00:00,0.9177825815791769
1997-08-15 00:00:00,0.9186693280348088
1997-08-18 00:00:00,0.9183735555531495
1997-08-19 00:00:00,0.9189652910915213
1997-08-20 00:00:00,0.9183735555531495
1997-08-21 00:00:00,0.9189652910915213
1997-08-22 00:00:00,0.9162496028356938
1997-08-25 00:00:00,0.9189652910915213
1997-08-26 00:00:00,0.9192614449075351
1997-08-27 00:00:00,0.9190837297164848
1997-08-28 00:00:00,0.9174873797195504
1997-08-29 00:00:00,0.9160142143699684
1997-09-02 00:00:00,0.9168386036089233
1997-09-03 00:00:00,0.9174283621343373
1997-09-04 00:00:00,0.9155438000860452
1997-09-05 00:00:00,0.9133744039539168
1997-09-08 00:00:00,0.9160142143699684
1997-09-09 00:00:00,0.9166029124511832
1997-09-10 00:00:00,0.9168975453385028
1997-09-11 00:00:00,0.9166029124511832
1997-09-12 00:00:00,0.9168975453385028
1997-09-15 00:00:00,0.9180779734625305
1997-09-16 00:00:00,0.9181370746581955
1997-09-17 00:00:00,0.9201510527574458
1997-09-18 00:00:00,0.9183735555531495
1997-09-19 00:00:00,0.9198543255556536
1997-09-22 00:00:00,0.9231288878796383
1997-09-23 00:00:00,0.9177825815791769
1997-09-24 00:00:00,0.9116229669377061
1997-09-25 00:00:00,0.9124978450249782
1997-09-26 00:00:00,0.9113317135936364
1997-09-29 00:00:00,0.9122060324746024
1997-09-30 00:00:00,0.917192367700348
1997-10-01 00:00:00,0.9194747938767881
1997-10-02 00:00:00,0.9192614449075351
1997-10-03 00:00:00,0.91967638107689
1997-10-06 00:00:00,0.9186693280348088
1997-10-07 00:00:00,0.9206262146746971
1997-10-08 00:00:00,0.9186693280348088
1997-10-09 00:00:00,0.9177825815791769
1997-10-10 00:00:00,0.9192021988747364
1997-10-14 00:00:00,0.9207450818425055
1997-10-15 00:00:00,0.9211018675885051
1997-10-16 00:00:00,0.9203885723890302
1997-10-17 00:00:00,0.9207450818425055
1997-10-20 00:00:00,0.9231288878796383
1997-10-21 00:00:00,0.9240619212758779
1997-10-22 00:00:00,0.9232484022359146
1997-10-23 00:00:00,0.9194392288383452
1997-10-24 00:00:00,0.9095880942436486
1997-10-27 00:00:00,0.8757922106221516
1997-10-28 00:00:00,0.8757922106221516
1997-10-29 00:00:00,0.8757922106221516
1997-10-30 00:00:00,0.8757922106221516
1997-10-31 00:00:00,0.8757922106221516
1997-11-03 00:00:00,0.856587248585574
1997-11-04 00:00:00,0.8587064837963254
1997-11-05 00:00:00,0.8510162476078013
1997-11-06 00:00:00,0.8724555847693768
1997-11-07 00:00:00,0.8724052518837089
1997-11-10 00:00:00,0.8617398525133517
1997-11-12 00:00:00,0.8691467627413588
1997-11-13 00:00:00,0.872254253226705
1997-11-14 00:00:00,0.8669282450413236
1997-11-17 00:00:00,0.8583038207109819
1997-11-18 00:00:00,0.858253487825314
1997-11-19 00:00:00,0.8619746944096138
1997-11-20 00:00:00,0.8567438012294308
1997-11-21 00:00:00,0.8517815563366152
1997-11-24 00:00:00,0.856968688719928
1997-11-25 00:00:00,0.8573520582793057
1997-11-26 00:00:00,0.8541478137604016
1997-11-28 00:00:00,0.8540974808747337
1997-12-01 00:00:00,0.8513103319071745
1997-12-02 00:00:00,0.8479536837108104
1997-12-03 00:00:00,0.844795446959554
1997-12-04 00:00:00,0.8417278699579682
1997-12-05 00:00:00,0.8466951708454381
1997-12-08 00:00:00,0.8427470430378976
1997-12-09 00:00:00,0.8420251382773125
1997-12-10 00:00:00,0.8454339368149352
1997-12-11 00:00:00,0.8530984550934742
1997-12-12 00:00:00,0.8486558236607423
1997-12-15 00:00:00,0.8452829381579313
1997-12-16 00:00:00,0.839640257748147
1997-12-17 00:00:00,0.8385759528797622
1997-12-18 00:00:00,0.8372832495308977
1997-12-19 00:00:00,0.8436342159689907
1997-12-22 00:00:00,0.8425791278504532
1997-12-23 00:00:00,0.8438679742640932
1997-12-24 00:00:00,0.8507291061021196
1997-12-26 00:00:00,0.8454357335313979
1997-12-29 00:00:00,0.8385618641999686
1997-12-30 00:00:00,0.8365915029982461
1997-12-31 00:00:00,0.8368805864455542
1998-01-02 00:00:00,0.8356978831884568
1998-01-05 00:00:00,0.833602186958424
1998-01-06 00:00:00,0.8333240261491022
1998-01-07 00:00:00,0.8361134207309218
1998-01-08 00:00:00,0.83741991293409
1998-01-09 00:00:00,0.8388349315774599
1998-01-12 00:00:00,0.8618196802766698
1998-01-13 00:00:00,0.8476491659473836
1998-01-14 00:00:00,0.8508970743182455
1998-01-15 00:00:00,0.861668681619666
1998-01-16 00:00:00,0.8510154334275555
1998-01-20 00:00:00,0.8529315283024299
1998-01-21 00:00:00,0.8593742068869585
1998-01-22 00:00:00,0.8646632651862663
1998-01-23 00:00:00,0.8614170171913264
1998-01-26 00:00:00,0.8594380216980584
1998-01-27 00:00:00,0.8580972495021866
1998-01-28 00:00:00,0.869737608943308
1998-01-29 00:00:00,0.8800519872007092
1998-01-30 00:00:00,0.8774334615480713
1998-02-02 00:00:00,0.8765580963559692
1998-02-03 00:00:00,0.8750084023942849
1998-02-04 00:00:00,0.8725170894362474
1998-02-05 00:00:00,0.8738187694548946
1998-02-06 00:00:00,0.8737684365692266
1998-02-09 00:00:00,0.8768222601451299
1998-02-10 00:00:00,0.8817949327107746
1998-02-11 00:00:00,0.8772368126489775
1998-02-12 00:00:00,0.8769804655770599
1998-02-13 00:00:00,0.8784728676144549
1998-02-17 00:00:00,0.8786278199628833
1998-02-18 00:00:00,0.8865087001040134
1998-02-19 00:00:00,0.8859542994867057
1998-02-20 00:00:00,0.890419451112059
1998-02-23 00:00:00,0.8943433492187101
1998-02-24 00:00:00,0.8923105166684648
1998-02-25 00:00:00,0.8895691535670033
1998-02-26 00:00:00,0.8876149611444207
1998-02-27 00:00:00,0.8838834101329072
1998-03-02 00:00:00,0.880732735508875
1998-03-03 00:00:00,0.8840358875952007
1998-03-04 00:00:00,0.8897172281094243
1998-03-05 00:00:00,0.8922561483654333
1998-03-06 00:00:00,0.8911620396290977
1998-03-09 00:00:00,0.8932462359657409
1998-03-10 00:00:00,0.8935423776804773
1998-03-11 00:00:00,0.8972847942170067
1998-03-12 00:00:00,0.8882148950801839
1998-03-13 00:00:00,0.8866594099184203
1998-03-16 00:00:00,0.8893145650240808
1998-03-17 00:00:00,0.8898132655315821
1998-03-18 00:00:00,0.8897629326459142
1998-03-19 00:00:00,0.8872113133198701
1998-03-20 00:00:00,0.8885134852726853
1998-03-23 00:00:00,0.8838370687716609
1998-03-24 00:00:00,0.883786735885993
1998-03-25 00:00:00,0.8827241264861501
1998-03-26 00:00:00,0.8820652869648336
1998-03-27 00:00:00,0.8826234607148142
1998-03-30 00:00:00,0.8836865015467343
1998-03-31 00:00:00,0.88201576559791
1998-04-01 00:00:00,0.8900071539605577
1998-04-02 00:00:00,0.8820165532984899
1998-04-03 00:00:00,0.8849987905708924
1998-04-06 00:00:00,0.881915887527154
1998-04-07 00:00:00,0.8830305603465319
1998-04-08 00:00:00,0.8811045469772116
1998-04-09 00:00:00,0.8793234147101726
1998-04-10 00:00:00,0.8783539694901576
1998-04-13 00:00:00,0.8810551448270195
1998-04-14 00:00:00,0.878559890987889
1998-04-15 00:00:00,0.8766154778155258
1998-04-16 00:00:00,0.8796834109109394
1998-04-17 00:00:00,0.878102305061818
1998-04-20 00:00:00,0.8768234528266226
1998-04-21 00:00:00,0.8748723224592554
1998-04-22 00:00:00,0.8753879595797629
1998-04-23 00:00:00,0.8757487794112517
1998-04-24 00:00:00,0.8768271160201068
1998-04-27 00:00:00,0.8805518159703402
1998-04-28 00:00:00,0.8778521946957173
1998-04-29 00:00:00,0.8794341100355784
1998-04-30 00:00:00,0.878058043978803
1998-05-01 00:00:00,0.8783140096566411
1998-05-04 00:00:00,0.8766275798090393
1998-05-05 00:00:00,0.8761672574339429
1998-05-06 00:00:00,0.8766293509752893
1998-05-07 00:00:00,0.8787246266850303
1998-05-08 00:00:00,0.8763237871634273
1998-05-11 00:00:00,0.8754528944743785
1998-05-12 00:00:00,0.8794899329242362
1998-05-13 00:00:00,0.8799478213423249
1998-05-14 00:00:00,0.878880448293231
1998-05-15 00:00:00,0.880354780370868
1998-05-18 00:00:00,0.8819248505483565
1998-05-19 00:00:00,0.8862994644890002
1998-05-20 00:00:00,0.8922105182998911
1998-05-21 00:00:00,0.8916665674075016
1998-05-22 00:00:00,0.8930953765720324
1998-05-26 00:00:00,0.9005869399654577
1998-05-27 00:00:00,0.9159821422580041
1998-05-28 00:00:00,0.9060293550842031
1998-05-29 00:00:00,0.9097791708507516
1998-06-01 00:00:00,0.9175052675522717
1998-06-02 00:00:00,0.9148478092039504
1998-06-03 00:00:00,0.9067813013088938
1998-06-04 00:00:00,0.90530023746885
1998-06-05 00:00:00,0.9041975910074718
1998-06-08 00:00:00,0.9104218341453949
1998-06-09 00:00:00,0.9097104635490403
1998-06-10 00:00:00,0.9140785226822702
1998-06-11 00:00:00,0.9241884145724374
1998-06-12 00:00:00,0.9318203705163483
1998-06-15 00:00:00,0.929075137898753
1998-06-16 00:00:00,0.9260396807069411
1998-06-17 00:00:00,0.915227148972985
1998-06-18 00:00:00,0.9169530282786995
1998-06-19 00:00:00,0.914846803216691
1998-06-22 00:00:00,0.9173994967604765
1998-06-23 00:00:00,0.9168855376146163
1998-06-24 00:00:00,0.9196091833260047
1998-06-25 00:00:00,0.9209388699433952
1998-06-26 00:00:00,0.9292525504756215
1998-06-29 00:00:00,0.9276695299513176
1998-06-30 00:00:00,0.9235340870587542
1998-07-01 00:00:00,0.9194496642553799
1998-07-02 00:00:00,0.9231596252259453
1998-07-03 00:00:00,0.9202693196749365
1998-07-06 00:00:00,0.9224193901589233
1998-07-07 00:00:00,0.9209951865588456
1998-07-08 00:00:00,0.9172586086322722
1998-07-09 00:00:00,0.9197001065286984
1998-07-10 00:00:00,0.9205688615724495
1998-07-13 00:00:00,0.9152055663517122
1998-07-14 00:00:00,0.9111839238077604
1998-07-15 00:00:00,0.9109457665872659
1998-07-16 00:00:00,0.9101903361598239
1998-07-17 00:00:00,0.9079229360301
1998-07-20 00:00:00,0.9051203160818517
1998-07-21 00:00:00,0.9072543168238137
1998-07-22 00:00:00,0.9124750150808115
1998-07-23 00:00:00,0.9118631130788665
1998-07-24 00:00:00,0.9127483070269153
1998-07-27 00:00:00,0.9140041766542886
1998-07-28 00:00:00,0.9139538437686205
1998-07-29 00:00:00,0.9165961743528761
1998-07-30 00:00:00,0.914969510872793
1998-07-31 00:00:00,0.9164029495759172
1998-08-03 00:00:00,0.9202223102123246
1998-08-04 00:00:00,0.920446996577847
1998-08-05 00:00:00,0.9242276968228953
1998-08-06 00:00:00,0.9261698713191848
1998-08-07 00:00:00,0.9257579869051504
1998-08-10 00:00:00,0.9357555468876727
1998-08-11 00:00:00,0.9407458553218397
1998-08-12 00:00:00,0.9398234226504154
1998-08-13 00:00:00,0.9430337122356188
1998-08-14 00:00:00,0.9411172066180261
1998-08-17 00:00:00,0.9497160573025388
1998-08-18 00:00:00,0.9443952801137137
1998-08-19 00:00:00,0.940443858007832
1998-08-20 00:00:00,0.9502880170791973
1998-08-21 00:00:00,0.9820459700586295
1998-08-24 00:00:00,0.9792458978414739
1998-08-25 00:00:00,0.9732356800648266
1998-08-26 00:00:00,0.9942166083248724
1998-08-27 00:00:00,1.0024079922127154
1998-08-28 00:00:00,1.0082383162161883
1998-08-31 00:00:00,1.003417127425403
1998-09-01 00:00:00,1.0037359875931455
1998-09-02 00:00:00,0.999977010202141
1998-09-03 00:00:00,1.013106291050655
1998-09-04 00:00:00,1.0149210278002359
1998-09-08 00:00:00,1.026279569884017
1998-09-09 00:00:00,1.0305012798196889
1998-09-10 00:00:00,1.0478232901571218
1998-09-11 00:00:00,1.041192812658131
1998-09-14 00:00:00,1.0414744538457408
1998-09-15 00:00:00,1.0191695025021925
1998-09-16 00:00:00,1.007634321588173
1998-09-17 00:00:00,1.0260658495027366
1998-09-18 00:00:00,1.0143964751521621
1998-09-21 00:00:00,1.0266574269523396
1998-09-22 00:00:00,1.0114219289435225
1998-09-23 00:00:00,1.012092197072102
1998-09-24 00:00:00,1.0126891879639992
1998-09-25 00:00:00,1.0208802925910114
1998-09-28 00:00:00,1.011581076098136
1998-09-29 00:00:00,1.011530743212468
1998-09-30 00:00:00,1.0176253064096163
1998-10-01 00:00:00,1.0265312856650541
1998-10-02 00:00:00,1.0255121877603892
1998-10-05 00:00:00,1.017757595027566
1998-10-06 00:00:00,1.0169986269467497
1998-10-07 00:00:00,1.0173027854289343
1998-10-08 00:00:00,1.0301285489229801
1998-10-09 00:00:00,1.0196738566340324
1998-10-13 00:00:00,1.0173643147404587
1998-10-14 00:00:00,1.0160369351126621
1998-10-15 00:00:00,1.0120563813919192
1998-10-16 00:00:00,1.0091207806934914
1998-10-19 00:00:00,1.0101551013946128
1998-10-20 00:00:00,1.0064766652178103
1998-10-21 00:00:00,1.0056963752954797
1998-10-22 00:00:00,1.0023431602704358
1998-10-23 00:00:00,1.005595709524144
1998-10-26 00:00:00,1.0043011068618244
1998-10-27 00:00:00,1.016648457915251
1998-10-28 00:00:00,1.0148221825328194
1998-10-29 00:00:00,1.0179622873131435
1998-10-30 00:00:00,1.0098464825294255
1998-11-02 00:00:00,1.001622006395092
1998-11-03 00:00:00,1.0045119667403748
1998-11-04 00:00:00,0.9984085844756101
1998-11-05 00:00:00,1.0012495362668774
1998-11-06 00:00:00,1.000386001698125
1998-11-09 00:00:00,1.0028434259381027
1998-11-10 00:00:00,1.003527429822584
1998-11-12 00:00:00,1.0057442548629434
1998-11-13 00:00:00,1.0015881669854168
1998-11-16 00:00:00,0.9995047248085932
1998-11-17 00:00:00,0.9977825756032954
1998-11-18 00:00:00,0.9973597001474082
1998-11-19 00:00:00,0.9965631566150472
1998-11-20 00:00:00,0.9942651468117643
1998-11-23 00:00:00,0.9923313175723483
1998-11-24 00:00:00,0.9964121579580434
1998-11-25 00:00:00,0.9965485185993861
1998-11-27 00:00:00,0.9992132478221477
1998-11-30 00:00:00,1.001821379562006
1998-12-01 00:00:00,1.0033862665403195
1998-12-02 00:00:00,0.9991363546442993
1998-12-03 00:00:00,1.0007494737714622
1998-12-04 00:00:00,1.0008835065860655
1998-12-07 00:00:00,1.0019374339960798
1998-12-08 00:00:00,0.9968171747519414
1998-12-09 00:00:00,0.9976972157989239
1998-12-10 00:00:00,0.9973494175881843
1998-12-11 00:00:00,0.9964052519859451
1998-12-14 00:00:00,0.9968021051184733
1998-12-15 00:00:00,0.9974215403402351
1998-12-16 00:00:00,0.9922805331882917
1998-12-17 00:00:00,0.9857675114031035
1998-12-18 00:00:00,0.9836022387028618
1998-12-21 00:00:00,0.9825093007161938
1998-12-22 00:00:00,0.9859997726661389
1998-12-23 00:00:00,0.9870968778302832
1998-12-24 00:00:00,0.9919785358742841
1998-12-28 00:00:00,0.9889008387862894
1998-12-29 00:00:00,0.9899886459287655
1998-12-30 00:00:00,0.9959503793487059
1998-12-31 00:00:00,0.9929813009106208
1999-01-04 00:00:00,0.9876341096951486
1999-01-05 00:00:00,0.9849069600310307
1999-01-06 00:00:00,0.9836265582818422
1999-01-07 00:00:00,0.9874068950894115
1999-01-08 00:00:00,0.9858672456200887
1999-01-11 00:00:00,0.9967888682284457
1999-01-12 00:00:00,1.00728612691154
1999-01-13 00:00:00,1.0416343205125727
1999-01-14 00:00:00,1.036964850262024
1999-01-15 00:00:00,1.020600362918135
1999-01-19 00:00:00,1.0191560991135684
1999-01-20 00:00:00,1.0138298163178465
1999-01-21 00:00:00,1.0204493642611312
1999-01-22 00:00:00,1.0142602361194217
1999-01-25 00:00:00,1.0161505546372767
1999-01-26 00:00:00,1.015395738707864
1999-01-27 00:00:00,1.011802209392743
1999-01-28 00:00:00,1.0122855753649824
1999-01-29 00:00:00,1.0104174490288893
1999-02-01 00:00:00,1.0080730024838611
1999-02-02 00:00:00,1.006220273465375
1999-02-03 00:00:00,1.0083317478524916
1999-02-04 00:00:00,1.0075622373619872
1999-02-05 00:00:00,1.0057077237902516
1999-02-08 00:00:00,1.0058382111933086
1999-02-09 00:00:00,1.0048828799379803
1999-02-10 00:00:00,1.0035981411472854
1999-02-11 00:00:00,0.9990839274914008
1999-02-12 00:00:00,0.9951851035044629
1999-02-16 00:00:00,0.9930832042101669
1999-02-17 00:00:00,0.9901414994029907
1999-02-18 00:00:00,0.9901665519902383
1999-02-19 00:00:00,0.9938661436858368
1999-02-22 00:00:00,0.9934425177036349
1999-02-23 00:00:00,0.9948831061904553
1999-02-24 00:00:00,0.9939389405882161
1999-02-25 00:00:00,0.9981151978743289
1999-02-26 00:00:00,0.9937263939291194
1999-03-01 00:00:00,0.9920687150259564
1999-03-02 00:00:00,0.9947058305131395
1999-03-03 00:00:00,0.9956953724912601
1999-03-04 00:00:00,0.9934131477148254
1999-03-05 00:00:00,0.9889338714013255
1999-03-08 00:00:00,0.9860028734150802
1999-03-09 00:00:00,0.9826274977121527
1999-03-10 00:00:00,0.9829992026913668
1999-03-11 00:00:00,0.979094650814944
1999-03-12 00:00:00,0.980590739469067
1999-03-15 00:00:00,0.9743164189619491
1999-03-16 00:00:00,0.9734808541669117
1999-03-17 00:00:00,0.9736662611511743
1999-03-18 00:00:00,0.9702229696396467
1999-03-19 00:00:00,0.9729366308483167
1999-03-22 00:00:00,0.9760207619661095
1999-03-23 00:00:00,0.9724423337714789
1999-03-24 00:00:00,0.9737679327653007
1999-03-25 00:00:00,0.9703673896793913
1999-03-26 00:00:00,0.9659374116429753
1999-03-29 00:00:00,0.9597518761116343
1999-03-30 00:00:00,0.9618114287876899
1999-03-31 00:00:00,0.9602203900394732
1999-04-01 00:00:00,0.9598855719603222
1999-04-02 00:00:00,0.9592249228224796
1999-04-05 00:00:00,0.9563136721172507
1999-04-06 00:00:00,0.9579007320527081
1999-04-07 00:00:00,0.9580954133328671
1999-04-08 00:00:00,0.9573913650964364
1999-04-09 00:00:00,0.9651937478015402
1999-04-12 00:00:00,0.9629736123495269
1999-04-13 00:00:00,0.958872592622804
1999-04-14 00:00:00,0.9588222597371361
1999-04-15 00:00:00,0.9612074341596747
1999-04-16 00:00:00,0.9603469692522842
1999-04-19 00:00:00,0.9477699116698869
1999-04-20 00:00:00,0.9508060927424279
1999-04-21 00:00:00,0.9469567385369981
1999-04-22 00:00:00,0.9442546265557403
1999-04-23 00:00:00,0.9401289078709226
1999-04-26 00:00:00,0.9422064127353252
1999-04-27 00:00:00,0.9437064310110952
1999-04-28 00:00:00,0.9408304171124957
1999-04-29 00:00:00,0.9378740498555305
1999-04-30 00:00:00,0.9358026384742713
1999-05-03 00:00:00,0.9375159450669812
1999-05-04 00:00:00,0.9386655697490964
1999-05-05 00:00:00,0.9429137240632913
1999-05-06 00:00:00,0.9437090617172738
1999-05-07 00:00:00,0.9444604397934822
1999-05-10 00:00:00,0.9402999947373025
1999-05-11 00:00:00,0.9365696200738912
1999-05-12 00:00:00,0.942365646396814
1999-05-13 00:00:00,0.9374993780054033
1999-05-14 00:00:00,0.9459332427727102
1999-05-17 00:00:00,0.9454630044037368
1999-05-18 00:00:00,0.9401257567131445
1999-05-19 00:00:00,0.9410960164019322
1999-05-20 00:00:00,0.9434168675489933
1999-05-21 00:00:00,0.9458913630342021
1999-05-24 00:00:00,0.9483497425936394
1999-05-25 00:00:00,0.9604045986843829
1999-05-26 00:00:00,0.9697329824502332
1999-05-27 00:00:00,0.9767135419608126
1999-05-28 00:00:00,0.9795546044887149
1999-06-01 00:00:00,0.9808460244798098
1999-06-02 00:00:00,0.978107381610367
1999-06-03 00:00:00,0.968889495126688
1999-06-04 00:00:00,0.9654680594226189
1999-06-07 00:00:00,0.9559406071895733
1999-06-08 00:00:00,0.9560943560564811
1999-06-09 00:00:00,0.9613127035233768
1999-06-10 00:00:00,0.9640698004730094
1999-06-11 00:00:00,0.959598548181203
1999-06-14 00:00:00,0.9625679833124406
1999-06-15 00:00:00,0.957105604975789
1999-06-16 00:00:00,0.9527198095560733
1999-06-17 00:00:00,0.9457396699614826
1999-06-18 00:00:00,0.9445153568222082
1999-06-21 00:00:00,0.9467677420776164
1999-06-22 00:00:00,0.9438263836775782
1999-06-23 00:00:00,0.9468757458635032
1999-06-24 00:00:00,0.9530342687842156
1999-06-25 00:00:00,0.954868328759142
1999-06-28 00:00:00,0.953999817788671
1999-06-29 00:00:00,0.9485474548672532
1999-06-30 00:00:00,0.9506091109036914
1999-07-01 00:00:00,0.9451107251729562
1999-07-02 00:00:00,0.9435918982036784
1999-07-06 00:00:00,0.9405880418286698
1999-07-07 00:00:00,0.9438273721350107
1999-07-08 00:00:00,0.9413334998574788
1999-07-09 00:00:00,0.9439786227416752
1999-07-12 00:00:00,0.9512467159725728
1999-07-13 00:00:00,0.9511963830869048
1999-07-14 00:00:00,0.9411321683148071
1999-07-15 00:00:00,0.9419261483704285
1999-07-16 00:00:00,0.9429707246212232
1999-07-19 00:00:00,0.9382246161057326
1999-07-20 00:00:00,0.9378762743492016
1999-07-21 00:00:00,0.9417248168277568
1999-07-22 00:00:00,0.9448246283493376
1999-07-23 00:00:00,0.9452342004407229
1999-07-26 00:00:00,0.947184435548194
1999-07-27 00:00:00,0.9434165984893131
1999-07-28 00:00:00,0.9444140707975277
1999-07-29 00:00:00,0.9472827907456721
1999-07-30 00:00:00,0.9459840969672462
1999-08-02 00:00:00,0.9459337640815783
1999-08-03 00:00:00,0.9504413898018857
1999-08-04 00:00:00,0.949359819741544
1999-08-05 00:00:00,0.9532137355859974
1999-08-06 00:00:00,0.9535721038852653
1999-08-09 00:00:00,0.9526220595551552
1999-08-10 00:00:00,0.9551019475180453
1999-08-11 00:00:00,0.947328026061867
1999-08-12 00:00:00,0.9416778288200205
1999-08-13 00:00:00,0.9444374198810667
1999-08-16 00:00:00,0.9420819116336403
1999-08-17 00:00:00,0.940262121212598
1999-08-18 00:00:00,0.938943010171394
1999-08-19 00:00:00,0.9440270851768117
1999-08-20 00:00:00,0.9452291036822271
1999-08-23 00:00:00,0.9404828104862153
1999-08-24 00:00:00,0.9381906060966443
1999-08-25 00:00:00,0.9375034641195407
1999-08-26 00:00:00,0.9397408561298806
1999-08-27 00:00:00,0.9441429828956824
1999-08-30 00:00:00,0.9457597891741222
1999-08-31 00:00:00,0.944292840591837
1999-09-01 00:00:00,0.9394550300031937
1999-09-02 00:00:00,0.9427704220789088
1999-09-03 00:00:00,0.9400298145152038
1999-09-07 00:00:00,0.9409063394902857
1999-09-08 00:00:00,0.9404349779293214
1999-09-09 00:00:00,0.9400474977500608
1999-09-10 00:00:00,0.937586611468629
1999-09-13 00:00:00,0.9380026207407351
1999-09-14 00:00:00,0.9389678542310856
1999-09-15 00:00:00,0.9363736940150523
1999-09-16 00:00:00,0.94681586207007
1999-09-17 00:00:00,0.9426020869134818
1999-09-20 00:00:00,0.9380050929229501
1999-09-21 00:00:00,0.9355338406081978
1999-09-22 00:00:00,0.9346732330097952
1999-09-23 00:00:00,0.9362843086459722
1999-09-24 00:00:00,0.9408827118079542
1999-09-27 00:00:00,0.9369905276831256
1999-09-28 00:00:00,0.9404878452426869
1999-09-29 00:00:00,0.9405215921779341
1999-09-30 00:00:00,0.9397981172529627
1999-10-01 00:00:00,0.9441860127412669
1999-10-04 00:00:00,0.9479473766125677
1999-10-05 00:00:00,0.9499530965467977
1999-10-06 00:00:00,0.9461112016707188
1999-10-07 00:00:00,0.9488668810611326
1999-10-08 00:00:00,0.9499251161237215
1999-10-12 00:00:00,0.9491360891779383
1999-10-13 00:00:00,0.9532938574497085
1999-10-14 00:00:00,0.9632704528002117
1999-10-15 00:00:00,0.9691124876187631
1999-10-18 00:00:00,0.9700353867993198
1999-10-19 00:00:00,0.965329960079843
1999-10-20 00:00:00,0.9606864352841648
1999-10-21 00:00:00,0.963216676647194
1999-10-22 00:00:00,0.9591889904601898
1999-10-25 00:00:00,0.9628389385633663
1999-10-26 00:00:00,0.9615194240599103
1999-10-27 00:00:00,0.9633712856710225
1999-10-28 00:00:00,0.9623710394754481
1999-10-29 00:00:00,0.9605730425581136
1999-11-01 00:00:00,0.9610001377291582
1999-11-02 00:00:00,0.9574749030003109
1999-11-03 00:00:00,0.9548077139673374
1999-11-04 00:00:00,0.9493060153497507
1999-11-05 00:00:00,0.9472841643116905
1999-11-08 00:00:00,0.9476453891393943
1999-11-09 00:00:00,0.9447049842194106
1999-11-10 00:00:00,0.9431599562588251
1999-11-12 00:00:00,0.9411077778080712
1999-11-15 00:00:00,0.9393814024840784
1999-11-16 00:00:00,0.9425927490596154
1999-11-17 00:00:00,0.9382295700271184
1999-11-18 00:00:00,0.9378001289510448
1999-11-19 00:00:00,0.9360604453169635
1999-11-22 00:00:00,0.9353747367488148
1999-11-23 00:00:00,0.9366363884057891
1999-11-24 00:00:00,0.9352316762395233
1999-11-26 00:00:00,0.9386426714939453
1999-11-29 00:00:00,0.9410223439842702
1999-11-30 00:00:00,0.9438019373728203
1999-12-01 00:00:00,0.9475479842464102
1999-12-02 00:00:00,0.9517856576837308
1999-12-03 00:00:00,0.9482677432331748
1999-12-06 00:00:00,0.9466982610002
1999-12-07 00:00:00,0.9457005941414541
1999-12-08 00:00:00,0.947870798945933
1999-12-09 00:00:00,0.9438226268185785
1999-12-10 00:00:00,0.9427352479064757
1999-12-13 00:00:00,0.9423524785240718
1999-12-14 00:00:00,0.9423437156523913
1999-12-15 00:00:00,0.93907951602711
1999-12-16 00:00:00,0.9381060809401752
1999-12-17 00:00:00,0.9352733814838725
1999-12-20 00:00:00,0.9355190807914707
1999-12-21 00:00:00,0.9343256842975004
1999-12-22 00:00:00,0.9332565113041031
1999-12-23 00:00:00,0.9389451227681453
1999-12-24 00:00:00,0.9423565099300967
1999-12-27 00:00:00,0.9456140215527625
1999-12-28 00:00:00,0.9495371103070479
1999-12-29 00:00:00,0.9516812665574708
1999-12-30 00:00:00,0.9485388153184713
1999-12-31 00:00:00,0.9472610855198159
2000-01-03 00:00:00,0.9407234935473205
2000-01-04 00:00:00,0.9452708488849729
2000-01-05 00:00:00,0.9515916624816544
2000-01-06 00:00:00,0.9541250801394875
2000-01-07 00:00:00,0.9502738843096322
2000-01-10 00:00:00,0.9440800010054653
2000-01-11 00:00:00,0.9471135911350418
2000-01-12 00:00:00,0.9497163287515759
2000-01-13 00:00:00,0.9492590114602275
2000-01-14 00:00:00,0.9447034408357406
2000-01-18 00:00:00,0.9434979388086173
2000-01-19 00:00:00,0.9415423723478306
2000-01-20 00:00:00,0.9406607714302055
2000-01-21 00:00:00,0.9438424318828869
2000-01-24 00:00:00,0.9469156558857831
2000-01-25 00:00:00,0.9501263526369451
2000-01-26 00:00:00,0.9494666646270586
2000-01-27 00:00:00,0.9496195567959489
2000-01-28 00:00:00,0.954495050519704
2000-01-31 00:00:00,0.9591497347926999
2000-02-01 00:00:00,0.9556760385253292
2000-02-02 00:00:00,0.9538623273993516
2000-02-03 00:00:00,0.9485543510608764
2000-02-04 00:00:00,0.9461350435526704
2000-02-07 00:00:00,0.9423798872843775
2000-02-08 00:00:00,0.9395068343233526
2000-02-09 00:00:00,0.9392064574408476
2000-02-10 00:00:00,0.9422702474533163
2000-02-11 00:00:00,0.9411016856805582
2000-02-14 00:00:00,0.9385548916256918
2000-02-15 00:00:00,0.9380451434012382
2000-02-16 00:00:00,0.9366552633889265
2000-02-17 00:00:00,0.9388210766531131
2000-02-18 00:00:00,0.9350842207975204
2000-02-22 00:00:00,0.9411313493369868
2000-02-23 00:00:00,0.9399189698524155
2000-02-24 00:00:00,0.9372831921033028
2000-02-25 00:00:00,0.9368980083656119
2000-02-28 00:00:00,0.9388941652963533
2000-02-29 00:00:00,0.9356651090429737
2000-03-01 00:00:00,0.9354887708854424
2000-03-02 00:00:00,0.933585711303559
2000-03-03 00:00:00,0.9313345094310503
2000-03-06 00:00:00,0.9314963323028083
2000-03-07 00:00:00,0.9286790633433133
2000-03-08 00:00:00,0.9275165248119213
2000-03-09 00:00:00,0.9292186391282667
2000-03-10 00:00:00,0.9312950007601366
2000-03-13 00:00:00,0.9308627055009306
2000-03-14 00:00:00,0.9313215738050098
2000-03-15 00:00:00,0.9327949179077049
2000-03-16 00:00:00,0.9317294539511125
2000-03-17 00:00:00,0.931424929936684
2000-03-20 00:00:00,0.9312898303136956
2000-03-21 00:00:00,0.9294551849515413
2000-03-22 00:00:00,0.9272701355219981
2000-03-23 00:00:00,0.9239960629029547
2000-03-24 00:00:00,0.919606473995219
2000-03-27 00:00:00,0.919119616443024
2000-03-28 00:00:00,0.9192002908648599
2000-03-29 00:00:00,0.9235788845021196
2000-03-30 00:00:00,0.9296134800502392
2000-03-31 00:00:00,0.9281573403928498
2000-04-03 00:00:00,0.9281496810819531
2000-04-04 00:00:00,0.9299724486693175
2000-04-05 00:00:00,0.9369098345012511
2000-04-06 00:00:00,0.9342641238581021
2000-04-07 00:00:00,0.9306868878168097
2000-04-10 00:00:00,0.9278980166536133
2000-04-11 00:00:00,0.934281087384366
2000-04-12 00:00:00,0.9368250257771756
2000-04-13 00:00:00,0.9369414775857904
2000-04-14 00:00:00,0.945304055381196
2000-04-17 00:00:00,0.9437412877952898
2000-04-18 00:00:00,0.9399459562702414
2000-04-19 00:00:00,0.9360725810246227
2000-04-20 00:00:00,0.9370231696973155
2000-04-21 00:00:00,0.9370977724057058
2000-04-24 00:00:00,0.9400339831758096
2000-04-25 00:00:00,0.9370387429764194
2000-04-26 00:00:00,0.9373213415213442
2000-04-27 00:00:00,0.9409970744467743
2000-04-28 00:00:00,0.9373870353347877
2000-05-01 00:00:00,0.9309649254098833
2000-05-02 00:00:00,0.9308300617288825
2000-05-03 00:00:00,0.9336016857840649
2000-05-04 00:00:00,0.9359779923393795
2000-05-05 00:00:00,0.9428317915810372
2000-05-08 00:00:00,0.9429862945102707
2000-05-09 00:00:00,0.9433453094033147
2000-05-10 00:00:00,0.9501482695877131
2000-05-11 00:00:00,0.9509811906373298
2000-05-12 00:00:00,0.9492992675354007
2000-05-15 00:00:00,0.9503186889629807
2000-05-16 00:00:00,0.9447674696781422
2000-05-17 00:00:00,0.9481643704555323
2000-05-18 00:00:00,0.9506493141952852
2000-05-19 00:00:00,0.9541920245972575
2000-05-22 00:00:00,0.9498259861920446
2000-05-23 00:00:00,0.9440674392085573
2000-05-24 00:00:00,0.9470638932869836
2000-05-25 00:00:00,0.9444558743071791
2000-05-26 00:00:00,0.9461530954939252
2000-05-30 00:00:00,0.9452909286285062
2000-05-31 00:00:00,0.9445084855499744
2000-06-01 00:00:00,0.942744495367066
2000-06-02 00:00:00,0.9481755477430284
2000-06-05 00:00:00,0.9472776457014184
2000-06-06 00:00:00,0.9574341020625913
2000-06-07 00:00:00,0.9658649467104087
2000-06-08 00:00:00,0.9746353214012679
2000-06-09 00:00:00,0.9770193589602254
2000-06-12 00:00:00,0.9712891259993737
2000-06-13 00:00:00,0.9659712579005963
2000-06-14 00:00:00,0.9658824834249118
2000-06-15 00:00:00,0.9703792905500868
2000-06-16 00:00:00,0.9760951576040302
2000-06-19 00:00:00,0.9749587233176056
2000-06-20 00:00:00,0.9726511619848845
2000-06-21 00:00:00,0.9677392902721214
2000-06-22 00:00:00,0.9725504962135486
2000-06-23 00:00:00,0.9796755022132854
2000-06-26 00:00:00,0.9831612948812897
2000-06-27 00:00:00,0.9877734453765913
2000-06-28 00:00:00,0.9790430352399206
2000-06-29 00:00:00,0.9729774384806534
2000-06-30 00:00:00,0.9695216623641132
2000-07-03 00:00:00,0.9467151851654979
2000-07-05 00:00:00,0.9436260495857551
2000-07-06 00:00:00,0.9469775731679505
2000-07-07 00:00:00,0.9429554857940964
2000-07-10 00:00:00,0.9422528124977976
2000-07-11 00:00:00,0.9371920228624597
2000-07-12 00:00:00,0.9406393932914938
2000-07-13 00:00:00,0.9369673331915555
2000-07-14 00:00:00,0.9357990085516179
2000-07-17 00:00:00,0.9288884913225594
2000-07-18 00:00:00,0.9285426648006825
2000-07-19 00:00:00,0.9349009008713589
2000-07-20 00:00:00,0.9319315151518786
2000-07-21 00:00:00,0.9287715458694499
2000-07-24 00:00:00,0.9275381614368111
2000-07-25 00:00:00,0.9299765583750528
2000-07-26 00:00:00,0.9302204577150261
2000-07-27 00:00:00,0.9308418302194881
2000-07-28 00:00:00,0.9302878258903349
2000-07-31 00:00:00,0.9305733456537887
2000-08-01 00:00:00,0.9285879336684245
2000-08-02 00:00:00,0.9285376007827565
2000-08-03 00:00:00,0.9320973172813907
2000-08-04 00:00:00,0.9294477283819799
2000-08-07 00:00:00,0.927711296455243
2000-08-08 00:00:00,0.9287577484543594
2000-08-09 00:00:00,0.9267648695212993
2000-08-10 00:00:00,0.9262909755985541
2000-08-11 00:00:00,0.9225791746001321
2000-08-14 00:00:00,0.9196957805550083
2000-08-15 00:00:00,0.9191281715084079
2000-08-16 00:00:00,0.91413000173416
2000-08-17 00:00:00,0.914603384422038
2000-08-18 00:00:00,0.9198389269746441
2000-08-21 00:00:00,0.9207343741244595
2000-08-22 00:00:00,0.9187902290668637
2000-08-23 00:00:00,0.9216200791100005
2000-08-24 00:00:00,0.919120766693413
2000-08-25 00:00:00,0.9180347609672611
2000-08-28 00:00:00,0.9163390950828301
2000-08-29 00:00:00,0.9179773019823565
2000-08-30 00:00:00,0.9163251949555633
2000-08-31 00:00:00,0.9150584266021446
2000-09-01 00:00:00,0.9156602156124382
2000-09-05 00:00:00,0.9197154439518396
2000-09-06 00:00:00,0.9250458075421015
2000-09-07 00:00:00,0.9246560072161596
2000-09-08 00:00:00,0.9257078789222726
2000-09-11 00:00:00,0.9218718115588302
2000-09-12 00:00:00,0.9191196737484899
2000-09-13 00:00:00,0.9218138837456976
2000-09-14 00:00:00,0.9238095726347276
2000-09-15 00:00:00,0.9283244299320176
2000-09-18 00:00:00,0.9334096096383852
2000-09-19 00:00:00,0.9333177949298826
2000-09-20 00:00:00,0.9360782328082652
2000-09-21 00:00:00,0.934376958463175
2000-09-22 00:00:00,0.9375395057631092
2000-09-25 00:00:00,0.9336139548708677
2000-09-26 00:00:00,0.9315282019005526
2000-09-27 00:00:00,0.9323930415337786
2000-09-28 00:00:00,0.933297196090835
2000-09-29 00:00:00,0.9344057090822244
2000-10-02 00:00:00,0.9316599079895241
2000-10-03 00:00:00,0.9309015313056376
2000-10-04 00:00:00,0.9342547104252206
2000-10-05 00:00:00,0.9356481101905104
2000-10-06 00:00:00,0.9362970927973591
2000-10-10 00:00:00,0.9361645526928916
2000-10-11 00:00:00,0.9373455070432318
2000-10-12 00:00:00,0.9405596373757198
2000-10-13 00:00:00,0.9465568119108672
2000-10-16 00:00:00,0.9427278214070319
2000-10-17 00:00:00,0.9425966873343
2000-10-18 00:00:00,0.9450433456531327
2000-10-19 00:00:00,0.9423343683970997
2000-10-20 00:00:00,0.9433335718196859
2000-10-23 00:00:00,0.9444907003112429
2000-10-24 00:00:00,0.9442795912497172
2000-10-25 00:00:00,0.9487057400594521
2000-10-26 00:00:00,0.9540999646407115
2000-10-27 00:00:00,0.94924032384415
2000-10-30 00:00:00,0.9467225038209083
2000-10-31 00:00:00,0.9434646806733007
2000-11-01 00:00:00,0.9447808035857915
2000-11-02 00:00:00,0.9447304707001236
2000-11-03 00:00:00,0.9469999928328441
2000-11-06 00:00:00,0.9493348220874517
2000-11-07 00:00:00,0.94987846194519
2000-11-08 00:00:00,0.9474864922844493
2000-11-09 00:00:00,0.9498173615224336
2000-11-10 00:00:00,0.9463493528183122
2000-11-13 00:00:00,0.9435347263069385
2000-11-14 00:00:00,0.9373649147001887
2000-11-15 00:00:00,0.9348558976655251
2000-11-16 00:00:00,0.9374276089054788
2000-11-17 00:00:00,0.9358225726761097
2000-11-20 00:00:00,0.9340466153810224
2000-11-21 00:00:00,0.9304388395251251
2000-11-22 00:00:00,0.9272175604075154
2000-11-24 00:00:00,0.9290895474215918
2000-11-27 00:00:00,0.9266977503580948
2000-11-28 00:00:00,0.9300712544210945
2000-11-29 00:00:00,0.9286883450972551
2000-11-30 00:00:00,0.9298042644173853
2000-12-01 00:00:00,0.9305848464335735
2000-12-04 00:00:00,0.9300361764397815
2000-12-05 00:00:00,0.9267311042335333
2000-12-06 00:00:00,0.929436537926255
2000-12-07 00:00:00,0.9311298313935873
2000-12-08 00:00:00,0.9285862185649124
2000-12-11 00:00:00,0.9324762656706842
2000-12-12 00:00:00,0.9344428886396613
2000-12-13 00:00:00,0.9327056131287418
2000-12-14 00:00:00,0.9298827612868226
2000-12-15 00:00:00,0.9291674140431379
2000-12-18 00:00:00,0.9266968950424128
2000-12-19 00:00:00,0.9258085416526941
2000-12-20 00:00:00,0.9311735887492176
2000-12-21 00:00:00,0.9433399671752463
2000-12-22 00:00:00,0.9448098541655265
2000-12-26 00:00:00,0.9388044941864061
2000-12-27 00:00:00,0.9425470713550341
2000-12-28 00:00:00,0.9448983405470248
2000-12-29 00:00:00,0.9457248412860714
2001-01-02 00:00:00,0.9532425835378122
2001-01-03 00:00:00,0.9625968497163123
2001-01-04 00:00:00,0.9518909769080246
2001-01-05 00:00:00,0.9561235580772953
2001-01-08 00:00:00,0.9512417256160186
2001-01-09 00:00:00,0.9554804788150475
2001-01-10 00:00:00,0.9607047887860166
2001-01-11 00:00:00,0.9629794026673004
2001-01-12 00:00:00,0.9653906708751531
2001-01-16 00:00:00,0.9724067600677954
2001-01-17 00:00:00,0.9654786882458736
2001-01-18 00:00:00,0.9658054353269554
2001-01-19 00:00:00,0.9585247192586238
2001-01-22 00:00:00,0.9580899508096037
2001-01-23 00:00:00,0.9567295931326028
2001-01-24 00:00:00,0.9507664817496729
2001-01-25 00:00:00,0.9503238975806705
2001-01-26 00:00:00,0.9510576627537997
2001-01-29 00:00:00,0.9488471577586315
2001-01-30 00:00:00,0.9484421718126947
2001-01-31 00:00:00,0.9494941210435857
2001-02-01 00:00:00,0.9536657433578499
2001-02-02 00:00:00,0.9564041165410491
2001-02-05 00:00:00,0.9572017933061738
2001-02-06 00:00:00,0.9500781835896847
2001-02-07 00:00:00,0.9504199401090722
2001-02-08 00:00:00,0.9474585311731505
2001-02-09 00:00:00,0.9557663615395113
2001-02-12 00:00:00,0.9539349069492924
2001-02-13 00:00:00,0.9510015752287212
2001-02-14 00:00:00,0.952044688561859
2001-02-15 00:00:00,0.9490190717322929
2001-02-16 00:00:00,0.9507723525294155
2001-02-20 00:00:00,0.9489184059609571
2001-02-21 00:00:00,0.9504369178591633
2001-02-22 00:00:00,0.9531165521680334
2001-02-23 00:00:00,0.9514305996537664
2001-02-26 00:00:00,0.9477726519273724
2001-02-27 00:00:00,0.9489810289015472
2001-02-28 00:00:00,0.9495976953637137
2001-03-01 00:00:00,0.9506043132148827
2001-03-02 00:00:00,0.9474925126736556
2001-03-05 00:00:00,0.9452289250301638
2001-03-06 00:00:00,0.9451389528746335
2001-03-07 00:00:00,0.9461574387725871
2001-03-08 00:00:00,0.9454740930079271
2001-03-09 00:00:00,0.9475559813030685
2001-03-12 00:00:00,0.9470328510139925
2001-03-13 00:00:00,0.9442922055023559
2001-03-14 00:00:00,0.939447634225595
2001-03-15 00:00:00,0.9411621521317919
2001-03-16 00:00:00,0.9434258827603207
2001-03-19 00:00:00,0.939457411744449
2001-03-20 00:00:00,0.9347171288225298
2001-03-21 00:00:00,0.9362904652386007
2001-03-22 00:00:00,0.940269661149502
2001-03-23 00:00:00,0.9464221254321508
2001-03-26 00:00:00,0.9363824296777289
2001-03-27 00:00:00,0.9345468099532068
2001-03-28 00:00:00,0.936524574211562
2001-03-29 00:00:00,0.9353398182591771
2001-03-30 00:00:00,0.9318661230710691
2001-04-02 00:00:00,0.9259592127006784
2001-04-03 00:00:00,0.9242431585892177
2001-04-04 00:00:00,0.9265643371875454
2001-04-05 00:00:00,0.9235996052145395
2001-04-06 00:00:00,0.9250091833017818
2001-04-09 00:00:00,0.9211937640814453
2001-04-10 00:00:00,0.917978093126808
2001-04-11 00:00:00,0.9151637965796245
2001-04-12 00:00:00,0.9170714948279152
2001-04-13 00:00:00,0.9163412055192124
2001-04-16 00:00:00,0.918581053228922
2001-04-17 00:00:00,0.9147063546636324
2001-04-18 00:00:00,0.9060232966658541
2001-04-19 00:00:00,0.9133654858604584
2001-04-20 00:00:00,0.9218321731644501
2001-04-23 00:00:00,0.9230373978611615
2001-04-24 00:00:00,0.9146254488650803
2001-04-25 00:00:00,0.9167458606553698
2001-04-26 00:00:00,0.911869733556046
2001-04-27 00:00:00,0.9157527998922228
2001-04-30 00:00:00,0.9120267849039059
2001-05-01 00:00:00,0.9129628227751149
2001-05-02 00:00:00,0.9145367964623948
2001-05-03 00:00:00,0.9141023600356171
2001-05-04 00:00:00,0.9114817934153172
2001-05-07 00:00:00,0.9084117192433289
2001-05-08 00:00:00,0.9074943884950137
2001-05-09 00:00:00,0.907400656302559
2001-05-10 00:00:00,0.9058719385041629
2001-05-11 00:00:00,0.9086431819084553
2001-05-14 00:00:00,0.9056405644961547
2001-05-15 00:00:00,0.9032301679101256
2001-05-16 00:00:00,0.9031798350244575
2001-05-17 00:00:00,0.8883083215249127
2001-05-18 00:00:00,0.8864353178915754
2001-05-21 00:00:00,0.8832677412724685
2001-05-22 00:00:00,0.8863346521202394
2001-05-23 00:00:00,0.8926284218369569
2001-05-24 00:00:00,0.8959811032433506
2001-05-25 00:00:00,0.8961090882277721
2001-05-29 00:00:00,0.8952557063810669
2001-05-30 00:00:00,0.9026391622411066
2001-05-31 00:00:00,0.9025888293554387
2001-06-01 00:00:00,0.9038516429761467
2001-06-04 00:00:00,0.9002018316867997
2001-06-05 00:00:00,0.9030949408062862
2001-06-06 00:00:00,0.8988646675140184
2001-06-07 00:00:00,0.898283244492019
2001-06-08 00:00:00,0.8942273483260811
2001-06-11 00:00:00,0.8915745334920544
2001-06-12 00:00:00,0.895466277359923
2001-06-13 00:00:00,0.8965733551708667
2001-06-14 00:00:00,0.8916035519960026
2001-06-15 00:00:00,0.8921826528714163
2001-06-18 00:00:00,0.8920424604721459
2001-06-19 00:00:00,0.8953037620570852
2001-06-20 00:00:00,0.8948074872882655
2001-06-21 00:00:00,0.8920711609948564
2001-06-22 00:00:00,0.8936345556596786
2001-06-25 00:00:00,0.8926884988311362
2001-06-26 00:00:00,0.8927726505281871
2001-06-27 00:00:00,0.8934388177020726
2001-06-28 00:00:00,0.8947285222558452
2001-06-29 00:00:00,0.8922180645290704
2001-07-02 00:00:00,0.8891957961839729
2001-07-03 00:00:00,0.8894165368436833
2001-07-05 00:00:00,0.8917977848398939
2001-07-06 00:00:00,0.9004526856278285
2001-07-09 00:00:00,0.8970933721410312
2001-07-10 00:00:00,0.8996923941526218
2001-07-11 00:00:00,0.912419308023898
2001-07-12 00:00:00,0.9178717936273613
2001-07-13 00:00:00,0.9161364435169701
2001-07-16 00:00:00,0.9130348240661541
2001-07-17 00:00:00,0.9009781770140646
2001-07-18 00:00:00,0.899170281171804
2001-07-19 00:00:00,0.9030637072761947
2001-07-20 00:00:00,0.901878038980666
2001-07-23 00:00:00,0.8952588170320763
2001-07-24 00:00:00,0.8956083124769824
2001-07-25 00:00:00,0.9002375084872284
2001-07-26 00:00:00,0.9001871756015605
2001-07-27 00:00:00,0.9025436257537874
2001-07-30 00:00:00,0.8996473594571416
2001-07-31 00:00:00,0.8992453607498201
2001-08-01 00:00:00,0.9049584823346345
2001-08-02 00:00:00,0.9005495168819373
2001-08-03 00:00:00,0.9005430056667033
2001-08-06 00:00:00,0.8971043585658063
2001-08-07 00:00:00,0.8961249742342333
2001-08-08 00:00:00,0.8939875626264295
2001-08-09 00:00:00,0.8932688685714749
2001-08-10 00:00:00,0.8964608882572693
2001-08-13 00:00:00,0.8936584421284228
2001-08-14 00:00:00,0.8966255638769876
2001-08-15 00:00:00,0.8930229403901276
2001-08-16 00:00:00,0.892794171861548
2001-08-17 00:00:00,0.895633718456661
2001-08-20 00:00:00,0.8973515551230347
2001-08-21 00:00:00,0.8959315668366516
2001-08-22 00:00:00,0.8953497943174135
2001-08-23 00:00:00,0.8959194063760619
2001-08-24 00:00:00,0.8978993539656207
2001-08-27 00:00:00,0.8948884660183247
2001-08-28 00:00:00,0.8976225475197107
2001-08-29 00:00:00,0.8981883701507933
2001-08-30 00:00:00,0.9014490550959525
2001-08-31 00:00:00,0.9030266613097853
2001-09-04 00:00:00,0.9022371765994383
2001-09-05 00:00:00,0.9069025519602841
2001-09-06 00:00:00,0.909509847241419
2001-09-07 00:00:00,0.9132436219071162
2001-09-10 00:00:00,0.9161442850176438
2001-09-12 00:00:00,0.9222611433710084
2001-09-13 00:00:00,0.9244369903322616
2001-09-14 00:00:00,0.926518415097219
2001-09-17 00:00:00,0.922853618559356
2001-09-18 00:00:00,0.9217289236735754
2001-09-19 00:00:00,0.9207671998707105
2001-09-20 00:00:00,0.9254166131399301
2001-09-21 00:00:00,0.9262667506688793
2001-09-24 00:00:00,0.9223460286826961
2001-09-25 00:00:00,0.9256751781339125
2001-09-26 00:00:00,0.929858849597416
2001-09-27 00:00:00,0.9324716156011307
2001-09-28 00:00:00,0.9283790790440783
2001-10-01 00:00:00,0.9279221892573579
2001-10-02 00:00:00,0.928115841769758
2001-10-03 00:00:00,0.9291210040687168
2001-10-04 00:00:00,0.9292327995495697
2001-10-05 00:00:00,0.9336946027486519
2001-10-09 00:00:00,0.9280770817300708
2001-10-10 00:00:00,0.9192321538428923
2001-10-11 00:00:00,0.9128550028028266
2001-10-12 00:00:00,0.9151209515921315
2001-10-15 00:00:00,0.9070106535664989
2001-10-16 00:00:00,0.9043806360077016
2001-10-17 00:00:00,0.9054072047215973
2001-10-18 00:00:00,0.9035892227805623
2001-10-19 00:00:00,0.9014160089684112
2001-10-22 00:00:00,0.9007309579022289
2001-10-23 00:00:00,0.9031788850906884
2001-10-24 00:00:00,0.9018726996430754
2001-10-25 00:00:00,0.9046317293992424
2001-10-26 00:00:00,0.9074138460430347
2001-10-29 00:00:00,0.9037119099787749
2001-10-30 00:00:00,0.9054271241905496
2001-10-31 00:00:00,0.9064066589384836
2001-11-01 00:00:00,0.907725342428993
2001-11-02 00:00:00,0.9068627256325825
2001-11-05 00:00:00,0.902682649554716
2001-11-06 00:00:00,0.9014283782591656
2001-11-07 00:00:00,0.9010656415755974
2001-11-08 00:00:00,0.901362408953525
2001-11-09 00:00:00,0.9025245575770052
2001-11-13 00:00:00,0.9041999737463393
2001-11-14 00:00:00,0.9029424013782642
2001-11-15 00:00:00,0.9011610774108533
2001-11-16 00:00:00,0.9006768220865345
2001-11-19 00:00:00,0.8993654456154949
2001-11-20 00:00:00,0.8970877416829917
2001-11-21 00:00:00,0.8950617686711714
2001-11-23 00:00:00,0.8954513063723332
2001-11-26 00:00:00,0.89671770635594
2001-11-27 00:00:00,0.9040912323528403
2001-11-28 00:00:00,0.9061001927219394
2001-11-29 00:00:00,0.9087365672153714
2001-11-30 00:00:00,0.9044130980429437
2001-12-03 00:00:00,0.8997390993925746
2001-12-04 00:00:00,0.901250380089133
2001-12-05 00:00:00,0.9008535489565018
2001-12-06 00:00:00,0.9030500951034269
2001-12-07 00:00:00,0.9006228688104002
2001-12-10 00:00:00,0.8979633331580049
2001-12-11 00:00:00,0.8947154010397056
2001-12-12 00:00:00,0.8951485294461474
2001-12-13 00:00:00,0.8923213923771862
2001-12-14 00:00:00,0.8891631500055964
2001-12-17 00:00:00,0.8912465271967864
2001-12-18 00:00:00,0.8906194248908094
2001-12-19 00:00:00,0.8927829421585227
2001-12-20 00:00:00,0.8952855386747461
2001-12-21 00:00:00,0.8926822763871869
2001-12-24 00:00:00,0.8893066042593112
2001-12-26 00:00:00,0.8897901671763807
2001-12-27 00:00:00,0.8933693660372635
2001-12-28 00:00:00,0.8971780981410433
2001-12-31 00:00:00,0.8945006077927926
2002-01-02 00:00:00,0.8890549398309715
2002-01-03 00:00:00,0.8910030929752105
2002-01-04 00:00:00,0.892897320974707
2002-01-07 00:00:00,0.8950892293909156
2002-01-08 00:00:00,0.8961334833506606
2002-01-09 00:00:00,0.8980459112463811
2002-01-10 00:00:00,0.9020647522301775
2002-01-11 00:00:00,0.902272749876533
2002-01-14 00:00:00,0.8965874738616552
2002-01-15 00:00:00,0.8945679563164982
2002-01-16 00:00:00,0.8979682499291641
2002-01-17 00:00:00,0.890721209421187
2002-01-18 00:00:00,0.8915554450117366
2002-01-22 00:00:00,0.8941472293214078
2002-01-23 00:00:00,0.8927780046919757
2002-01-24 00:00:00,0.8911392793391821
2002-01-25 00:00:00,0.8920603743141602
2002-01-28 00:00:00,0.8938581060620514
2002-01-29 00:00:00,0.8948600101732188
2002-01-30 00:00:00,0.8967316437329294
2002-01-31 00:00:00,0.8930920282011772
2002-02-01 00:00:00,0.8935250509936087
2002-02-04 00:00:00,0.8945710973995946
2002-02-05 00:00:00,0.8913550683363085
2002-02-06 00:00:00,0.8907746917399196
2002-02-07 00:00:00,0.8909894677828316
2002-02-08 00:00:00,0.8926141211157957
2002-02-11 00:00:00,0.8863581254584895
2002-02-12 00:00:00,0.8877346505791159
2002-02-13 00:00:00,0.8833886045975745
2002-02-14 00:00:00,0.8870103525677091
2002-02-15 00:00:00,0.8846352371242658
2002-02-19 00:00:00,0.885301641386317
2002-02-20 00:00:00,0.8868593539107053
2002-02-21 00:00:00,0.8857823943288831
2002-02-22 00:00:00,0.8890702080868316
2002-02-25 00:00:00,0.885905129487478
2002-02-26 00:00:00,0.8863458458859639
2002-02-27 00:00:00,0.8875872522360947
2002-02-28 00:00:00,0.8901964570987021
2002-03-01 00:00:00,0.8870416244042538
2002-03-04 00:00:00,0.8856534650591382
2002-03-05 00:00:00,0.8854244212731445
2002-03-06 00:00:00,0.8861776679392878
2002-03-07 00:00:00,0.8851449658395172
2002-03-08 00:00:00,0.8846473138726337
2002-03-11 00:00:00,0.8848654315918443
2002-03-12 00:00:00,0.8848598232169271
2002-03-13 00:00:00,0.8881054828221714
2002-03-14 00:00:00,0.888276886942378
2002-03-15 00:00:00,0.8856469020967005
2002-03-18 00:00:00,0.8844795640531793
2002-03-19 00:00:00,0.8843844869353283
2002-03-20 00:00:00,0.8843341540496604
2002-03-21 00:00:00,0.8834775807539033
2002-03-22 00:00:00,0.881179266198148
2002-03-25 00:00:00,0.8795026705995397
2002-03-26 00:00:00,0.8804469352507208
2002-03-27 00:00:00,0.8791756215241414
2002-03-28 00:00:00,0.8786268032538957
2002-03-29 00:00:00,0.8775322140897901
2002-04-01 00:00:00,0.8787074752785309
2002-04-02 00:00:00,0.8775679069669857
2002-04-03 00:00:00,0.8809568992002026
2002-04-04 00:00:00,0.8815819667170929
2002-04-05 00:00:00,0.8798636165046803
2002-04-08 00:00:00,0.8790898599312821
2002-04-09 00:00:00,0.8809357839855452
2002-04-10 00:00:00,0.881605519875678
2002-04-11 00:00:00,0.8837077752214817
2002-04-12 00:00:00,0.8840151004744422
2002-04-15 00:00:00,0.8931545017096404
2002-04-16 00:00:00,0.8913969845194181
2002-04-17 00:00:00,0.8950581410254562
2002-04-18 00:00:00,0.8982111924273903
2002-04-19 00:00:00,0.8965623799858392
2002-04-22 00:00:00,0.899143960929644
2002-04-23 00:00:00,0.9004673784296667
2002-04-24 00:00:00,0.9017860619201761
2002-04-25 00:00:00,0.908006548036445
2002-04-26 00:00:00,0.9044941457439979
2002-04-29 00:00:00,0.9071906306077773
2002-04-30 00:00:00,0.9091145942497545
2002-05-01 00:00:00,0.9142258516939241
2002-05-02 00:00:00,0.9140100747364501
2002-05-03 00:00:00,0.9186475766180169
2002-05-06 00:00:00,0.9116274194936841
2002-05-07 00:00:00,0.9172367208626369
2002-05-08 00:00:00,0.911984218306709
2002-05-09 00:00:00,0.9145436455880898
2002-05-10 00:00:00,0.9200274513361242
2002-05-13 00:00:00,0.9180593528126592
2002-05-14 00:00:00,0.920983611835208
2002-05-15 00:00:00,0.9152083698343279
2002-05-16 00:00:00,0.9180310485041075
2002-05-17 00:00:00,0.9170390665360723
2002-05-20 00:00:00,0.9182165187653915
2002-05-21 00:00:00,0.9195122760304751
2002-05-22 00:00:00,0.9214925968522265
2002-05-23 00:00:00,0.9207936143011425
2002-05-24 00:00:00,0.9235731105515202
2002-05-28 00:00:00,0.9234019242338929
2002-05-29 00:00:00,0.9273198345366797
2002-05-30 00:00:00,0.9353970118343475
2002-05-31 00:00:00,0.9305937726809815
2002-06-03 00:00:00,0.9296332477802391
2002-06-04 00:00:00,0.936181710358907
2002-06-05 00:00:00,0.9372201098391846
2002-06-06 00:00:00,0.9395308542779449
2002-06-07 00:00:00,0.936808697211621
2002-06-10 00:00:00,0.9337151459451959
2002-06-11 00:00:00,0.9320159948002817
2002-06-12 00:00:00,0.9351781568444678
2002-06-13 00:00:00,0.9289927860782194
2002-06-14 00:00:00,0.9309984696125198
2002-06-17 00:00:00,0.9262665314368043
2002-06-18 00:00:00,0.9285244922218006
2002-06-19 00:00:00,0.9328924540572346
2002-06-20 00:00:00,0.940221776397485
2002-06-21 00:00:00,0.9530999234686739
2002-06-24 00:00:00,0.9511125608568977
2002-06-25 00:00:00,0.9423715158954796
2002-06-26 00:00:00,0.95458006529753
2002-06-27 00:00:00,0.9539374233144894
2002-06-28 00:00:00,0.9546273284265151
2002-07-01 00:00:00,0.9504872272180729
2002-07-02 00:00:00,0.9536381988304994
2002-07-03 00:00:00,0.9537138616890157
2002-07-05 00:00:00,0.94793580142423
2002-07-08 00:00:00,0.9508835858411302
2002-07-09 00:00:00,0.945835495638933
2002-07-10 00:00:00,0.9432418912702654
2002-07-11 00:00:00,0.9416266633009315
2002-07-12 00:00:00,0.9349005929881008
2002-07-15 00:00:00,0.9372563297671053
2002-07-16 00:00:00,0.9348777817477784
2002-07-17 00:00:00,0.9291807012554956
2002-07-18 00:00:00,0.9286560021663389
2002-07-19 00:00:00,0.9338695018171014
2002-07-22 00:00:00,0.9277237744335264
2002-07-23 00:00:00,0.9256463710149946
2002-07-24 00:00:00,0.9328592785388696
2002-07-25 00:00:00,0.9354584588408067
2002-07-26 00:00:00,0.9369580391867083
2002-07-29 00:00:00,0.9329818807327556
2002-07-30 00:00:00,0.9360057081784786
2002-07-31 00:00:00,0.9399645854452783
2002-08-01 00:00:00,0.9458489226192761
2002-08-02 00:00:00,0.9434891751602958
2002-08-05 00:00:00,0.9387768288571281
2002-08-06 00:00:00,0.9359090349118517
2002-08-07 00:00:00,0.9349278000887986
2002-08-08 00:00:00,0.9356146202504959
2002-08-09 00:00:00,0.9363000049394143
2002-08-12 00:00:00,0.9428452329601051
2002-08-13 00:00:00,0.9506185752358012
2002-08-14 00:00:00,0.9516831776805424
2002-08-15 00:00:00,0.9486521925791711
2002-08-16 00:00:00,0.9439340555426006
2002-08-19 00:00:00,0.9362300419348851
2002-08-20 00:00:00,0.9383000620788808
2002-08-21 00:00:00,0.9383266084460263
2002-08-22 00:00:00,0.9414529704745824
2002-08-23 00:00:00,0.9423162067724105
2002-08-26 00:00:00,0.9409709922391258
2002-08-27 00:00:00,0.9427853913154157
2002-08-28 00:00:00,0.9465495711985574
2002-08-29 00:00:00,0.9477371435703447
2002-08-30 00:00:00,0.9478365799349612
2002-09-03 00:00:00,0.9525102181935174
2002-09-04 00:00:00,0.9548912073911839
2002-09-05 00:00:00,0.9541058039487992
2002-09-06 00:00:00,0.9513599481225538
2002-09-09 00:00:00,0.9510501029037975
2002-09-10 00:00:00,0.9513704461454244
2002-09-11 00:00:00,0.9508381617476332
2002-09-12 00:00:00,0.9508991042467937
2002-09-13 00:00:00,0.9507003967354456
2002-09-16 00:00:00,0.9510579508085462
2002-09-17 00:00:00,0.9500056362800705
2002-09-18 00:00:00,0.9540205268402011
2002-09-19 00:00:00,0.9587173258493045
2002-09-20 00:00:00,0.9714287871718736
2002-09-23 00:00:00,0.9780409147391822
2002-09-24 00:00:00,0.9692908990034708
2002-09-25 00:00:00,0.9713478320563216
2002-09-26 00:00:00,0.9637960698427613
2002-09-27 00:00:00,0.9648880533814875
2002-09-30 00:00:00,0.9681725738630919
2002-10-01 00:00:00,0.9645734772813931
2002-10-02 00:00:00,0.9607951944591848
2002-10-03 00:00:00,0.9622549865751447
2002-10-04 00:00:00,0.9661302331830635
2002-10-07 00:00:00,0.9682033098785976
2002-10-08 00:00:00,0.9643931303279404
2002-10-09 00:00:00,0.9669717133886147
2002-10-10 00:00:00,0.9684754974863976
2002-10-11 00:00:00,0.96388540388013
2002-10-15 00:00:00,0.9573170492276691
2002-10-16 00:00:00,0.9574483456690518
2002-10-17 00:00:00,0.9522780636831528
2002-10-18 00:00:00,0.9514904522698241
2002-10-21 00:00:00,0.948252929609408
2002-10-22 00:00:00,0.9505400893427933
2002-10-23 00:00:00,0.9533267272722835
2002-10-24 00:00:00,0.9481019309524041
2002-10-25 00:00:00,0.9501300983262048
2002-10-28 00:00:00,0.9529554496296592
2002-10-29 00:00:00,0.9627602466441133
2002-10-30 00:00:00,0.9673979837079105
2002-10-31 00:00:00,0.9626595808727774
2002-11-01 00:00:00,0.9661663872179276
2002-11-04 00:00:00,0.9659744384734921
2002-11-05 00:00:00,0.9669142517213933
2002-11-06 00:00:00,0.9638853022368645
2002-11-07 00:00:00,0.9694874911087003
2002-11-08 00:00:00,0.9743112258576824
2002-11-12 00:00:00,0.9757791158242031
2002-11-13 00:00:00,0.9704564251669471
2002-11-14 00:00:00,0.9667534822776778
2002-11-15 00:00:00,0.9692358266803606
2002-11-18 00:00:00,0.9637109590979361
2002-11-19 00:00:00,0.9635894418871322
2002-11-20 00:00:00,0.9616476109721611
2002-11-21 00:00:00,0.9577844813752255
2002-11-22 00:00:00,0.9600409895553343
2002-11-25 00:00:00,0.9593073366824565
2002-11-26 00:00:00,0.9624467909598207
2002-11-27 00:00:00,0.9620394492431779
2002-11-29 00:00:00,0.9619891163575099
2002-12-02 00:00:00,0.9582410271785594
2002-12-03 00:00:00,0.9617455485879915
2002-12-04 00:00:00,0.9666987567007559
2002-12-05 00:00:00,0.9694917104859305
2002-12-06 00:00:00,0.9697908451777381
2002-12-09 00:00:00,0.963184198296403
2002-12-10 00:00:00,0.9629203753998656
2002-12-11 00:00:00,0.9634390695896652
2002-12-12 00:00:00,0.9649843410505087
2002-12-13 00:00:00,0.9640484312240771
2002-12-16 00:00:00,0.9643525897062617
2002-12-17 00:00:00,0.9651869658674751
2002-12-18 00:00:00,0.9674267680116595
2002-12-19 00:00:00,0.9639889379661485
2002-12-20 00:00:00,0.9641512581635899
2002-12-23 00:00:00,0.9637464339100694
2002-12-24 00:00:00,0.9647585330171276
2002-12-26 00:00:00,0.9681571496034576
2002-12-27 00:00:00,0.9729079849550726
2002-12-30 00:00:00,0.9762626190294227
2002-12-31 00:00:00,0.9797882808752113
2003-01-02 00:00:00,0.9748931999188747
2003-01-03 00:00:00,0.9762827264886572
2003-01-06 00:00:00,0.9788910119796598
2003-01-07 00:00:00,0.9724677267459289
2003-01-08 00:00:00,0.9756524227647252
2003-01-09 00:00:00,0.9788079212110761
2003-01-10 00:00:00,0.9823381400784097
2003-01-13 00:00:00,0.9870942662320541
2003-01-14 00:00:00,0.9866459046359919
2003-01-15 00:00:00,0.9838635261499269
2003-01-16 00:00:00,0.9849485794516946
2003-01-17 00:00:00,0.9896664974418917
2003-01-21 00:00:00,0.9961643727223402
2003-01-22 00:00:00,1.0069145258638994
2003-01-23 00:00:00,1.0022363763025823
2003-01-24 00:00:00,1.0058745057918443
2003-01-27 00:00:00,1.009566074277521
2003-01-28 00:00:00,1.0095467507942755
2003-01-29 00:00:00,1.0144215403410848
2003-01-30 00:00:00,1.0075492897400502
2003-01-31 00:00:00,1.0096437249590644
2003-02-03 00:00:00,1.009221364566252
2003-02-04 00:00:00,1.01507473456689
2003-02-05 00:00:00,1.007192010953688
2003-02-06 00:00:00,1.0072976253117105
2003-02-07 00:00:00,1.009144087708932
2003-02-10 00:00:00,1.0145074443799824
2003-02-11 00:00:00,1.0125599391233935
2003-02-12 00:00:00,1.0139182114844054
2003-02-13 00:00:00,1.0133785988879886
2003-02-14 00:00:00,1.0082095584708408
2003-02-18 00:00:00,1.0010636060066942
2003-02-19 00:00:00,1.0050815512459448
2003-02-20 00:00:00,1.0102574075196304
2003-02-21 00:00:00,1.0138911207595294
2003-02-24 00:00:00,1.0139323733477474
2003-02-25 00:00:00,1.0187306182733677
2003-02-26 00:00:00,1.017112206653261
2003-02-27 00:00:00,1.0161235379917275
2003-02-28 00:00:00,1.0164367447431817
2003-03-03 00:00:00,1.0142906400739475
2003-03-04 00:00:00,1.0223076223338272
2003-03-05 00:00:00,1.0265122391517376
2003-03-06 00:00:00,1.028510585752978
2003-03-07 00:00:00,1.0210842691160653
2003-03-10 00:00:00,1.0208309900878776
2003-03-11 00:00:00,1.014658286756452
2003-03-12 00:00:00,1.0084705972806862
2003-03-13 00:00:00,1.0042762250752577
2003-03-14 00:00:00,1.004194541380766
2003-03-17 00:00:00,1.0058330230406536
2003-03-18 00:00:00,1.0013868414488598
2003-03-19 00:00:00,1.0051078499746855
2003-03-20 00:00:00,1.0056820243836497
2003-03-21 00:00:00,0.998857391070861
2003-03-24 00:00:00,1.0029506728440816
2003-03-25 00:00:00,0.9962013645577463
2003-03-26 00:00:00,0.9994375452730484
2003-03-27 00:00:00,0.998942348913004
2003-03-28 00:00:00,0.9924082472799464
2003-03-31 00:00:00,1.0001111891319587
2003-04-01 00:00:00,0.9968782193967972
2003-04-02 00:00:00,0.9930340211683708
2003-04-03 00:00:00,0.9925307833765551
2003-04-04 00:00:00,0.993321087024847
2003-04-07 00:00:00,0.9935935311627374
2003-04-08 00:00:00,0.9969461525330587
2003-04-09 00:00:00,0.9989977211346504
2003-04-10 00:00:00,0.9979935774942087
2003-04-11 00:00:00,0.9949052137150953
2003-04-14 00:00:00,0.9888606877878867
2003-04-15 00:00:00,0.9910906734097487
2003-04-16 00:00:00,0.9894130745773627
2003-04-17 00:00:00,0.9841036403674512
2003-04-18 00:00:00,0.9843843380005635
2003-04-21 00:00:00,0.9838704744738301
2003-04-22 00:00:00,0.9848787371290253
2003-04-23 00:00:00,0.9819095145462455
2003-04-24 00:00:00,0.976489045090154
2003-04-25 00:00:00,0.9765739689498103
2003-04-28 00:00:00,0.9762530707162157
2003-04-29 00:00:00,0.9693705242035502
2003-04-30 00:00:00,0.9675914251951991
2003-05-01 00:00:00,0.9634978777142155
2003-05-02 00:00:00,0.9595709655678074
2003-05-05 00:00:00,0.9595206326821394
2003-05-06 00:00:00,0.9637672633172094
2003-05-07 00:00:00,0.9610461587660315
2003-05-08 00:00:00,0.9581984908088683
2003-05-09 00:00:00,0.9534613777309796
2003-05-12 00:00:00,0.9587725829128315
2003-05-13 00:00:00,0.9557295542547387
2003-05-14 00:00:00,0.9551780282117989
2003-05-15 00:00:00,0.9653702404334182
2003-05-16 00:00:00,0.9705738927215297
2003-05-19 00:00:00,0.9696303238281543
2003-05-20 00:00:00,0.9629136484181132
2003-05-21 00:00:00,0.9640878242512055
2003-05-22 00:00:00,0.9623220077237555
2003-05-23 00:00:00,0.9616394345502367
2003-05-27 00:00:00,0.9698599113520807
2003-05-28 00:00:00,0.974586548871343
2003-05-29 00:00:00,0.9675539082097596
2003-05-30 00:00:00,0.9687457571921564
2003-06-02 00:00:00,0.9620200104097479
2003-06-03 00:00:00,0.9637899248788347
2003-06-04 00:00:00,0.9718520686514934
2003-06-05 00:00:00,0.9833844733834715
2003-06-06 00:00:00,0.9798492185103078
2003-06-09 00:00:00,0.994909594145894
2003-06-10 00:00:00,0.9946037022636861
2003-06-11 00:00:00,0.9869604179416802
2003-06-12 00:00:00,0.9831195988139643
2003-06-13 00:00:00,0.9857144845354916
2003-06-16 00:00:00,0.9773723827353685
2003-06-17 00:00:00,0.9781601213681104
2003-06-18 00:00:00,0.9854323573193199
2003-06-19 00:00:00,0.9775568525916977
2003-06-20 00:00:00,0.9767008568836004
2003-06-23 00:00:00,0.9770871538407562
2003-06-24 00:00:00,0.9808758444248655
2003-06-25 00:00:00,0.9774560991917677
2003-06-26 00:00:00,0.9758267272932571
2003-06-27 00:00:00,0.9738856964309379
2003-06-30 00:00:00,0.9755239711356077
2003-07-01 00:00:00,0.9754736382499398
2003-07-02 00:00:00,0.9767683881073532
2003-07-03 00:00:00,0.974022733692425
2003-07-07 00:00:00,0.9731123090771451
2003-07-08 00:00:00,0.9799577315118496
2003-07-09 00:00:00,0.9774386093918455
2003-07-10 00:00:00,0.9757102911025679
2003-07-11 00:00:00,0.9736019254046375
2003-07-14 00:00:00,0.970322386231691
2003-07-15 00:00:00,0.9733320346885905
2003-07-16 00:00:00,0.9706994581171442
2003-07-17 00:00:00,0.9670158753318587
2003-07-18 00:00:00,0.9697794190071205
2003-07-21 00:00:00,0.9727242321016292
2003-07-22 00:00:00,0.9735878018968587
2003-07-23 00:00:00,0.9797363592575765
2003-07-24 00:00:00,0.9795531484516206
2003-07-25 00:00:00,0.9789707986455598
2003-07-28 00:00:00,0.975576940128388
2003-07-29 00:00:00,0.9764995127696019
2003-07-30 00:00:00,0.9759462891084197
2003-07-31 00:00:00,0.9830688272701437
2003-08-01 00:00:00,0.9833470283349334
2003-08-04 00:00:00,0.9838872754434227
2003-08-05 00:00:00,0.9903964280816453
2003-08-06 00:00:00,0.9909245998900115
2003-08-07 00:00:00,0.9888452339168629
2003-08-08 00:00:00,0.9883100321211706
2003-08-11 00:00:00,0.9910304024289031
2003-08-12 00:00:00,0.9922931715635528
2003-08-13 00:00:00,0.9941236463561235
2003-08-14 00:00:00,0.9903656094688923
2003-08-15 00:00:00,0.991854360850569
2003-08-18 00:00:00,0.9919959294870071
2003-08-19 00:00:00,0.9963614753969344
2003-08-20 00:00:00,0.9985448807751527
2003-08-21 00:00:00,0.9999339628473856
2003-08-22 00:00:00,1.0000085083962982
2003-08-25 00:00:00,1.001328809266143
2003-08-26 00:00:00,1.0030149261099917
2003-08-27 00:00:00,1.004014525320297
2003-08-28 00:00:00,1.0069111522999117
2003-08-29 00:00:00,1.0118962472369475
2003-09-02 00:00:00,1.009913522631283
2003-09-03 00:00:00,1.0049827886625033
2003-09-04 00:00:00,0.999356042437581
2003-09-05 00:00:00,0.9994306339907062
2003-09-08 00:00:00,1.0026741142861058
2003-09-09 00:00:00,1.0096315755963585
2003-09-10 00:00:00,1.0054370668252517
2003-09-11 00:00:00,1.0066414858164212
2003-09-12 00:00:00,1.006896479555623
2003-09-15 00:00:00,1.006204639419853
2003-09-16 00:00:00,1.0009466640615743
2003-09-17 00:00:00,1.0024454526095685
2003-09-18 00:00:00,1.0017763234868502
2003-09-19 00:00:00,1.0012611481423108
2003-09-22 00:00:00,0.9985645748378533
2003-09-23 00:00:00,0.9932225993236548
2003-09-24 00:00:00,0.9951347162959426
2003-09-25 00:00:00,0.9969100536792495
2003-09-26 00:00:00,1.0034812768484138
2003-09-29 00:00:00,1.0096831574647047
2003-09-30 00:00:00,1.0073589427502614
2003-10-01 00:00:00,1.005264127035884
2003-10-02 00:00:00,1.0165580103968668
2003-10-03 00:00:00,1.0216443132813353
2003-10-06 00:00:00,1.0198418775658769
2003-10-07 00:00:00,1.0257395473984243
2003-10-08 00:00:00,1.022482029373085
2003-10-09 00:00:00,1.0211516141046764
2003-10-10 00:00:00,1.0172897753957932
2003-10-14 00:00:00,1.0208760032922697
2003-10-15 00:00:00,1.0185428547786985
2003-10-16 00:00:00,1.0218236088287804
2003-10-17 00:00:00,1.0216569669619393
2003-10-20 00:00:00,1.0170381109674536
2003-10-21 00:00:00,1.0153618371844395
2003-10-22 00:00:00,1.021098561089849
2003-10-23 00:00:00,1.0176529565266266
2003-10-24 00:00:00,1.0169547175682299
2003-10-27 00:00:00,1.0134967391814391
2003-10-28 00:00:00,1.0103041528706371
2003-10-29 00:00:00,1.0152079840981354
2003-10-30 00:00:00,1.0123613772115196
2003-10-31 00:00:00,1.009430734375974
2003-11-03 00:00:00,1.0051958605314137
2003-11-04 00:00:00,1.005572440558843
2003-11-05 00:00:00,1.0060397715597613
2003-11-06 00:00:00,1.0056241119534675
2003-11-07 00:00:00,1.0045365181701602
2003-11-10 00:00:00,1.0067093028530474
2003-11-12 00:00:00,1.009680529522237
2003-11-13 00:00:00,1.0158874217792004
2003-11-14 00:00:00,1.0142096902413633
2003-11-17 00:00:00,1.0163765523806663
2003-11-18 00:00:00,1.0155888089863576
2003-11-19 00:00:00,1.0173054954146301
2003-11-20 00:00:00,1.0166672090633853
2003-11-21 00:00:00,1.0175570979199655
2003-11-24 00:00:00,1.0238412492929332
2003-11-25 00:00:00,1.0251979563281823
2003-11-26 00:00:00,1.0266056492513183
2003-11-28 00:00:00,1.0284041260579586
2003-12-01 00:00:00,1.0289941416745856
2003-12-02 00:00:00,1.0263119962982428
2003-12-03 00:00:00,1.0204454504860103
2003-12-04 00:00:00,1.0186473751782958
2003-12-05 00:00:00,1.017192110070954
2003-12-08 00:00:00,1.0191886315636267
2003-12-09 00:00:00,1.0151793107973122
2003-12-10 00:00:00,1.0182707556262725
2003-12-11 00:00:00,1.0151081467174075
2003-12-12 00:00:00,1.0189873000209548
2003-12-15 00:00:00,1.0220700850454358
2003-12-16 00:00:00,1.0219042451298481
2003-12-17 00:00:00,1.020580629160324
2003-12-18 00:00:00,1.0169150596736083
2003-12-19 00:00:00,1.0182980977723366
2003-12-22 00:00:00,1.0204876148419806
2003-12-23 00:00:00,1.0206691164562514
2003-12-24 00:00:00,1.020694094369415
2003-12-26 00:00:00,1.0177755336290932
2003-12-29 00:00:00,1.0181923441910503
2003-12-30 00:00:00,1.0160346099580135
2003-12-31 00:00:00,1.0184998835478656
2004-01-02 00:00:00,1.0097690750506318
2004-01-05 00:00:00,1.004052446301731
2004-01-06 00:00:00,1.0019816010463143
2004-01-07 00:00:00,0.9986086575884949
2004-01-08 00:00:00,0.9964493899368922
2004-01-09 00:00:00,0.9942142823075379
2004-01-12 00:00:00,0.9916497325422445
2004-01-13 00:00:00,0.9939256937817447
2004-01-14 00:00:00,0.9924940765465395
2004-01-15 00:00:00,0.9947636032485453
2004-01-16 00:00:00,0.9932103023603849
2004-01-20 00:00:00,0.9945379439844182
2004-01-21 00:00:00,0.999759531567445
2004-01-22 00:00:00,1.003442365717874
2004-01-23 00:00:00,0.9990428957548014
2004-01-26 00:00:00,0.9992390860903483
2004-01-27 00:00:00,0.995845395308877
2004-01-28 00:00:00,0.9968511748410953
2004-01-29 00:00:00,1.0090006710195851
2004-01-30 00:00:00,1.0038091609001651
2004-02-02 00:00:00,1.0011980405563472
2004-02-03 00:00:00,1.0080532657246801
2004-02-04 00:00:00,1.0058376262766702
2004-02-05 00:00:00,1.0174666837708963
2004-02-06 00:00:00,1.0107081156595357
2004-02-09 00:00:00,1.0094368741858835
2004-02-10 00:00:00,1.0087594514224967
2004-02-11 00:00:00,1.0027437912743646
2004-02-12 00:00:00,1.000703558067748
2004-02-13 00:00:00,1.0004388822127526
2004-02-17 00:00:00,0.9987919932998759
2004-02-18 00:00:00,0.996920967839525
2004-02-19 00:00:00,1.0010833256390808
2004-02-20 00:00:00,0.9987948393628544
2004-02-23 00:00:00,0.999205619106254
2004-02-24 00:00:00,1.005484879253163
2004-02-25 00:00:00,1.0067582655118787
2004-02-26 00:00:00,1.0067979947214505
2004-02-27 00:00:00,1.005876038457291
2004-03-01 00:00:00,1.0003946922798241
2004-03-02 00:00:00,0.9997013889856085
2004-03-03 00:00:00,1.0048511283857713
2004-03-04 00:00:00,1.002347673651445
2004-03-05 00:00:00,0.996842588589731
2004-03-08 00:00:00,0.9984564421567009
2004-03-09 00:00:00,0.9998785082694144
2004-03-10 00:00:00,0.9984787228898354
2004-03-11 00:00:00,1.0004505408792645
2004-03-12 00:00:00,0.9996662883055889
2004-03-15 00:00:00,1.0000442702811227
2004-03-16 00:00:00,1.00551271980731
2004-03-17 00:00:00,1.00043243867143
2004-03-18 00:00:00,1.0082866529228007
2004-03-19 00:00:00,1.0006979314398181
2004-03-22 00:00:00,0.9998537490925485
2004-03-23 00:00:00,0.9996199530546636
2004-03-24 00:00:00,1.001095421495551
2004-03-25 00:00:00,1.0024305839982521
2004-03-26 00:00:00,1.0043875062418643
2004-03-29 00:00:00,1.010665942942201
2004-03-30 00:00:00,1.0146710772105285
2004-03-31 00:00:00,1.011922660123329
2004-04-01 00:00:00,1.0118134266997256
2004-04-02 00:00:00,1.0111440015242845
2004-04-05 00:00:00,1.0102368159706647
2004-04-06 00:00:00,1.0104526411258614
2004-04-07 00:00:00,1.0149818510318418
2004-04-08 00:00:00,1.013207005093914
2004-04-09 00:00:00,1.0130101097561133
2004-04-12 00:00:00,1.0141888730758712
2004-04-13 00:00:00,1.0164670025025173
2004-04-14 00:00:00,1.0168224520068025
2004-04-15 00:00:00,1.016395337905946
2004-04-16 00:00:00,1.0147169661163746
2004-04-19 00:00:00,1.0153071862577525
2004-04-20 00:00:00,1.0190452736045883
2004-04-21 00:00:00,1.0193110576470519
2004-04-22 00:00:00,1.0189158546945534
2004-04-23 00:00:00,1.020757794999808
2004-04-26 00:00:00,1.0172587374661537
2004-04-27 00:00:00,1.0181316435628465
2004-04-28 00:00:00,1.0200918139610597
2004-04-29 00:00:00,1.025182995778609
2004-04-30 00:00:00,1.023465665837708
2004-05-03 00:00:00,1.0256735936966528
2004-05-04 00:00:00,1.0241006707906781
2004-05-05 00:00:00,1.0221511564428463
2004-05-06 00:00:00,1.0256632121975089
2004-05-07 00:00:00,1.031215256887714
2004-05-10 00:00:00,1.0360998342510048
2004-05-11 00:00:00,1.0350140548187532
2004-05-12 00:00:00,1.0357270105603786
2004-05-13 00:00:00,1.0358944227248013
2004-05-14 00:00:00,1.032314590224852
2004-05-17 00:00:00,1.0296120058812899
2004-05-18 00:00:00,1.0280879191607735
2004-05-19 00:00:00,1.0305361751582984
2004-05-20 00:00:00,1.0320307089891365
2004-05-21 00:00:00,1.0315948609683487
2004-05-24 00:00:00,1.0323150920711157
2004-05-25 00:00:00,1.0265516284706622
2004-05-26 00:00:00,1.026529277012944
2004-05-27 00:00:00,1.0261710142104856
2004-05-28 00:00:00,1.0231381482883546
2004-06-01 00:00:00,1.027272398051816
2004-06-02 00:00:00,1.0245040651211834
2004-06-03 00:00:00,1.0240313641424288
2004-06-04 00:00:00,1.023727344295705
2004-06-07 00:00:00,1.0189045776357308
2004-06-08 00:00:00,1.019226061730669
2004-06-09 00:00:00,1.0212273365965263
2004-06-10 00:00:00,1.0203522239890674
2004-06-11 00:00:00,1.0208709295914038
2004-06-14 00:00:00,1.023244825780582
2004-06-15 00:00:00,1.022612753064288
2004-06-16 00:00:00,1.0216850050343642
2004-06-17 00:00:00,1.0191308939227015
2004-06-18 00:00:00,1.0182225593535885
2004-06-21 00:00:00,1.016506970437802
2004-06-22 00:00:00,1.0169743542282454
2004-06-23 00:00:00,1.0183578133516609
2004-06-24 00:00:00,1.0158950870384127
2004-06-25 00:00:00,1.0165358368731763
2004-06-28 00:00:00,1.022639909301468
2004-06-29 00:00:00,1.0282961593715325
2004-06-30 00:00:00,1.0289658869360252
2004-07-01 00:00:00,1.0271401706783423
2004-07-02 00:00:00,1.0252486009746336
2004-07-06 00:00:00,1.0263711875236006
2004-07-07 00:00:00,1.0245598638409554
2004-07-08 00:00:00,1.0285481987668013
2004-07-09 00:00:00,1.0271109690361266
2004-07-12 00:00:00,1.0266712247421304
2004-07-13 00:00:00,1.0261752695053918
2004-07-14 00:00:00,1.0246163710958989
2004-07-15 00:00:00,1.026074603734056
2004-07-16 00:00:00,1.0223804650327315
2004-07-19 00:00:00,1.0194420009196346
2004-07-20 00:00:00,1.0206406975797913
2004-07-21 00:00:00,1.0242246652817562
2004-07-22 00:00:00,1.023051798920128
2004-07-23 00:00:00,1.022652683648626
2004-07-26 00:00:00,1.0250526757936729
2004-07-27 00:00:00,1.02664593514737
2004-07-28 00:00:00,1.0246725977398023
2004-07-29 00:00:00,1.0224344659491011
2004-07-30 00:00:00,1.0207476128739292
2004-08-02 00:00:00,1.0218155276242507
2004-08-03 00:00:00,1.020080699236661
2004-08-04 00:00:00,1.0231324951005871
2004-08-05 00:00:00,1.0226890012432248
2004-08-06 00:00:00,1.0208917317485713
2004-08-09 00:00:00,1.0184195431292906
2004-08-10 00:00:00,1.0199706898872576
2004-08-11 00:00:00,1.0220377537234544
2004-08-12 00:00:00,1.022313672618066
2004-08-13 00:00:00,1.0197347056377684
2004-08-16 00:00:00,1.0191172301434246
2004-08-17 00:00:00,1.016445163696279
2004-08-18 00:00:00,1.0167951608979957
2004-08-19 00:00:00,1.0170590268944708
2004-08-20 00:00:00,1.0164657955525938
2004-08-23 00:00:00,1.0184111341675832
2004-08-24 00:00:00,1.0181902247301493
2004-08-25 00:00:00,1.0176845810486668
2004-08-26 00:00:00,1.017349353464729
2004-08-27 00:00:00,1.0181813794437256
2004-08-30 00:00:00,1.020763763300023
2004-08-31 00:00:00,1.0177109849515107
2004-09-01 00:00:00,1.020437469720849
2004-09-02 00:00:00,1.0237550517883158
2004-09-03 00:00:00,1.0255698740145338
2004-09-07 00:00:00,1.0282282212421288
2004-09-08 00:00:00,1.0291397211416082
2004-09-09 00:00:00,1.0284026616724637
2004-09-10 00:00:00,1.0300253422338148
2004-09-13 00:00:00,1.0283844814114398
2004-09-14 00:00:00,1.0297331381940695
2004-09-15 00:00:00,1.02602148977569
2004-09-16 00:00:00,1.0244447090135456
2004-09-17 00:00:00,1.0229444630976317
2004-09-20 00:00:00,1.0217182431084717
2004-09-21 00:00:00,1.0199241780973312
2004-09-22 00:00:00,1.0184323772709138
2004-09-23 00:00:00,1.0192307465215293
2004-09-24 00:00:00,1.0190673822238843
2004-09-27 00:00:00,1.0203708176367154
2004-09-28 00:00:00,1.0184009647513013
2004-09-29 00:00:00,1.0197913424170373
2004-09-30 00:00:00,1.0171658140138284
2004-10-01 00:00:00,1.0146914165738354
2004-10-04 00:00:00,1.0152987979157242
2004-10-05 00:00:00,1.0128974562354907
2004-10-06 00:00:00,1.0108845422720611
2004-10-07 00:00:00,1.0109499828093416
2004-10-08 00:00:00,1.0086054973070946
2004-10-12 00:00:00,1.0113408964577393
2004-10-13 00:00:00,1.0119544645854246
2004-10-14 00:00:00,1.0131417203836228
2004-10-15 00:00:00,1.0199134401920213
2004-10-18 00:00:00,1.0230258548474542
2004-10-19 00:00:00,1.0206835355484585
2004-10-20 00:00:00,1.0202964134543848
2004-10-21 00:00:00,1.0216190863250139
2004-10-22 00:00:00,1.0196336474165
2004-10-25 00:00:00,1.0236641966362068
2004-10-26 00:00:00,1.0227238575334465
2004-10-27 00:00:00,1.0228962583170347
2004-10-28 00:00:00,1.0241790812200946
2004-10-29 00:00:00,1.0246549234628541
2004-11-01 00:00:00,1.0241892612220098
2004-11-02 00:00:00,1.021467970973886
2004-11-03 00:00:00,1.01793441754065
2004-11-04 00:00:00,1.0172621393786438
2004-11-05 00:00:00,1.016843729284488
2004-11-08 00:00:00,1.0165099743769157
2004-11-09 00:00:00,1.0192546107564218
2004-11-10 00:00:00,1.018247119016626
2004-11-12 00:00:00,1.0154219160184128
2004-11-15 00:00:00,1.0140037262192174
2004-11-16 00:00:00,1.0136105252349605
2004-11-17 00:00:00,1.012213794697796
2004-11-18 00:00:00,1.01305213770643
2004-11-19 00:00:00,1.0147149407942582
2004-11-22 00:00:00,1.0156313787681732
2004-11-23 00:00:00,1.0134160306613706
2004-11-24 00:00:00,1.0097731154385452
2004-11-26 00:00:00,1.0070822591396063
2004-11-29 00:00:00,1.0086303958268816
2004-11-30 00:00:00,1.0068708648080227
2004-12-01 00:00:00,1.001644791716866
2004-12-02 00:00:00,1.0019495430283076
2004-12-03 00:00:00,0.9990477987122643
2004-12-06 00:00:00,1.0001885425549362
2004-12-07 00:00:00,1.0023304552842285
2004-12-08 00:00:00,1.0089731376281834
2004-12-09 00:00:00,1.0093564744162873
2004-12-10 00:00:00,1.0115232730323682
2004-12-13 00:00:00,1.0093135877385577
2004-12-14 00:00:00,1.0093499043060867
2004-12-15 00:00:00,1.003354492078913
2004-12-16 00:00:00,1.0060861274121013
2004-12-17 00:00:00,1.0053936437547801
2004-12-20 00:00:00,1.0009016334504692
2004-12-21 00:00:00,1.0028295115257915
2004-12-22 00:00:00,1.0024846759363149
2004-12-23 00:00:00,0.9999203939320982
2004-12-24 00:00:00,1.000196475902076
2004-12-27 00:00:00,0.999671251174337
2004-12-28 00:00:00,1.003817753912901
2004-12-29 00:00:00,1.0065940039871852
2004-12-30 00:00:00,1.0044143149959879
2004-12-31 00:00:00,1.0005966754606028
2005-01-03 00:00:00,1.0041380172374796
2005-01-04 00:00:00,1.010127680043506
2005-01-05 00:00:00,1.0109327845647806
2005-01-06 00:00:00,1.0152675656517671
2005-01-07 00:00:00,1.0123194540825555
2005-01-10 00:00:00,1.006220414271719
2005-01-11 00:00:00,1.0039531183533612
2005-01-12 00:00:00,1.0012284230477002
2005-01-13 00:00:00,1.0027383286789655
2005-01-14 00:00:00,1.0049999754146994
2005-01-18 00:00:00,1.0055905944327281
2005-01-19 00:00:00,1.0046659250028205
2005-01-20 00:00:00,1.005583053613239
2005-01-21 00:00:00,1.0052066674505944
2005-01-24 00:00:00,1.0047483109863597
2005-01-25 00:00:00,1.0081500609189757
2005-01-26 00:00:00,1.0061025433057782
2005-01-27 00:00:00,1.008280163931665
2005-01-28 00:00:00,1.0055660867580358
2005-01-31 00:00:00,1.00268355778932
2005-02-01 00:00:00,1.0001902643873846
2005-02-02 00:00:00,1.0004057083383042
2005-02-03 00:00:00,1.0001486786482152
2005-02-04 00:00:00,0.9982322269774342
2005-02-07 00:00:00,1.0009918562811186
2005-02-08 00:00:00,1.0023522349051424
2005-02-09 00:00:00,1.0013621000473938
2005-02-10 00:00:00,0.9991873546619005
2005-02-11 00:00:00,0.9994920423239184
2005-02-14 00:00:00,0.9990570866034486
2005-02-15 00:00:00,0.9987698398396756
2005-02-16 00:00:00,0.9988675980441397
2005-02-17 00:00:00,0.9981651672245808
2005-02-18 00:00:00,0.9942050675038572
2005-02-22 00:00:00,0.9921975579879672
2005-02-23 00:00:00,0.9947941927353361
2005-02-24 00:00:00,0.995611559386153
2005-02-25 00:00:00,0.9949331189638333
2005-02-28 00:00:00,0.9947330613350672
2005-03-01 00:00:00,0.9954007921585443
2005-03-02 00:00:00,0.9957387626052533
2005-03-03 00:00:00,0.9947018478726499
2005-03-04 00:00:00,0.9921872512946419
2005-03-07 00:00:00,0.990988730815775
2005-03-08 00:00:00,0.9875922876480775
2005-03-09 00:00:00,0.9892800238608843
2005-03-10 00:00:00,0.9913518836117248
2005-03-11 00:00:00,0.9902421392225347
2005-03-14 00:00:00,0.9969144900355451
2005-03-15 00:00:00,1.001261532230879
2005-03-16 00:00:00,1.0009765843085663
2005-03-17 00:00:00,1.0011901815649384
2005-03-18 00:00:00,0.9989634431926431
2005-03-21 00:00:00,1.0018215443589449
2005-03-22 00:00:00,0.9999233671299107
2005-03-23 00:00:00,1.0031218113555336
2005-03-24 00:00:00,1.0046693801893682
2005-03-25 00:00:00,1.0045900641356964
2005-03-28 00:00:00,1.0078560265457153
2005-03-29 00:00:00,1.0057506812269763
2005-03-30 00:00:00,1.0017907903011518
2005-03-31 00:00:00,0.9988348787277717
2005-04-01 00:00:00,0.9992558766433678
2005-04-04 00:00:00,1.0004982337733819
2005-04-05 00:00:00,1.0008874314211975
2005-04-06 00:00:00,1.0017319203600545
2005-04-07 00:00:00,0.998818964009303
2005-04-08 00:00:00,0.9957501293296395
2005-04-11 00:00:00,0.993223074765029
2005-04-12 00:00:00,0.9949947838735644
2005-04-13 00:00:00,0.9914408676702586
2005-04-14 00:00:00,0.9936406712673029
2005-04-15 00:00:00,0.9929618344196264
2005-04-18 00:00:00,0.9954778594370685
2005-04-19 00:00:00,0.9923515071759369
2005-04-20 00:00:00,0.9912494048774663
2005-04-21 00:00:00,0.9898418970416866
2005-04-22 00:00:00,0.9896101893739639
2005-04-25 00:00:00,0.9905863450954528
2005-04-26 00:00:00,0.9908975488321341
2005-04-27 00:00:00,0.9931876752962914
2005-04-28 00:00:00,0.9941524026298817
2005-04-29 00:00:00,0.9921288138850046
2005-05-02 00:00:00,0.9887634755770233
2005-05-03 00:00:00,0.9886222701518538
2005-05-04 00:00:00,0.9861700297489324
2005-05-05 00:00:00,0.9837926437963007
2005-05-06 00:00:00,0.9835886488373362
2005-05-09 00:00:00,0.9851329785534899
2005-05-10 00:00:00,0.9880371947609029
2005-05-11 00:00:00,0.9885928163083133
2005-05-12 00:00:00,0.9864777416348519
2005-05-13 00:00:00,0.9879468410308283
2005-05-16 00:00:00,0.9886233897854304
2005-05-17 00:00:00,0.9862170771769101
2005-05-18 00:00:00,0.9841375606763968
2005-05-19 00:00:00,0.9822122043259375
2005-05-20 00:00:00,0.9847105751038409
2005-05-23 00:00:00,0.9837719255769932
2005-05-24 00:00:00,0.9852211747634438
2005-05-25 00:00:00,0.9825036938464247
2005-05-26 00:00:00,0.9842950373399996
2005-05-27 00:00:00,0.9790935108064738
2005-05-31 00:00:00,0.9807483848068052
2005-06-01 00:00:00,0.9764971065524232
2005-06-02 00:00:00,0.9744053894240005
2005-06-03 00:00:00,0.9750787939290192
2005-06-06 00:00:00,0.9786864002269451
2005-06-07 00:00:00,0.9772338314111447
2005-06-08 00:00:00,0.9758067938640481
2005-06-09 00:00:00,0.9779129021059015
2005-06-10 00:00:00,0.9775820707211688
2005-06-13 00:00:00,0.9778122363345656
2005-06-14 00:00:00,0.9757245800085738
2005-06-15 00:00:00,0.9750845199420087
2005-06-16 00:00:00,0.9726650059583197
2005-06-17 00:00:00,0.9721147929557914
2005-06-20 00:00:00,0.9749021241431599
2005-06-21 00:00:00,0.9723622223927106
2005-06-22 00:00:00,0.9702816196861743
2005-06-23 00:00:00,0.9721033755270178
2005-06-24 00:00:00,0.9705180514676921
2005-06-27 00:00:00,0.9733228525921209
2005-06-28 00:00:00,0.9753215283999035
2005-06-29 00:00:00,0.9698708316690957
2005-06-30 00:00:00,0.9708376134537267
2005-07-01 00:00:00,0.9685584050163407
2005-07-05 00:00:00,0.9696561628631586
2005-07-06 00:00:00,0.9706548757010951
2005-07-07 00:00:00,0.9724721216273909
2005-07-08 00:00:00,0.9688040103210834
2005-07-11 00:00:00,0.9659989720004143
2005-07-12 00:00:00,0.9651759284986949
2005-07-13 00:00:00,0.9653318213676858
2005-07-14 00:00:00,0.961641600761509
2005-07-15 00:00:00,0.9603846543090081
2005-07-18 00:00:00,0.958237249111528
2005-07-19 00:00:00,0.9604472900836695
2005-07-20 00:00:00,0.962772434212363
2005-07-21 00:00:00,0.9584475866095987
2005-07-22 00:00:00,0.9610139057926101
2005-07-25 00:00:00,0.9635282652862722
2005-07-26 00:00:00,0.9651235582099893
2005-07-27 00:00:00,0.9612862543821069
2005-07-28 00:00:00,0.9598336404921889
2005-07-29 00:00:00,0.9587032803168848
2005-08-01 00:00:00,0.9585545963726401
2005-08-02 00:00:00,0.9585042634869722
2005-08-03 00:00:00,0.9582571449391265
2005-08-04 00:00:00,0.9570895849276034
2005-08-05 00:00:00,0.9582220867696454
2005-08-08 00:00:00,0.9587616655176273
2005-08-09 00:00:00,0.9608332584110955
2005-08-10 00:00:00,0.9578085833763686
2005-08-11 00:00:00,0.9572983898081585
2005-08-12 00:00:00,0.9605194951315625
2005-08-15 00:00:00,0.9579528886129846
2005-08-16 00:00:00,0.9564893912390319
2005-08-17 00:00:00,0.9585730220089764
2005-08-18 00:00:00,0.9614234563949958
2005-08-19 00:00:00,0.9681543308134177
2005-08-22 00:00:00,0.9662212639066707
2005-08-23 00:00:00,0.9692608160100453
2005-08-24 00:00:00,0.9758055601695601
2005-08-25 00:00:00,0.9710259988065959
2005-08-26 00:00:00,0.9742086941884435
2005-08-29 00:00:00,0.9764932773455027
2005-08-30 00:00:00,0.9728247761988355
2005-08-31 00:00:00,0.9700669085432856
2005-09-01 00:00:00,0.9658186008213273
2005-09-02 00:00:00,0.9626826063501696
2005-09-06 00:00:00,0.9633160742672802
2005-09-07 00:00:00,0.9650270351716276
2005-09-08 00:00:00,0.964527593716419
2005-09-09 00:00:00,0.9640918431502278
2005-09-12 00:00:00,0.9636234866001121
2005-09-13 00:00:00,0.9675080838640947
2005-09-14 00:00:00,0.9723214473421561
2005-09-15 00:00:00,0.9696583916538057
2005-09-16 00:00:00,0.9708697053234849
2005-09-19 00:00:00,0.9734537009034243
2005-09-20 00:00:00,0.9715237902548001
2005-09-21 00:00:00,0.9684760640816807
2005-09-22 00:00:00,0.9726460326714279
2005-09-23 00:00:00,0.9721697493649606
2005-09-26 00:00:00,0.9747293373437854
2005-09-27 00:00:00,0.9750519895646999
2005-09-28 00:00:00,0.9720688902567765
2005-09-29 00:00:00,0.9700134904235859
2005-09-30 00:00:00,0.9688202149339904
2005-10-03 00:00:00,0.966994220981104
2005-10-04 00:00:00,0.9620773344327653
2005-10-05 00:00:00,0.9635712688887282
2005-10-06 00:00:00,0.9673197511008602
2005-10-07 00:00:00,0.9685052927270643
2005-10-11 00:00:00,0.9693710515611891
2005-10-12 00:00:00,0.9742067734024984
2005-10-13 00:00:00,0.9775906237401244
2005-10-14 00:00:00,0.9761522634550047
2005-10-17 00:00:00,0.9718094048084659
2005-10-18 00:00:00,0.9709755906229385
2005-10-19 00:00:00,0.9737995913863193
2005-10-20 00:00:00,0.9717523025718457
2005-10-21 00:00:00,0.9761168901112505
2005-10-24 00:00:00,0.9724330983075697
2005-10-25 00:00:00,0.9713508557349104
2005-10-26 00:00:00,0.9740763953887877
2005-10-27 00:00:00,0.9751114918860373
2005-10-28 00:00:00,0.9703218315473774
2005-10-31 00:00:00,0.9676870299371122
2005-11-01 00:00:00,0.9664323441074933
2005-11-02 00:00:00,0.9646632341203019
2005-11-03 00:00:00,0.9632700899257584
2005-11-04 00:00:00,0.9647858600075487
2005-11-07 00:00:00,0.9621427940037282
2005-11-08 00:00:00,0.9643661616073361
2005-11-09 00:00:00,0.9622990733415367
2005-11-10 00:00:00,0.9630824881570833
2005-11-14 00:00:00,0.9606861005249864
2005-11-15 00:00:00,0.958273631954252
2005-11-16 00:00:00,0.9578659563892234
2005-11-17 00:00:00,0.9600833409014868
2005-11-18 00:00:00,0.9591277070794435
2005-11-21 00:00:00,0.9575198878539034
2005-11-22 00:00:00,0.9585410803255783
2005-11-23 00:00:00,0.9558546945988935
2005-11-25 00:00:00,0.9551307474545915
2005-11-28 00:00:00,0.9527354951757354
2005-11-29 00:00:00,0.952586289513192
2005-11-30 00:00:00,0.9529642027798301
2005-12-01 00:00:00,0.9483741860584566
2005-12-02 00:00:00,0.9448379543397314
2005-12-05 00:00:00,0.9467359449256809
2005-12-06 00:00:00,0.9418623821786593
2005-12-07 00:00:00,0.944720639023728
2005-12-08 00:00:00,0.9477888389625417
2005-12-09 00:00:00,0.9567679841503828
2005-12-12 00:00:00,0.9555772261970005
2005-12-13 00:00:00,0.9561790244575072
2005-12-14 00:00:00,0.9634134222063128
2005-12-15 00:00:00,0.9621809629834852
2005-12-16 00:00:00,0.9645543830766954
2005-12-19 00:00:00,0.9614075450159909
2005-12-20 00:00:00,0.9594600243780325
2005-12-21 00:00:00,0.9564954165388415
2005-12-22 00:00:00,0.9569974443240666
2005-12-23 00:00:00,0.958695835401767
2005-12-27 00:00:00,0.9623722778398088
2005-12-28 00:00:00,0.9646784046658905
2005-12-29 00:00:00,0.9597379394435197
2005-12-30 00:00:00,0.9552491176629314
2006-01-03 00:00:00,0.9562081157407097
2006-01-04 00:00:00,0.95251036018139
2006-01-05 00:00:00,0.9527096376434536
2006-01-06 00:00:00,0.9507498387094006
2006-01-09 00:00:00,0.9504353079947493
2006-01-10 00:00:00,0.9533195006770935
2006-01-11 00:00:00,0.9536227944077582
2006-01-12 00:00:00,0.9507795161671174
2006-01-13 00:00:00,0.9512895684587815
2006-01-17 00:00:00,0.9494560662418873
2006-01-18 00:00:00,0.951057128420434
2006-01-19 00:00:00,0.9497524488613911
2006-01-20 00:00:00,0.9476458251767027
2006-01-23 00:00:00,0.9475622270157811
2006-01-24 00:00:00,0.9464123635765447
2006-01-25 00:00:00,0.9458945189857
2006-01-26 00:00:00,0.9461448008799548
2006-01-27 00:00:00,0.9429419510074267
2006-01-30 00:00:00,0.941636184690144
2006-01-31 00:00:00,0.9417954013613766
2006-02-01 00:00:00,0.9411701996757642
2006-02-02 00:00:00,0.9448565994401991
2006-02-03 00:00:00,0.9450740531971501
2006-02-06 00:00:00,0.942875691994324
2006-02-07 00:00:00,0.9440687880453452
2006-02-08 00:00:00,0.9474303031865723
2006-02-09 00:00:00,0.9438003479948527
2006-02-10 00:00:00,0.9459582075463955
2006-02-13 00:00:00,0.9459412254630071
2006-02-14 00:00:00,0.9461575847859314
2006-02-15 00:00:00,0.9467797473920456
2006-02-16 00:00:00,0.9460902412712539
2006-02-17 00:00:00,0.9419847706675678
2006-02-21 00:00:00,0.9412934124014909
2006-02-22 00:00:00,0.944302715853235
2006-02-23 00:00:00,0.9453553729775179
2006-02-24 00:00:00,0.9433641384589012
2006-02-27 00:00:00,0.9426420351885351
2006-02-28 00:00:00,0.9417973602653018
2006-03-01 00:00:00,0.9422723016844484
2006-03-02 00:00:00,0.9464360296570018
2006-03-03 00:00:00,0.9498590682909677
2006-03-06 00:00:00,0.951876257428722
2006-03-07 00:00:00,0.9575373340610523
2006-03-08 00:00:00,0.9624713956058453
2006-03-09 00:00:00,0.9580797516546399
2006-03-10 00:00:00,0.9577787591961109
2006-03-13 00:00:00,0.9587171483144062
2006-03-14 00:00:00,0.9565768877735461
2006-03-15 00:00:00,0.955492990665674
2006-03-16 00:00:00,0.9522579959270424
2006-03-17 00:00:00,0.9573277221978088
2006-03-20 00:00:00,0.9600964211005298
2006-03-21 00:00:00,0.963474409468232
2006-03-22 00:00:00,0.9680045157034209
2006-03-23 00:00:00,0.9669867753294477
2006-03-24 00:00:00,0.9670926627244316
2006-03-27 00:00:00,0.9720652310101998
2006-03-28 00:00:00,0.9721995033524999
2006-03-29 00:00:00,0.9724873506065311
2006-03-30 00:00:00,0.9713289805471657
2006-03-31 00:00:00,0.9693307751455916
2006-04-03 00:00:00,0.9666656949419925
2006-04-04 00:00:00,0.9672709438046063
2006-04-05 00:00:00,0.9717744471360705
2006-04-06 00:00:00,0.9801409444023333
2006-04-07 00:00:00,0.9849458383658838
2006-04-10 00:00:00,0.9805799445453132
2006-04-11 00:00:00,0.9795996413953942
2006-04-12 00:00:00,0.9784057867638115
2006-04-13 00:00:00,0.9811830079566191
2006-04-14 00:00:00,0.9808276657915664
2006-04-17 00:00:00,0.9800585567193489
2006-04-18 00:00:00,0.974231997205522
2006-04-19 00:00:00,0.9748216551768865
2006-04-20 00:00:00,0.9765325843597139
2006-04-21 00:00:00,0.9791669359160957
2006-04-24 00:00:00,0.9789663503491239
2006-04-25 00:00:00,0.9798764635068262
2006-04-26 00:00:00,0.984261940387657
2006-04-27 00:00:00,0.9806139164936944
2006-04-28 00:00:00,0.979965143298151
2006-05-01 00:00:00,0.977721313479891
2006-05-02 00:00:00,0.9752200818407755
2006-05-03 00:00:00,0.9722415331406596
2006-05-04 00:00:00,0.9726198275979885
2006-05-05 00:00:00,0.9711898134873139
2006-05-08 00:00:00,0.9709858325646202
2006-05-09 00:00:00,0.9701353971660507
2006-05-10 00:00:00,0.9643679587495817
2006-05-11 00:00:00,0.9658183789346415
2006-05-12 00:00:00,0.9772683175088795
2006-05-15 00:00:00,0.9828378496306271
2006-05-16 00:00:00,0.9772580808668448
2006-05-17 00:00:00,0.9830926821951922
2006-05-18 00:00:00,0.9872494530957576
2006-05-19 00:00:00,0.9849698731754137
2006-05-22 00:00:00,0.9906380815271894
2006-05-23 00:00:00,0.9846925689769737
2006-05-24 00:00:00,0.9917499184843941
2006-05-25 00:00:00,0.9848862479567979
2006-05-26 00:00:00,0.9821773028329536
2006-05-30 00:00:00,0.9888498981699958
2006-05-31 00:00:00,0.9905673849344896
2006-06-01 00:00:00,0.9901700394616156
2006-06-02 00:00:00,0.9938022525157859
2006-06-05 00:00:00,0.9902429261087281
2006-06-06 00:00:00,0.9949293872046503
2006-06-07 00:00:00,0.9924475064123714
2006-06-08 00:00:00,0.9990756255254943
2006-06-09 00:00:00,0.9956606698456745
2006-06-12 00:00:00,0.9955819137788207
2006-06-13 00:00:00,0.9981079054907238
2006-06-14 00:00:00,0.9998572398114293
2006-06-15 00:00:00,0.9973862741416435
2006-06-16 00:00:00,0.9976635085202532
2006-06-19 00:00:00,0.9994818325821223
2006-06-20 00:00:00,0.9994314996964544
2006-06-21 00:00:00,0.997523799353166
2006-06-22 00:00:00,0.9981501131771853
2006-06-23 00:00:00,0.9983812974595226
2006-06-26 00:00:00,0.9967512911274481
2006-06-27 00:00:00,0.9970401119131802
2006-06-28 00:00:00,0.9956310211907492
2006-06-29 00:00:00,0.9954955758573076
2006-06-30 00:00:00,0.9893733428920299
2006-07-03 00:00:00,0.9815708446781215
2006-07-05 00:00:00,0.9830561820684902
2006-07-06 00:00:00,0.9795702667508548
2006-07-07 00:00:00,0.974087077876239
2006-07-10 00:00:00,0.9694356899060087
2006-07-11 00:00:00,0.9717090187988706
2006-07-12 00:00:00,0.9737241778360343
2006-07-13 00:00:00,0.9747018222341874
2006-07-14 00:00:00,0.973684069040691
2006-07-17 00:00:00,0.970806170627773
2006-07-18 00:00:00,0.9694710092211657
2006-07-19 00:00:00,0.9661250668925808
2006-07-20 00:00:00,0.963464787931169
2006-07-21 00:00:00,0.9661172418107459
2006-07-24 00:00:00,0.9671481669232351
2006-07-25 00:00:00,0.9666039747200098
2006-07-26 00:00:00,0.9679100171289323
2006-07-27 00:00:00,0.9650297892088088
2006-07-28 00:00:00,0.9649670465275445
2006-07-31 00:00:00,0.9662172593108936
2006-08-01 00:00:00,0.9726559448246941
2006-08-02 00:00:00,0.9685493489071625
2006-08-03 00:00:00,0.969999145050161
2006-08-04 00:00:00,0.9644670904731266
2006-08-07 00:00:00,0.9637641234875949
2006-08-08 00:00:00,0.9656060623455087
2006-08-09 00:00:00,0.9606011015715994
2006-08-10 00:00:00,0.964514050556533
2006-08-11 00:00:00,0.9595259545451773
2006-08-14 00:00:00,0.9584983434117926
2006-08-15 00:00:00,0.959267852747571
2006-08-16 00:00:00,0.9545880725032041
2006-08-17 00:00:00,0.9551756268520043
2006-08-18 00:00:00,0.9607192940032376
2006-08-21 00:00:00,0.9585622363691721
2006-08-22 00:00:00,0.958164774289161
2006-08-23 00:00:00,0.9611320636959105
2006-08-24 00:00:00,0.9656819332611443
2006-08-25 00:00:00,0.9682149022872244
2006-08-28 00:00:00,0.966198139803514
2006-08-29 00:00:00,0.9643557597482736
2006-08-30 00:00:00,0.9626595104660378
2006-08-31 00:00:00,0.9648122658880255
2006-09-01 00:00:00,0.9636466685730221
2006-09-05 00:00:00,0.9599775013682702
2006-09-06 00:00:00,0.9661117812617255
2006-09-07 00:00:00,0.9709226211431423
2006-09-08 00:00:00,0.9705686228943999
2006-09-11 00:00:00,0.9738495306840448
2006-09-12 00:00:00,0.9718020257857514
2006-09-13 00:00:00,0.9698703309773581
2006-09-14 00:00:00,0.9688204020895549
2006-09-15 00:00:00,0.9663748019389008
2006-09-18 00:00:00,0.9652160265801287
2006-09-19 00:00:00,0.9658435086903365
2006-09-20 00:00:00,0.9658854995129216
2006-09-21 00:00:00,0.9689286919796066
2006-09-22 00:00:00,0.9737212242205134
2006-09-25 00:00:00,0.9756183706739237
2006-09-26 00:00:00,0.9720845121794546
2006-09-27 00:00:00,0.9701268900855776
2006-09-28 00:00:00,0.9723157501238029
2006-09-29 00:00:00,0.9678330620090414
2006-10-02 00:00:00,0.9673852074885227
2006-10-03 00:00:00,0.9717422711797009
2006-10-04 00:00:00,0.972445992074233
2006-10-05 00:00:00,0.9700130781300706
2006-10-06 00:00:00,0.9724417221115692
2006-10-10 00:00:00,0.9724757126776681
2006-10-11 00:00:00,0.9695827986459662
2006-10-12 00:00:00,0.9651305062279024
2006-10-13 00:00:00,0.9610561189436415
2006-10-16 00:00:00,0.9583799454781705
2006-10-17 00:00:00,0.9605504004500293
2006-10-18 00:00:00,0.9577013747768495
2006-10-19 00:00:00,0.9560567258942414
2006-10-20 00:00:00,0.9573931775530214
2006-10-23 00:00:00,0.9591622858405682
2006-10-24 00:00:00,0.9571037369483573
2006-10-25 00:00:00,0.9548749437115488
2006-10-26 00:00:00,0.951642565630248
2006-10-27 00:00:00,0.949893698538949
2006-10-30 00:00:00,0.9533910873835186
2006-10-31 00:00:00,0.9536585731471334
2006-11-01 00:00:00,0.9525583167972714
2006-11-02 00:00:00,0.9578824877790153
2006-11-03 00:00:00,0.9557240668179459
2006-11-06 00:00:00,0.9571224818743503
2006-11-07 00:00:00,0.9561910365396722
2006-11-08 00:00:00,0.9595891557347376
2006-11-09 00:00:00,0.9593391423892796
2006-11-10 00:00:00,0.9623459544902965
2006-11-13 00:00:00,0.9630370893632748
2006-11-14 00:00:00,0.9593566318732211
2006-11-15 00:00:00,0.9589629939136826
2006-11-16 00:00:00,0.9583188597844802
2006-11-17 00:00:00,0.9654793593512635
2006-11-20 00:00:00,0.9649387644000798
2006-11-21 00:00:00,0.9672290942904704
2006-11-22 00:00:00,0.9655426255057536
2006-11-24 00:00:00,0.9686596268068604
2006-11-27 00:00:00,0.9704893621526108
2006-11-28 00:00:00,0.9692009466215158
2006-11-29 00:00:00,0.9678107364323011
2006-11-30 00:00:00,0.9670914895069155
2006-12-01 00:00:00,0.9661878741387603
2006-12-04 00:00:00,0.9647371171203292
2006-12-05 00:00:00,0.9600838531731004
2006-12-06 00:00:00,0.9583207784805599
2006-12-07 00:00:00,0.9586760577564808
2006-12-08 00:00:00,0.9576889636806544
2006-12-11 00:00:00,0.9566365604109773
2006-12-12 00:00:00,0.9571252078715324
2006-12-13 00:00:00,0.9558766762484662
2006-12-14 00:00:00,0.9536829295177716
2006-12-15 00:00:00,0.9520796864366262
2006-12-18 00:00:00,0.9551910872929755
2006-12-19 00:00:00,0.9569925052286987
2006-12-20 00:00:00,0.954825960781843
2006-12-21 00:00:00,0.9565786926161334
2006-12-22 00:00:00,0.957529414447523
2006-12-26 00:00:00,0.9583837424667409
2006-12-27 00:00:00,0.9589248112440523
2006-12-28 00:00:00,0.9583765246044185
2006-12-29 00:00:00,0.9536535727326394
2007-01-02 00:00:00,0.952306153719986
2007-01-03 00:00:00,0.9513671670316951
2007-01-04 00:00:00,0.9577700658144579
2007-01-05 00:00:00,0.9633784449443736
2007-01-08 00:00:00,0.964216185702614
2007-01-09 00:00:00,0.9672708640833458
2007-01-10 00:00:00,0.9669477156660362
2007-01-11 00:00:00,0.9631771134017019
2007-01-12 00:00:00,0.9643510960439763
2007-01-16 00:00:00,0.9651002750245872
2007-01-17 00:00:00,0.9604713492419588
2007-01-18 00:00:00,0.9607360217716947
2007-01-19 00:00:00,0.9584185203805208
2007-01-22 00:00:00,0.9597637401462054
2007-01-23 00:00:00,0.9629474158101942
2007-01-24 00:00:00,0.9621421828788215
2007-01-25 00:00:00,0.9644674173859418
2007-01-26 00:00:00,0.9677861084390165
2007-01-29 00:00:00,0.9706822061856358
2007-01-30 00:00:00,0.9681381206133639
2007-01-31 00:00:00,0.967339027951142
2007-02-01 00:00:00,0.9640021507651512
2007-02-02 00:00:00,0.9650793187891922
2007-02-05 00:00:00,0.9604344024416744
2007-02-06 00:00:00,0.960044650066335
2007-02-07 00:00:00,0.9611038753744673
2007-02-08 00:00:00,0.9627110506395268
2007-02-09 00:00:00,0.9619557408846624
2007-02-12 00:00:00,0.9653548362498592
2007-02-13 00:00:00,0.963965579569508
2007-02-14 00:00:00,0.9594337928030084
2007-02-15 00:00:00,0.9615395573027707
2007-02-16 00:00:00,0.9639609057666386
2007-02-20 00:00:00,0.9627565320182437
2007-02-21 00:00:00,0.9636834227520963
2007-02-22 00:00:00,0.962839312683045
2007-02-23 00:00:00,0.9659528604182381
2007-02-26 00:00:00,0.9684963641544925
2007-02-27 00:00:00,0.9729815474520341
2007-02-28 00:00:00,0.9735233931507784
2007-03-01 00:00:00,0.9750725409962928
2007-03-02 00:00:00,0.9745449472570874
2007-03-05 00:00:00,0.9743471719029444
2007-03-06 00:00:00,0.9723028561536803
2007-03-07 00:00:00,0.9731237836133008
2007-03-08 00:00:00,0.972486936266693
2007-03-09 00:00:00,0.9707661597742181
2007-03-12 00:00:00,0.9730911463477252
2007-03-13 00:00:00,0.9733069715029219
2007-03-14 00:00:00,0.9743485928479366
2007-03-15 00:00:00,0.9720514015131618
2007-03-16 00:00:00,0.9729489795891268
2007-03-19 00:00:00,0.9723657815619067
2007-03-20 00:00:00,0.9698471771494757
2007-03-21 00:00:00,0.9681210580178476
2007-03-22 00:00:00,0.964117303447705
2007-03-23 00:00:00,0.9640062485207671
2007-03-26 00:00:00,0.9647141494595823
2007-03-27 00:00:00,0.966114816518649
2007-03-28 00:00:00,0.9683490533280038
2007-03-29 00:00:00,0.9665265361962745
2007-03-30 00:00:00,0.9655533415618553
2007-04-02 00:00:00,0.9647652973827784
2007-04-03 00:00:00,0.9615522338097395
2007-04-04 00:00:00,0.9626000772935577
2007-04-05 00:00:00,0.9621535956854621
2007-04-06 00:00:00,0.9608813991363275
2007-04-09 00:00:00,0.9608922652373586
2007-04-10 00:00:00,0.9635904563368016
2007-04-11 00:00:00,0.9618302779361264
2007-04-12 00:00:00,0.9632712229653412
2007-04-13 00:00:00,0.9619430588935959
2007-04-16 00:00:00,0.9615877604780096
2007-04-17 00:00:00,0.9615679366359577
2007-04-18 00:00:00,0.9617310893290912
2007-04-19 00:00:00,0.9622899666882275
2007-04-20 00:00:00,0.9613803267933767
2007-04-23 00:00:00,0.9602359179907244
2007-04-24 00:00:00,0.9622910975685207
2007-04-25 00:00:00,0.9582935758401456
2007-04-26 00:00:00,0.9574728928962937
2007-04-27 00:00:00,0.9572991403971297
2007-04-30 00:00:00,0.9575881027598182
2007-05-01 00:00:00,0.9576179170426342
2007-05-02 00:00:00,0.9574257723452758
2007-05-03 00:00:00,0.9554023980887422
2007-05-04 00:00:00,0.954476282220666
2007-05-07 00:00:00,0.9524236560916983
2007-05-08 00:00:00,0.952191847011238
2007-05-09 00:00:00,0.950610759535309
2007-05-10 00:00:00,0.9502081316118495
2007-05-11 00:00:00,0.9498429412180458
2007-05-14 00:00:00,0.9488841895594955
2007-05-15 00:00:00,0.9487959533089212
2007-05-16 00:00:00,0.9485939648296623
2007-05-17 00:00:00,0.9488531904405921
2007-05-18 00:00:00,0.9502018350794125
2007-05-21 00:00:00,0.9483734348204035
2007-05-22 00:00:00,0.9464276702994605
2007-05-23 00:00:00,0.9467839337483408
2007-05-24 00:00:00,0.9506915662205442
2007-05-25 00:00:00,0.9469688668201198
2007-05-29 00:00:00,0.9482797757011767
2007-05-30 00:00:00,0.9492389465900306
2007-05-31 00:00:00,0.9444625036927738
2007-06-01 00:00:00,0.9427216393569037
2007-06-04 00:00:00,0.9449043701687125
2007-06-05 00:00:00,0.9479333168695078
2007-06-06 00:00:00,0.9518105600662102
2007-06-07 00:00:00,0.9543122488880093
2007-06-08 00:00:00,0.9591865881833463
2007-06-11 00:00:00,0.9552084757741923
2007-06-12 00:00:00,0.955757336764365
2007-06-13 00:00:00,0.9577804944300932
2007-06-14 00:00:00,0.9546801186937435
2007-06-15 00:00:00,0.9484458976434478
2007-06-18 00:00:00,0.9456742086303184
2007-06-19 00:00:00,0.9439614487563942
2007-06-20 00:00:00,0.9463351753265401
2007-06-21 00:00:00,0.9487484779274792
2007-06-22 00:00:00,0.9472789893558246
2007-06-25 00:00:00,0.9484967168849738
2007-06-26 00:00:00,0.9496971921291287
2007-06-27 00:00:00,0.9516548399113816
2007-06-28 00:00:00,0.9464766809542422
2007-06-29 00:00:00,0.9467174795383371
2007-07-02 00:00:00,0.9454566908247799
2007-07-03 00:00:00,0.945222195963191
2007-07-05 00:00:00,0.9467498927455983
2007-07-06 00:00:00,0.9459082874809193
2007-07-09 00:00:00,0.9443144583589153
2007-07-10 00:00:00,0.9457759326454399
2007-07-11 00:00:00,0.9485658913108006
2007-07-12 00:00:00,0.9457069559382475
2007-07-13 00:00:00,0.9446792489610085
2007-07-16 00:00:00,0.9449782990979797
2007-07-17 00:00:00,0.9442542906855065
2007-07-18 00:00:00,0.9436309263603667
2007-07-19 00:00:00,0.9420862119214473
2007-07-20 00:00:00,0.9464237776218156
2007-07-23 00:00:00,0.943887515214676
2007-07-24 00:00:00,0.9458741937756902
2007-07-25 00:00:00,0.9507546426601569
2007-07-26 00:00:00,0.9554414141491417
2007-07-27 00:00:00,0.9594554774114231
2007-07-30 00:00:00,0.9574554907074685
2007-07-31 00:00:00,0.9544654380387618
2007-08-01 00:00:00,0.9562224880600397
2007-08-02 00:00:00,0.9544818697233214
2007-08-03 00:00:00,0.9563669756583649
2007-08-06 00:00:00,0.9571427164509693
2007-08-07 00:00:00,0.9561437555651057
2007-08-08 00:00:00,0.9538797729719268
2007-08-09 00:00:00,0.9569305968316475
2007-08-10 00:00:00,0.9582101811324288
2007-08-13 00:00:00,0.9574101309675707
2007-08-14 00:00:00,0.9609106115611719
2007-08-15 00:00:00,0.9654770587638316
2007-08-16 00:00:00,0.9740769808085372
2007-08-17 00:00:00,0.965971288905945
2007-08-20 00:00:00,0.9653855978332372
2007-08-21 00:00:00,0.9650672608400849
2007-08-22 00:00:00,0.9616936172659585
2007-08-23 00:00:00,0.9623946837617192
2007-08-24 00:00:00,0.9596616091817336
2007-08-27 00:00:00,0.9601858120396664
2007-08-28 00:00:00,0.9636517340235987
2007-08-29 00:00:00,0.9627632823797266
2007-08-30 00:00:00,0.9626829775251662
2007-08-31 00:00:00,0.9594704687971062
2007-09-03 00:00:00,0.9594201359114383
2007-09-04 00:00:00,0.959163976495744
2007-09-05 00:00:00,0.9626075100847197
2007-09-06 00:00:00,0.9606581681637404
2007-09-07 00:00:00,0.9648297349245888
2007-09-10 00:00:00,0.9660859421155263
2007-09-11 00:00:00,0.9636622020224723
2007-09-12 00:00:00,0.9612093232884295
2007-09-13 00:00:00,0.961495553385868
2007-09-14 00:00:00,0.9636246093386674
2007-09-17 00:00:00,0.9658757647684098
2007-09-18 00:00:00,0.9625078772733971
2007-09-19 00:00:00,0.9561426618556492
2007-09-20 00:00:00,0.9548455284124656
2007-09-21 00:00:00,0.9534453981528881
2007-09-24 00:00:00,0.952958289959344
2007-09-25 00:00:00,0.9530802741859754
2007-09-26 00:00:00,0.952118121973549
2007-09-27 00:00:00,0.9520060905769595
2007-09-28 00:00:00,0.9523257794337329
2007-10-01 00:00:00,0.9511332393621356
2007-10-02 00:00:00,0.9509035065810885
2007-10-03 00:00:00,0.9485496490436597
2007-10-04 00:00:00,0.9496188892010844
2007-10-05 00:00:00,0.9468503015999341
2007-10-08 00:00:00,0.9467999687142662
2007-10-09 00:00:00,0.945539381986738
2007-10-10 00:00:00,0.9462483132459717
2007-10-11 00:00:00,0.9444258206841487
2007-10-12 00:00:00,0.9451935879710487
2007-10-15 00:00:00,0.9441045609337995
2007-10-16 00:00:00,0.9458338060326956
2007-10-17 00:00:00,0.9443819688494198
2007-10-18 00:00:00,0.944363123168602
2007-10-19 00:00:00,0.9430194229707866
2007-10-22 00:00:00,0.9457139986277968
2007-10-23 00:00:00,0.9450800237433825
2007-10-24 00:00:00,0.945889115649626
2007-10-25 00:00:00,0.9455880803864399
2007-10-26 00:00:00,0.9407072001951978
2007-10-29 00:00:00,0.9372504759445477
2007-10-30 00:00:00,0.9377969440252722
2007-10-31 00:00:00,0.9365648393945241
2007-11-01 00:00:00,0.9344107046383018
2007-11-02 00:00:00,0.9365027737638308
2007-11-05 00:00:00,0.9384025313314094
2007-11-06 00:00:00,0.9365821847593669
2007-11-07 00:00:00,0.9387110038152524
2007-11-08 00:00:00,0.9437025740319267
2007-11-09 00:00:00,0.9476638215777291
2007-11-13 00:00:00,0.9483281996646885
2007-11-14 00:00:00,0.9468406977644516
2007-11-15 00:00:00,0.9499552286650093
2007-11-16 00:00:00,0.9504665013774944
2007-11-19 00:00:00,0.954303087200719
2007-11-20 00:00:00,0.9522658662247282
2007-11-21 00:00:00,0.9546897009523686
2007-11-22 00:00:00,0.9546393680667007
2007-11-23 00:00:00,0.9530639280798707
2007-11-26 00:00:00,0.9537160064717592
2007-11-27 00:00:00,0.9529021134975046
2007-11-28 00:00:00,0.9503658541067788
2007-11-29 00:00:00,0.9505926443329508
2007-11-30 00:00:00,0.9479159098227014
2007-12-03 00:00:00,0.9485473147004241
2007-12-04 00:00:00,0.9485588897944699
2007-12-05 00:00:00,0.9450866764692331
2007-12-06 00:00:00,0.9438838136554382
2007-12-07 00:00:00,0.9425384948488162
2007-12-10 00:00:00,0.9428343931679777
2007-12-11 00:00:00,0.9415612366143289
2007-12-12 00:00:00,0.9421669838141613
2007-12-13 00:00:00,0.9433434048293616
2007-12-14 00:00:00,0.9429160799872056
2007-12-17 00:00:00,0.9445526722368995
2007-12-18 00:00:00,0.945077362483449
2007-12-19 00:00:00,0.9441140385337801
2007-12-20 00:00:00,0.9437504721606081
2007-12-21 00:00:00,0.942570102255822
2007-12-24 00:00:00,0.9419218441366153
2007-12-26 00:00:00,0.9418715112509474
2007-12-27 00:00:00,0.9452059935746161
2007-12-28 00:00:00,0.946947177021654
2007-12-31 00:00:00,0.9482033792142966
2008-01-02 00:00:00,0.9472309467308192
2008-01-03 00:00:00,0.9459451465305521
2008-01-04 00:00:00,0.9486759978831012
2008-01-07 00:00:00,0.9480391264819776
2008-01-08 00:00:00,0.9462044013449371
2008-01-09 00:00:00,0.9513507156991093
2008-01-10 00:00:00,0.9503508894934812
2008-01-11 00:00:00,0.9481157561630333
2008-01-14 00:00:00,0.9476638501669509
2008-01-15 00:00:00,0.9477494878657646
2008-01-16 00:00:00,0.9488280628632717
2008-01-17 00:00:00,0.9490855178891229
2008-01-18 00:00:00,0.9488197630130312
2008-01-22 00:00:00,0.948060643276389
2008-01-23 00:00:00,0.9496659241813912
2008-01-24 00:00:00,0.945793589890321
2008-01-25 00:00:00,0.9443120332946606
2008-01-28 00:00:00,0.9445733510758925
2008-01-29 00:00:00,0.9424921500189097
2008-01-30 00:00:00,0.9418772681031258
2008-01-31 00:00:00,0.941041281151954
2008-02-01 00:00:00,0.9405501884877173
2008-02-04 00:00:00,0.9392690099636831
2008-02-05 00:00:00,0.9411796142163613
2008-02-06 00:00:00,0.940764431301215
2008-02-07 00:00:00,0.9392507775776981
2008-02-08 00:00:00,0.9368790976870571
2008-02-11 00:00:00,0.9377503108335428
2008-02-12 00:00:00,0.9361478100425331
2008-02-13 00:00:00,0.9362185956648506
2008-02-14 00:00:00,0.9358940912504284
2008-02-15 00:00:00,0.9371361794203309
2008-02-19 00:00:00,0.9358125608454211
2008-02-20 00:00:00,0.9391261240043408
2008-02-21 00:00:00,0.9390126270336133
2008-02-22 00:00:00,0.9375126282460595
2008-02-25 00:00:00,0.9385011093691543
2008-02-26 00:00:00,0.9346667727112237
2008-02-27 00:00:00,0.9348721416922564
2008-02-28 00:00:00,0.9307722415971293
2008-02-29 00:00:00,0.9341510693826854
2008-03-03 00:00:00,0.9324193769685754
2008-03-04 00:00:00,0.9334865890154934
2008-03-05 00:00:00,0.9324087630426997
2008-03-06 00:00:00,0.936418299988317
2008-03-07 00:00:00,0.9413587193331124
2008-03-10 00:00:00,0.9416151543599282
2008-03-11 00:00:00,0.9382951237345676
2008-03-12 00:00:00,0.9372323843851657
2008-03-13 00:00:00,0.9369601868853636
2008-03-14 00:00:00,0.9358937779487025
2008-03-17 00:00:00,0.937157420437606
2008-03-18 00:00:00,0.9329191317279371
2008-03-19 00:00:00,0.9315837122103371
2008-03-20 00:00:00,0.933235086955995
2008-03-21 00:00:00,0.9328001987823228
2008-03-24 00:00:00,0.9297225532036888
2008-03-25 00:00:00,0.9303831283560277
2008-03-26 00:00:00,0.9310100248925267
2008-03-27 00:00:00,0.931088537299316
2008-03-28 00:00:00,0.9309737877924507
2008-03-31 00:00:00,0.9268733658970627
2008-04-01 00:00:00,0.9248948001714724
2008-04-02 00:00:00,0.9216839614236964
2008-04-03 00:00:00,0.9225584088844809
2008-04-04 00:00:00,0.9224816877122687
2008-04-07 00:00:00,0.9207051900360416
2008-04-08 00:00:00,0.9220443960693707
2008-04-09 00:00:00,0.921696770245576
2008-04-10 00:00:00,0.9211503854877627
2008-04-11 00:00:00,0.9196408894984232
2008-04-14 00:00:00,0.916372246144405
2008-04-15 00:00:00,0.9166705409291998
2008-04-16 00:00:00,0.9151159582195482
2008-04-17 00:00:00,0.9161340364996386
2008-04-18 00:00:00,0.9149412570861439
2008-04-21 00:00:00,0.9191726921967176
2008-04-22 00:00:00,0.9185899883448931
2008-04-23 00:00:00,0.9168707633104277
2008-04-24 00:00:00,0.9144368913962958
2008-04-25 00:00:00,0.915160461225596
2008-04-28 00:00:00,0.9133580054650257
2008-04-29 00:00:00,0.9193823381094932
2008-04-30 00:00:00,0.9178615107322535
2008-05-01 00:00:00,0.9164014392323547
2008-05-02 00:00:00,0.914235934442366
2008-05-05 00:00:00,0.9151003797473131
2008-05-06 00:00:00,0.9164177673394163
2008-05-07 00:00:00,0.9196707893310508
2008-05-08 00:00:00,0.9191163154281604
2008-05-09 00:00:00,0.9214871585619042
2008-05-12 00:00:00,0.9158147175164641
2008-05-13 00:00:00,0.9158648572954657
2008-05-14 00:00:00,0.915914968336517
2008-05-15 00:00:00,0.9144221882434788
2008-05-16 00:00:00,0.9118755812880361
2008-05-19 00:00:00,0.9080816664085989
2008-05-20 00:00:00,0.9094994491810725
2008-05-21 00:00:00,0.9072960809302943
2008-05-22 00:00:00,0.9085459675865775
2008-05-23 00:00:00,0.9092121378278131
2008-05-27 00:00:00,0.9093321876182322
2008-05-28 00:00:00,0.905548837431176
2008-05-29 00:00:00,0.902941660724864
2008-05-30 00:00:00,0.9045173916756073
2008-06-02 00:00:00,0.9051567588459608
2008-06-03 00:00:00,0.9017140869704613
2008-06-04 00:00:00,0.9037445201512309
2008-06-05 00:00:00,0.9031405000966038
2008-06-06 00:00:00,0.9069480338279875
2008-06-09 00:00:00,0.9066235216365149
2008-06-10 00:00:00,0.9082150973237674
2008-06-11 00:00:00,0.9114597384548226
2008-06-12 00:00:00,0.9081826797815269
2008-06-13 00:00:00,0.906593576955524
2008-06-16 00:00:00,0.9043156437456281
2008-06-17 00:00:00,0.9030839921183443
2008-06-18 00:00:00,0.9014385614343913
2008-06-19 00:00:00,0.9030525171100293
2008-06-20 00:00:00,0.8999101582309934
2008-06-23 00:00:00,0.9014960231223369
2008-06-24 00:00:00,0.9011329541486083
2008-06-25 00:00:00,0.9008739785690121
2008-06-26 00:00:00,0.8996111147911134
2008-06-27 00:00:00,0.9015793910209134
2008-06-30 00:00:00,0.9016956063328548
2008-07-01 00:00:00,0.9072552804897625
2008-07-02 00:00:00,0.9062475375704714
2008-07-03 00:00:00,0.906094471705539
2008-07-07 00:00:00,0.9027478311047298
2008-07-08 00:00:00,0.9038639833895713
2008-07-09 00:00:00,0.9013936090188472
2008-07-10 00:00:00,0.9014542651669841
2008-07-11 00:00:00,0.9016396695814418
2008-07-14 00:00:00,0.9006871477362969
2008-07-15 00:00:00,0.9024389201432257
2008-07-16 00:00:00,0.8980621848433742
2008-07-17 00:00:00,0.895497866449971
2008-07-18 00:00:00,0.894000017316891
2008-07-21 00:00:00,0.891678483741681
2008-07-22 00:00:00,0.8884028047304326
2008-07-23 00:00:00,0.8826402634802321
2008-07-24 00:00:00,0.8810910564274469
2008-07-25 00:00:00,0.8809674509295887
2008-07-28 00:00:00,0.8844540835528638
2008-07-29 00:00:00,0.8835317997064128
2008-07-30 00:00:00,0.8814753800333234
2008-07-31 00:00:00,0.8814250471476555
2008-08-01 00:00:00,0.8767742772987099
2008-08-04 00:00:00,0.874010518670052
2008-08-05 00:00:00,0.8725473022797309
2008-08-06 00:00:00,0.8751240615174042
2008-08-07 00:00:00,0.8791562701725951
2008-08-08 00:00:00,0.8877628437249013
2008-08-11 00:00:00,0.8884229443763574
2008-08-12 00:00:00,0.8905953775978513
2008-08-13 00:00:00,0.8932708630957459
2008-08-14 00:00:00,0.8905588338104204
2008-08-15 00:00:00,0.8930994726336906
2008-08-18 00:00:00,0.8885367195279229
2008-08-19 00:00:00,0.8918653236903289
2008-08-20 00:00:00,0.88835726454786
2008-08-21 00:00:00,0.885863170591618
2008-08-22 00:00:00,0.8865836749431424
2008-08-25 00:00:00,0.8868426586612602
2008-08-26 00:00:00,0.8908749841783481
2008-08-27 00:00:00,0.8882488405140313
2008-08-28 00:00:00,0.8925757381091303
2008-08-29 00:00:00,0.8990800446102758
2008-09-02 00:00:00,0.905090966406041
2008-09-03 00:00:00,0.9047195052605519
2008-09-04 00:00:00,0.9102438982319037
2008-09-05 00:00:00,0.912473886467832
2008-09-08 00:00:00,0.9138911999815428
2008-09-09 00:00:00,0.9130744549638874
2008-09-10 00:00:00,0.9193382508131123
2008-09-11 00:00:00,0.9229702315830772
2008-09-12 00:00:00,0.9174640015104711
2008-09-15 00:00:00,0.9262627857434873
2008-09-16 00:00:00,0.9277112972109942
2008-09-17 00:00:00,0.9368609149846089
2008-09-18 00:00:00,0.9348202147947563
2008-09-19 00:00:00,0.9192151684334114
2008-09-22 00:00:00,0.9183453977485262
2008-09-23 00:00:00,0.9266277491594983
2008-09-24 00:00:00,0.9310331309671988
2008-09-25 00:00:00,0.9294616505669173
2008-09-26 00:00:00,0.9311537341178318
2008-09-29 00:00:00,0.9386348379648627
2008-09-30 00:00:00,0.9420649954027933
2008-10-01 00:00:00,0.941886169241822
2008-10-02 00:00:00,0.9505641236414459
2008-10-03 00:00:00,0.9510796790520218
2008-10-06 00:00:00,0.9837575922460986
2008-10-07 00:00:00,1.0051102108203225
2008-10-08 00:00:00,1.0521789123761478
2008-10-09 00:00:00,1.0521789123761478
2008-10-10 00:00:00,1.0521789123761478
2008-10-14 00:00:00,1.0521789123761478
2008-10-15 00:00:00,1.0521789123761478
2008-10-16 00:00:00,1.0521789123761478
2008-10-17 00:00:00,1.0521789123761478
2008-10-20 00:00:00,1.0521789123761478
2008-10-21 00:00:00,1.0521789123761478
2008-10-22 00:00:00,1.0521789123761478
2008-10-23 00:00:00,1.0521789123761478
2008-10-24 00:00:00,1.0521789123761478
2008-10-27 00:00:00,1.0521789123761478
2008-10-28 00:00:00,1.0521789123761478
2008-10-29 00:00:00,1.0521789123761478
2008-10-30 00:00:00,1.0521789123761478
2008-10-31 00:00:00,1.0521789123761478
2008-11-03 00:00:00,1.0521789123761478
2008-11-04 00:00:00,1.0521789123761478
2008-11-05 00:00:00,1.0521789123761478
2008-11-06 00:00:00,1.0521789123761478
2008-11-07 00:00:00,1.0521789123761478
2008-11-10 00:00:00,1.0521789123761478
2008-11-12 00:00:00,1.0521789123761478
2008-11-13 00:00:00,1.0521789123761478
2008-11-14 00:00:00,1.0521789123761478
2008-11-17 00:00:00,1.0521789123761478
2008-11-18 00:00:00,1.0521789123761478
2008-11-19 00:00:00,1.0521789123761478
2008-11-20 00:00:00,1.0521789123761478
2008-11-21 00:00:00,1.0521789123761478
2008-11-24 00:00:00,1.0521789123761478
2008-11-25 00:00:00,1.0521789123761478
2008-11-26 00:00:00,1.0521789123761478
2008-11-28 00:00:00,1.0521789123761478
2008-12-01 00:00:00,1.0521789123761478
2008-12-02 00:00:00,1.0521789123761478
2008-12-03 00:00:00,1.0521789123761478
2008-12-04 00:00:00,1.0521789123761478
2008-12-05 00:00:00,1.0521789123761478
2008-12-08 00:00:00,1.0521789123761478
2008-12-09 00:00:00,1.0521789123761478
2008-12-10 00:00:00,1.0521789123761478
2008-12-11 00:00:00,1.0521789123761478
2008-12-12 00:00:00,1.0521789123761478
2008-12-15 00:00:00,1.0521789123761478
2008-12-16 00:00:00,1.0521789123761478
2008-12-17 00:00:00,1.0521789123761478
2008-12-18 00:00:00,1.0521789123761478
2008-12-19 00:00:00,1.0521789123761478
2008-12-22 00:00:00,1.0521789123761478
2008-12-23 00:00:00,1.0521789123761478
2008-12-24 00:00:00,1.0521789123761478
2008-12-26 00:00:00,1.0521789123761478
2008-12-29 00:00:00,1.0521789123761478
2008-12-30 00:00:00,1.0521789123761478
2008-12-31 00:00:00,1.0521789123761478
2009-01-02 00:00:00,1.0521789123761478
2009-01-05 00:00:00,1.0521789123761478
2009-01-06 00:00:00,1.0521789123761478
2009-01-07 00:00:00,1.0521789123761478
2009-01-08 00:00:00,1.0521789123761478
2009-01-09 00:00:00,1.0521789123761478
2009-01-12 00:00:00,1.0521789123761478
2009-01-13 00:00:00,1.0521789123761478
2009-01-14 00:00:00,1.0521789123761478
2009-01-15 00:00:00,1.0521789123761478
2009-01-16 00:00:00,1.0521789123761478
2009-01-20 00:00:00,1.0521789123761478
2009-01-21 00:00:00,1.0521789123761478
2009-01-22 00:00:00,1.0521789123761478
2009-01-23 00:00:00,1.0521789123761478
2009-01-26 00:00:00,1.0521789123761478
2009-01-27 00:00:00,1.0521789123761478
2009-01-28 00:00:00,1.0521789123761478
2009-01-29 00:00:00,1.0521789123761478
2009-01-30 00:00:00,1.0521789123761478
2009-02-02 00:00:00,1.0521789123761478
2009-02-03 00:00:00,1.0521789123761478
2009-02-04 00:00:00,1.0521789123761478
2009-02-05 00:00:00,1.0521789123761478
2009-02-06 00:00:00,1.0521789123761478
2009-02-09 00:00:00,1.0521789123761478
2009-02-10 00:00:00,1.0521789123761478
2009-02-11 00:00:00,1.0521789123761478
2009-02-12 00:00:00,1.0521789123761478
2009-02-13 00:00:00,1.0521789123761478
2009-02-17 00:00:00,1.0521789123761478
2009-02-18 00:00:00,1.0521789123761478
2009-02-19 00:00:00,1.0521789123761478
2009-02-20 00:00:00,1.0521789123761478
2009-02-23 00:00:00,1.0521789123761478
2009-02-24 00:00:00,1.0521789123761478
2009-02-25 00:00:00,1.0521789123761478
2009-02-26 00:00:00,1.0521789123761478
2009-02-27 00:00:00,1.0521789123761478
2009-03-02 00:00:00,1.0521789123761478
2009-03-03 00:00:00,1.0521789123761478
2009-03-04 00:00:00,1.0521789123761478
2009-03-05 00:00:00,1.0521789123761478
2009-03-06 00:00:00,1.0521789123761478
2009-03-09 00:00:00,1.0521789123761478
2009-03-10 00:00:00,1.0521789123761478
2009-03-11 00:00:00,1.0521789123761478
2009-03-12 00:00:00,1.0521789123761478
2009-03-13 00:00:00,1.0521789123761478
2009-03-16 00:00:00,1.0521789123761478
2009-03-17 00:00:00,1.0521789123761478
2009-03-18 00:00:00,1.0521789123761478
2009-03-19 00:00:00,1.0521789123761478
2009-03-20 00:00:00,1.0521789123761478
2009-03-23 00:00:00,1.0521789123761478
2009-03-24 00:00:00,1.0521789123761478
2009-03-25 00:00:00,1.0521789123761478
2009-03-26 00:00:00,1.0521789123761478
2009-03-27 00:00:00,1.0521789123761478
2009-03-30 00:00:00,1.0521789123761478
2009-03-31 00:00:00,1.0521789123761478
2009-04-01 00:00:00,1.0521789123761478
2009-04-02 00:00:00,1.0521789123761478
2009-04-03 00:00:00,1.0521789123761478
2009-04-06 00:00:00,1.0521789123761478
2009-04-07 00:00:00,1.0521789123761478
2009-04-08 00:00:00,1.0521789123761478
2009-04-09 00:00:00,1.0521789123761478
2009-04-10 00:00:00,1.0521789123761478
2009-04-13 00:00:00,1.0521789123761478
2009-04-14 00:00:00,1.0521789123761478
2009-04-15 00:00:00,1.0521789123761478
2009-04-16 00:00:00,1.0619773133766612
2009-04-17 00:00:00,1.054862429206342
2009-04-20 00:00:00,1.0395481867896088
2009-04-21 00:00:00,1.0559074841964107
2009-04-22 00:00:00,1.0553605818982161
2009-04-23 00:00:00,1.039665191537878
2009-04-24 00:00:00,1.0461412667616974
2009-04-27 00:00:00,1.0108277407220514
2009-04-28 00:00:00,0.9978839040421537
2009-04-29 00:00:00,1.0206716764364865
2009-04-30 00:00:00,1.0039575398612637
2009-05-01 00:00:00,1.0023596909227592
2009-05-04 00:00:00,1.0417366270159245
2009-05-05 00:00:00,1.049429524170666
2009-05-06 00:00:00,1.0498668693029212
2009-05-07 00:00:00,1.0588123190910363
2009-05-08 00:00:00,1.0571884853331885
2009-05-11 00:00:00,1.056873989902769
2009-05-12 00:00:00,1.047089968458364
2009-05-13 00:00:00,1.0405787333086978
2009-05-14 00:00:00,1.041697466929201
2009-05-15 00:00:00,1.0490719672629416
2009-05-18 00:00:00,1.056068445703148
2009-05-19 00:00:00,1.0696840892168071
2009-05-20 00:00:00,1.0753710277950486
2009-05-21 00:00:00,1.058690965243576
2009-05-22 00:00:00,1.052258819641185
2009-05-26 00:00:00,1.054982906888895
2009-05-27 00:00:00,1.0536511515216842
2009-05-28 00:00:00,1.0472878312641953
2009-05-29 00:00:00,1.0511013509046658
2009-06-01 00:00:00,1.0531386012712578
2009-06-02 00:00:00,1.0431483536702655
2009-06-03 00:00:00,1.0413842921928074
2009-06-04 00:00:00,1.0452573615595784
2009-06-05 00:00:00,1.042167582371215
2009-06-08 00:00:00,1.029621610137869
2009-06-09 00:00:00,1.0263420746389114
2009-06-10 00:00:00,1.0161057500458566
2009-06-11 00:00:00,1.0309239589006922
2009-06-12 00:00:00,1.0339241853313412
2009-06-15 00:00:00,1.0316531780369533
2009-06-16 00:00:00,1.0384963279587245
2009-06-17 00:00:00,1.0286279144487973
2009-06-18 00:00:00,1.038574170423904
2009-06-19 00:00:00,1.038807767853149
2009-06-22 00:00:00,1.036205213149258
2009-06-23 00:00:00,1.040063204769988
2009-06-24 00:00:00,1.0431483536702655
2009-06-25 00:00:00,1.0426381223286405
2009-06-26 00:00:00,1.0462992643100097
2009-06-29 00:00:00,1.0509817580783025
2009-06-30 00:00:00,1.0520590742312304
2009-07-01 00:00:00,1.0579634259248887
2009-07-02 00:00:00,1.052858511217728
2009-07-03 00:00:00,1.0461017748301473
2009-07-06 00:00:00,1.0454308678934094
2009-07-07 00:00:00,1.0441467096433483
2009-07-08 00:00:00,1.0279410941186515
2009-07-09 00:00:00,1.0222153533974179
2009-07-10 00:00:00,1.0098846944333308
2009-07-13 00:00:00,1.0038484338073033
2009-07-14 00:00:00,1.0051228152067684
2009-07-15 00:00:00,1.019057699233281
2009-07-16 00:00:00,1.021198261175214
2009-07-17 00:00:00,1.0347735629294474
2009-07-20 00:00:00,1.0403677735114358
2009-07-21 00:00:00,1.0413608116784516
2009-07-22 00:00:00,1.047010844268357
2009-07-23 00:00:00,1.052658538091191
2009-07-24 00:00:00,1.0480007569491945
2009-07-27 00:00:00,1.0480403923925194
2009-07-28 00:00:00,1.0449972100177467
2009-07-29 00:00:00,1.0441309726921857
2009-07-30 00:00:00,1.0480007569491945
2009-07-31 00:00:00,1.0494692677618103
2009-08-03 00:00:00,1.0551837641935347
2009-08-04 00:00:00,1.0574789549799888
2009-08-05 00:00:00,1.0569142993726153
2009-08-06 00:00:00,1.066062784306017
2009-08-07 00:00:00,1.071545416466904
2009-08-10 00:00:00,1.0724826620553365
2009-08-11 00:00:00,1.0664320190590957
2009-08-12 00:00:00,1.068545671069601
2009-08-13 00:00:00,1.0765407721242612
2009-08-14 00:00:00,1.0757550918582677
2009-08-17 00:00:00,1.067047979023897
2009-08-18 00:00:00,1.0691228265579178
2009-08-19 00:00:00,1.0755797242373315
2009-08-20 00:00:00,1.0767917627841697
2009-08-21 00:00:00,1.0807814358522077
2009-08-24 00:00:00,1.078510002928723
2009-08-25 00:00:00,1.0763985960150793
2009-08-26 00:00:00,1.0529385217436964
2009-08-27 00:00:00,1.046734003748984
2009-08-28 00:00:00,1.0443670767788724
2009-08-31 00:00:00,1.0389557672501935
2009-09-01 00:00:00,1.020859680060807
2009-09-02 00:00:00,1.020446163472183
2009-09-03 00:00:00,1.021190734710483
2009-09-04 00:00:00,1.0319989578150828
2009-09-08 00:00:00,1.0427165869675876
2009-09-09 00:00:00,1.0312308728509454
2009-09-10 00:00:00,1.0340013438526345
2009-09-11 00:00:00,1.039509191058992
2009-09-14 00:00:00,1.0340785138909847
2009-09-15 00:00:00,1.038924605977978
2009-09-16 00:00:00,1.0511810945774451
2009-09-17 00:00:00,1.0459754206834435
2009-09-18 00:00:00,1.0457859466846782
2009-09-21 00:00:00,1.0384574111017653
2009-09-22 00:00:00,1.0398992800679452
2009-09-23 00:00:00,1.038068402893823
2009-09-24 00:00:00,1.0293538878663722
2009-09-25 00:00:00,1.0247480221599956
2009-09-28 00:00:00,1.0272171114375432
2009-09-29 00:00:00,1.0223662060597898
2009-09-30 00:00:00,1.02782671322468
2009-10-01 00:00:00,1.014766222910891
2009-10-02 00:00:00,1.0135784936082883
2009-10-05 00:00:00,1.014172010512758
2009-10-06 00:00:00,1.027179035334369
2009-10-07 00:00:00,1.0288188607852462
2009-10-08 00:00:00,1.0402115621340318
2009-10-09 00:00:00,1.0447608209640553
2009-10-13 00:00:00,1.0527785128504905
2009-10-14 00:00:00,1.060514198823215
2009-10-15 00:00:00,1.058246239030421
2009-10-16 00:00:00,1.0592170329199069
2009-10-19 00:00:00,1.059038920724693
2009-10-20 00:00:00,1.069213579110968
2009-10-21 00:00:00,1.0741621837061246
2009-10-22 00:00:00,1.0698079764988846
2009-10-23 00:00:00,1.0647356536151986
2009-10-26 00:00:00,1.0559074841964107
2009-10-27 00:00:00,1.0472878312641953
2009-10-28 00:00:00,1.043226895126703
2009-10-29 00:00:00,1.0530425536093164
2009-10-30 00:00:00,1.0532186543746191
2009-11-02 00:00:00,1.057777659604338
2009-11-03 00:00:00,1.0406021785674278
2009-11-04 00:00:00,1.0429128002427686
2009-11-05 00:00:00,1.0392908690218352
2009-11-06 00:00:00,1.035903076365963
2009-11-09 00:00:00,1.041321679840769
2009-11-10 00:00:00,1.0460938768016326
2009-11-12 00:00:00,1.045501864360601
2009-11-13 00:00:00,1.0598246841033618
2009-11-16 00:00:00,1.066390980345209
2009-11-17 00:00:00,1.057680763940863
2009-11-18 00:00:00,1.0677880708712468
2009-11-19 00:00:00,1.0619773133766612
2009-11-20 00:00:00,1.0588932371131297
2009-11-23 00:00:00,1.0651530975027332
2009-11-24 00:00:00,1.0714625532711057
2009-11-25 00:00:00,1.0775454374635691
2009-11-27 00:00:00,1.0724577582433765
2009-11-30 00:00:00,1.0727483747000077
2009-12-01 00:00:00,1.0779478288450253
2009-12-02 00:00:00,1.0846733996888447
2009-12-03 00:00:00,1.0967362969585075
2009-12-04 00:00:00,1.0968838968021424
2009-12-07 00:00:00,1.0957388697212576
2009-12-08 00:00:00,1.0790139403181453
2009-12-09 00:00:00,1.0685291900690446
2009-12-10 00:00:00,1.0674178966623247
2009-12-11 00:00:00,1.0711726329822422
2009-12-14 00:00:00,1.0839097244485099
2009-12-15 00:00:00,1.0899550827656568
2009-12-16 00:00:00,1.0904354470251685
2009-12-17 00:00:00,1.069098078535297
2009-12-18 00:00:00,1.0766829857970674
2009-12-21 00:00:00,1.0806971381035255
2009-12-22 00:00:00,1.0696840892168071
2009-12-23 00:00:00,1.0756632254968794
2009-12-24 00:00:00,1.0756632254968794
2009-12-28 00:00:00,1.0711312286054118
2009-12-29 00:00:00,1.0595005167367846
2009-12-30 00:00:00,1.0601084933148661
2009-12-31 00:00:00,1.0611152131804698
2010-01-04 00:00:00,1.073163814392789
2010-01-05 00:00:00,1.0811187583977295
2010-01-06 00:00:00,1.087397426434257
2010-01-07 00:00:00,1.0859485859099696
2010-01-08 00:00:00,1.088798799869971
2010-01-11 00:00:00,1.0939221543995974
2010-01-12 00:00:00,1.0896636394656367
2010-01-13 00:00:00,1.0856933088563943
2010-01-14 00:00:00,1.0892781452535614
2010-01-15 00:00:00,1.09232669853958
2010-01-19 00:00:00,1.0953057713537788
2010-01-20 00:00:00,1.0850131564311123
2010-01-21 00:00:00,1.0839521226383966
2010-01-22 00:00:00,1.0716282924803975
2010-01-25 00:00:00,1.0732386277120474
2010-01-26 00:00:00,1.069725381789253
2010-01-27 00:00:00,1.071794082972369
2010-01-28 00:00:00,1.071644869221482
2010-01-29 00:00:00,1.0634852828510806
2010-02-01 00:00:00,1.070758733201337
2010-02-02 00:00:00,1.0772522164224305
2010-02-03 00:00:00,1.0682820360543794
2010-02-04 00:00:00,1.058569639210429
2010-02-05 00:00:00,1.0501453696851069
2010-02-08 00:00:00,1.0541722212807223
2010-02-09 00:00:00,1.0602707382633383
2010-02-10 00:00:00,1.0615704878658674
2010-02-11 00:00:00,1.06242518173717
2010-02-12 00:00:00,1.0672945622881918
2010-02-16 00:00:00,1.0781743060948799
2010-02-17 00:00:00,1.0759890043274731
2010-02-18 00:00:00,1.0786359431415908
2010-02-19 00:00:00,1.080486451251632
2010-02-22 00:00:00,1.0825801063877818
2010-02-23 00:00:00,1.0779646016746645
2010-02-24 00:00:00,1.0782582107101402
2010-02-25 00:00:00,1.0779646016746645
2010-02-26 00:00:00,1.0860762694591655
2010-03-01 00:00:00,1.0874742375168
2010-03-02 00:00:00,1.089483708217376
2010-03-03 00:00:00,1.0921544955366178
2010-03-04 00:00:00,1.0894922750245963
2010-03-05 00:00:00,1.094570289341178
2010-03-08 00:00:00,1.0940085280398977
2010-03-09 00:00:00,1.0972574149772563
2010-03-10 00:00:00,1.1000800317286326
2010-03-11 00:00:00,1.098562379197249
2010-03-12 00:00:00,1.1044117113931708
2010-03-15 00:00:00,1.102803088795392
2010-03-16 00:00:00,1.1066699153860833
2010-03-17 00:00:00,1.1100034454336312
2010-03-18 00:00:00,1.1110270233040895
2010-03-19 00:00:00,1.1031542999701673
2010-03-22 00:00:00,1.098475285022024
2010-03-23 00:00:00,1.1060603502534767
2010-03-24 00:00:00,1.1051781133943768
2010-03-25 00:00:00,1.1093369101381347
2010-03-26 00:00:00,1.1048520423600998
2010-03-29 00:00:00,1.111874012568736
2010-03-30 00:00:00,1.1162632835951904
2010-03-31 00:00:00,1.126427219025674
2010-04-01 00:00:00,1.1265188021972683
2010-04-02 00:00:00,1.1276373171994907
2010-04-05 00:00:00,1.1289971894581627
2010-04-06 00:00:00,1.1315881552077116
2010-04-07 00:00:00,1.133013166049988
2010-04-08 00:00:00,1.1324112629337013
2010-04-09 00:00:00,1.1368245821812684
2010-04-12 00:00:00,1.1386463415889636
2010-04-13 00:00:00,1.1368618930409025
2010-04-14 00:00:00,1.136628740340547
2010-04-15 00:00:00,1.1358926059702656
2010-04-16 00:00:00,1.1292456280970598
2010-04-19 00:00:00,1.1233040128763003
2010-04-20 00:00:00,1.1336620853890773
2010-04-21 00:00:00,1.137599284680682
2010-04-22 00:00:00,1.1298165308412949
2010-04-23 00:00:00,1.1355574684980088
2010-04-26 00:00:00,1.1398547177947038
2010-04-27 00:00:00,1.1293744911826564
2010-04-28 00:00:00,1.1161733602630446
2010-04-29 00:00:00,1.1325963957677936
2010-04-30 00:00:00,1.1330965569160623
2010-05-03 00:00:00,1.1296323056047242
2010-05-04 00:00:00,1.1159036771735436
2010-05-05 00:00:00,1.097300863833476
2010-05-06 00:00:00,1.0779981488998998
2010-05-07 00:00:00,1.079703416840074
2010-05-10 00:00:00,1.1073420985115128
2010-05-11 00:00:00,1.1082277950510142
2010-05-12 00:00:00,1.1139657992479
2010-05-13 00:00:00,1.1211861148750042
2010-05-14 00:00:00,1.1012254019730807
2010-05-17 00:00:00,1.0890812201901623
2010-05-18 00:00:00,1.0999141071386285
2010-05-19 00:00:00,1.071545416466904
2010-05-20 00:00:00,1.0560121035939625
2010-05-21 00:00:00,1.0682737995563105
2010-05-24 00:00:00,1.0697336406863054
2010-05-25 00:00:00,1.0544770854674577
2010-05-26 00:00:00,1.0668836534708017
2010-05-27 00:00:00,1.077989761897839
2010-05-28 00:00:00,1.0771433463905296
2010-06-01 00:00:00,1.0724577582433765
2010-06-02 00:00:00,1.0791988353759934
2010-06-03 00:00:00,1.0864254244064566
2010-06-04 00:00:00,1.0755379784688766
2010-06-07 00:00:00,1.0746287253653266
2010-06-08 00:00:00,1.0735795759821245
2010-06-09 00:00:00,1.0824532435137968
2010-06-10 00:00:00,1.0881232974143247
2010-06-11 00:00:00,1.0931022845351508
2010-06-14 00:00:00,1.0999839640229037
2010-06-15 00:00:00,1.10160188330341
2010-06-16 00:00:00,1.10089291166436
2010-06-17 00:00:00,1.1010328831093992
2010-06-18 00:00:00,1.104649446514016
2010-06-21 00:00:00,1.1124096188531414
2010-06-22 00:00:00,1.1068644107737962
2010-06-23 00:00:00,1.0957215392105542
2010-06-24 00:00:00,1.090710131038809
2010-06-25 00:00:00,1.091277104099908
2010-06-28 00:00:00,1.0954616473194054
2010-06-29 00:00:00,1.0793081213340059
2010-06-30 00:00:00,1.0798885482849832
2010-07-01 00:00:00,1.0629549679804606
2010-07-02 00:00:00,1.0592170329199069
2010-07-06 00:00:00,1.0713962719412096
2010-07-07 00:00:00,1.0744537247586603
2010-07-08 00:00:00,1.0839860435785438
2010-07-09 00:00:00,1.0839690828430957
2010-07-12 00:00:00,1.0801158418467016
2010-07-13 00:00:00,1.0903839591744224
2010-07-14 00:00:00,1.0913286763356702
2010-07-15 00:00:00,1.0853871347704223
2010-07-16 00:00:00,1.071951631462006
2010-07-19 00:00:00,1.0731555024455934
2010-07-20 00:00:00,1.0786695321659856
2010-07-21 00:00:00,1.0842914276030287
2010-07-22 00:00:00,1.0865446994687344
2010-07-23 00:00:00,1.0853021170574235
2010-07-26 00:00:00,1.0913544642815183
2010-07-27 00:00:00,1.095089350533515
2010-07-28 00:00:00,1.092972943726852
2010-07-29 00:00:00,1.0886106010170886
2010-07-30 00:00:00,1.0959902237464743
2010-08-02 00:00:00,1.1016544360484772
2010-08-03 00:00:00,1.1012254019730807
2010-08-04 00:00:00,1.1043853026961026
2010-08-05 00:00:00,1.104552579110921
2010-08-06 00:00:00,1.0938617009659424
2010-08-09 00:00:00,1.0969967940798306
2010-08-10 00:00:00,1.0918532708924589
2010-08-11 00:00:00,1.0883027795549038
2010-08-12 00:00:00,1.089535111081647
2010-08-13 00:00:00,1.0890640996364946
2010-08-16 00:00:00,1.0950201139327531
2010-08-17 00:00:00,1.1011116326897796
2010-08-18 00:00:00,1.0998704510915105
2010-08-19 00:00:00,1.088336973342652
2010-08-20 00:00:00,1.0849706751987236
2010-08-23 00:00:00,1.0761561469522802
2010-08-24 00:00:00,1.0725490778753795
2010-08-25 00:00:00,1.0634363085420562
2010-08-26 00:00:00,1.0678456766028763
2010-08-27 00:00:00,1.0657511851290151
2010-08-30 00:00:00,1.0541722212807223
2010-08-31 00:00:00,1.0522907859456754
2010-09-01 00:00:00,1.0625473932227993
2010-09-02 00:00:00,1.0613265421390503
2010-09-03 00:00:00,1.0703451531576131
2010-09-07 00:00:00,1.0609283384731354
2010-09-08 00:00:00,1.0647111082818075
2010-09-09 00:00:00,1.0647765650191967
2010-09-10 00:00:00,1.0690650829539987
2010-09-13 00:00:00,1.0771265991079646
2010-09-14 00:00:00,1.0809753705910814
2010-09-15 00:00:00,1.0844017474583867
2010-09-16 00:00:00,1.0779981488998998
2010-09-17 00:00:00,1.0818362684072071
2010-09-20 00:00:00,1.0849281972927178
2010-09-21 00:00:00,1.0855402002244867
2010-09-22 00:00:00,1.0913372721822072
2010-09-23 00:00:00,1.0960595830828557
2010-09-24 00:00:00,1.1041652793262384
2010-09-27 00:00:00,1.1068909381690824
2010-09-28 00:00:00,1.1091060313806016
2010-09-29 00:00:00,1.109470153150923
2010-09-30 00:00:00,1.097300863833476
2010-10-01 00:00:00,1.1046230264464136
2010-10-04 00:00:00,1.0989457576974566
2010-10-05 00:00:00,1.1072005184252407
2010-10-06 00:00:00,1.1102258018930529
2010-10-07 00:00:00,1.104455728695063
2010-10-08 00:00:00,1.111374578500638
2010-10-12 00:00:00,1.1148262467413852
2010-10-13 00:00:00,1.1200531916757852
2010-10-14 00:00:00,1.1159845684159688
2010-10-15 00:00:00,1.1160385024265245
2010-10-18 00:00:00,1.1155443023731173
2010-10-19 00:00:00,1.111784794995009
2010-10-20 00:00:00,1.1171633144628341
2010-10-21 00:00:00,1.118425798734738
2010-10-22 00:00:00,1.117199345887011
2010-10-25 00:00:00,1.123932738008834
2010-10-26 00:00:00,1.1190129225993621
2010-10-27 00:00:00,1.1115618136883516
2010-10-28 00:00:00,1.1168391362011671
2010-10-29 00:00:00,1.1226850875197747
2010-11-01 00:00:00,1.1226668941576365
2010-11-02 00:00:00,1.1263814330237625
2010-11-03 00:00:00,1.1268211323518893
2010-11-04 00:00:00,1.1322632002374178
2010-11-05 00:00:00,1.1345811128000347
2010-11-08 00:00:00,1.13144030766171
2010-11-09 00:00:00,1.1342653192767633
2010-11-10 00:00:00,1.130517135086921
2010-11-12 00:00:00,1.129429727222917
2010-11-15 00:00:00,1.1277382760841677
2010-11-16 00:00:00,1.1133481725693293
2010-11-17 00:00:00,1.120705475692194
2010-11-18 00:00:00,1.1269219451346717
2010-11-19 00:00:00,1.1264730087500245
2010-11-22 00:00:00,1.1264638505073374
2010-11-23 00:00:00,1.1108488741782492
2010-11-24 00:00:00,1.1172443884357908
2010-11-26 00:00:00,1.1089817518509126
2010-11-29 00:00:00,1.1025573740033503
2010-11-30 00:00:00,1.112543601061932
2010-12-01 00:00:00,1.1197816307128383
2010-12-02 00:00:00,1.1221758961720003
2010-12-03 00:00:00,1.1214674345907536
2010-12-06 00:00:00,1.1185612341668931
2010-12-07 00:00:00,1.1150954092491492
2010-12-08 00:00:00,1.1141359907065906
2010-12-09 00:00:00,1.1108934061034519
2010-12-10 00:00:00,1.1125257349027078
2010-12-13 00:00:00,1.1186967024040453
2010-12-14 00:00:00,1.120705475692194
2010-12-15 00:00:00,1.1177040299782441
2010-12-16 00:00:00,1.112936801794861
2010-12-17 00:00:00,1.1148172768956524
2010-12-20 00:00:00,1.1163532214176612
2010-12-21 00:00:00,1.1200079223688708
2010-12-22 00:00:00,1.1236319555940104
2010-12-23 00:00:00,1.1232493743666796
2010-12-27 00:00:00,1.1204517194285426
2010-12-28 00:00:00,1.1207961307867713
2010-12-29 00:00:00,1.1210046931735682
2010-12-30 00:00:00,1.1189677373410296
2011-01-03 00:00:00,1.1307477869690539
2011-01-04 00:00:00,1.1306555149231143
2011-01-05 00:00:00,1.136041619463555
2011-01-06 00:00:00,1.1323557348849145
2011-01-07 00:00:00,1.1316251231317627
2011-01-10 00:00:00,1.1319949352635053
2011-01-11 00:00:00,1.1378982472488237
2011-01-12 00:00:00,1.1489951826141112
2011-01-13 00:00:00,1.1461627807477481
2011-01-14 00:00:00,1.1490618838321893
2011-01-18 00:00:00,1.1503115796153873
2011-01-19 00:00:00,1.1481192571842544
2011-01-20 00:00:00,1.1470072358503702
2011-01-21 00:00:00,1.1491762467964919
2011-01-24 00:00:00,1.1505885974012475
2011-01-25 00:00:00,1.146466261853072
2011-01-26 00:00:00,1.1508944270807626
2011-01-27 00:00:00,1.1506554837541256
2011-01-28 00:00:00,1.141319440496318
2011-01-31 00:00:00,1.139995393128681
2011-02-01 00:00:00,1.1541250953849802
2011-02-02 00:00:00,1.1519469577340622
2011-02-03 00:00:00,1.150798837842633
2011-02-04 00:00:00,1.1548561814035443
2011-02-07 00:00:00,1.1575286556077948
2011-02-08 00:00:00,1.1564079928912083
2011-02-09 00:00:00,1.1491953095037906
2011-02-10 00:00:00,1.1473966732881162
2011-02-11 00:00:00,1.1481953715930906
2011-02-14 00:00:00,1.1503593317856384
2011-02-15 00:00:00,1.1422697637759012
2011-02-16 00:00:00,1.1462765673319795
2011-02-17 00:00:00,1.1504070879206667
2011-02-18 00:00:00,1.1538175465399758
2011-02-22 00:00:00,1.1452533006806993
2011-02-23 00:00:00,1.1373471571796445
2011-02-24 00:00:00,1.1379262830460493
2011-02-25 00:00:00,1.142627721000594
2011-02-28 00:00:00,1.1438634531185754
2011-03-01 00:00:00,1.1462101890790442
2011-03-02 00:00:00,1.1440145654197948
2011-03-03 00:00:00,1.1517458714079936
2011-03-04 00:00:00,1.154000133895133
2011-03-07 00:00:00,1.15156399664439
2011-03-08 00:00:00,1.1545386224169072
2011-03-09 00:00:00,1.1577124194839032
2011-03-10 00:00:00,1.1580994815845154
2011-03-11 00:00:00,1.1622768039547777
2011-03-14 00:00:00,1.1625010913536011
2011-03-15 00:00:00,1.154317396684687
2011-03-16 00:00:00,1.1465895969634152
2011-03-17 00:00:00,1.1451207887489194
2011-03-18 00:00:00,1.1490428255510932
2011-03-21 00:00:00,1.1555496441036905
2011-03-22 00:00:00,1.1558870449341205
2011-03-23 00:00:00,1.1542500839407952
2011-03-24 00:00:00,1.1591555405770255
2011-03-25 00:00:00,1.161117741358024
2011-03-28 00:00:00,1.1588743827523442
2011-03-29 00:00:00,1.1580123700480822
2011-03-30 00:00:00,1.1622768039547777
2011-03-31 00:00:00,1.1626766810124445
2011-04-01 00:00:00,1.1713262327859753
2011-04-04 00:00:00,1.1687376010210964
2011-04-05 00:00:00,1.1720594511424258
2011-04-06 00:00:00,1.1755398509854667
2011-04-07 00:00:00,1.1749815986521006
2011-04-08 00:00:00,1.1796030995764772
2011-04-11 00:00:00,1.180085341159788
2011-04-12 00:00:00,1.1719206637592239
2011-04-13 00:00:00,1.1736578719770703
2011-04-14 00:00:00,1.1781988101722196
2011-04-15 00:00:00,1.1840182194480784
2011-04-18 00:00:00,1.1763482623105916
2011-04-19 00:00:00,1.1846458624850635
2011-04-20 00:00:00,1.192363192656412
2011-04-21 00:00:00,1.1938837626664343
2011-04-22 00:00:00,1.1942439241187126
2011-04-25 00:00:00,1.1926505709167465
2011-04-26 00:00:00,1.1971744321235658
2011-04-27 00:00:00,1.1949236772880025
2011-04-28 00:00:00,1.1997660329066122
2011-04-29 00:00:00,1.202358444564272
2011-05-02 00:00:00,1.2043127342568711
2011-05-03 00:00:00,1.1987902757938487
2011-05-04 00:00:00,1.1914199241261707
2011-05-05 00:00:00,1.1849497996771832
2011-05-06 00:00:00,1.1961925570551324
2011-05-09 00:00:00,1.1913379713012822
2011-05-10 00:00:00,1.1952741552471793
2011-05-11 00:00:00,1.1940278011759033
2011-05-12 00:00:00,1.1873055243127821
2011-05-13 00:00:00,1.1795729725637267
2011-05-16 00:00:00,1.1820182569207733
2011-05-17 00:00:00,1.1775879864717538
2011-05-18 00:00:00,1.1824923837083032
2011-05-19 00:00:00,1.1871224174599284
2011-05-20 00:00:00,1.188762215917404
2011-05-23 00:00:00,1.18085976116464
2011-05-24 00:00:00,1.1843825763446312
2011-05-25 00:00:00,1.1860655716166153
2011-05-26 00:00:00,1.1851525111303824
2011-05-27 00:00:00,1.1932874017229167
2011-05-31 00:00:00,1.1966161160398394
2011-06-01 00:00:00,1.1907339172260103
2011-06-02 00:00:00,1.1858726972693452
2011-06-03 00:00:00,1.1884563200776517
2011-06-06 00:00:00,1.1849396659248022
2011-06-07 00:00:00,1.1807088204197107
2011-06-08 00:00:00,1.1750015271052665
2011-06-09 00:00:00,1.176338275145204
2011-06-10 00:00:00,1.1675951400230307
2011-06-13 00:00:00,1.1662978120896716
2011-06-14 00:00:00,1.1743442448786552
2011-06-15 00:00:00,1.1661113128056375
2011-06-16 00:00:00,1.1573642847402876
2011-06-17 00:00:00,1.163946405210459
2011-06-20 00:00:00,1.1658856303011815
2011-06-21 00:00:00,1.1735286451557831
2011-06-22 00:00:00,1.1762683697354939
2011-06-23 00:00:00,1.1674082256376268
2011-06-24 00:00:00,1.1659837423947508
2011-06-27 00:00:00,1.164964183058561
2011-06-28 00:00:00,1.1704851537592653
2011-06-29 00:00:00,1.1773978592475614
2011-06-30 00:00:00,1.1823107583027113
2011-07-01 00:00:00,1.1914301690220737
2011-07-05 00:00:00,1.1921272355260701
2011-07-06 00:00:00,1.1907441503274552
2011-07-07 00:00:00,1.1972882270577059
2011-07-08 00:00:00,1.1915838636060943
2011-07-11 00:00:00,1.1815344345964203
2011-07-12 00:00:00,1.17531050459545
2011-07-13 00:00:00,1.183118409681866
2011-07-14 00:00:00,1.1833710270762774
2011-07-15 00:00:00,1.1829971916383035
2011-07-18 00:00:00,1.1744836069258215
2011-07-19 00:00:00,1.1838158958002514
2011-07-20 00:00:00,1.1872037913103903
2011-07-21 00:00:00,1.1924145000452078
2011-07-22 00:00:00,1.1919836551639111
2011-07-25 00:00:00,1.1879977713817458
2011-07-26 00:00:00,1.1921272355260701
2011-07-27 00:00:00,1.1895378572639963
2011-07-28 00:00:00,1.1869698715529982
2011-07-29 00:00:00,1.181867019885299
2011-08-01 00:00:00,1.1789506919910917
2011-08-02 00:00:00,1.177908339578276
2011-08-03 00:00:00,1.1703961690452511
2011-08-04 00:00:00,1.1538655902419475
2011-08-05 00:00:00,1.1507797219004086
2011-08-08 00:00:00,1.1378702128330351
2011-08-09 00:00:00,1.1224577128665996
2011-08-10 00:00:00,1.1187418657751556
2011-08-11 00:00:00,1.1164881553283887
2011-08-12 00:00:00,1.1280779977712438
2011-08-15 00:00:00,1.1310616246092118
2011-08-16 00:00:00,1.1311724324327328
2011-08-17 00:00:00,1.1368712211384864
2011-08-18 00:00:00,1.1213222196920893
2011-08-19 00:00:00,1.1326704658517992
2011-08-22 00:00:00,1.1243979004297193
2011-08-23 00:00:00,1.1250552561914096
2011-08-24 00:00:00,1.1153916381659692
2011-08-25 00:00:00,1.115993557055721
2011-08-26 00:00:00,1.1114993949497662
2011-08-29 00:00:00,1.1159755799210114
2011-08-30 00:00:00,1.1099500931359438
2011-08-31 00:00:00,1.124078629879874
2011-09-01 00:00:00,1.1305540330645014
2011-09-02 00:00:00,1.1207326706806844
2011-09-06 00:00:00,1.1066699153860833
2011-09-07 00:00:00,1.1110982989547322
2011-09-08 00:00:00,1.1084849121272122
2011-09-09 00:00:00,1.0955655892800904
2011-09-12 00:00:00,1.0845884937475774
2011-09-13 00:00:00,1.0710318711592062
2011-09-14 00:00:00,1.0696015136348078
2011-09-15 00:00:00,1.07338828564763
2011-09-16 00:00:00,1.0684797501176242
2011-09-19 00:00:00,1.0508143738339781
2011-09-20 00:00:00,1.052346731652183
2011-09-21 00:00:00,1.0330222854179474
2011-09-22 00:00:00,0.9986174941350724
2011-09-23 00:00:00,1.0058305813757453
2011-09-26 00:00:00,1.013704557818112
2011-09-27 00:00:00,1.0388389221168202
2011-09-28 00:00:00,1.0357094915962373
2011-09-29 00:00:00,1.028513380664759
2011-09-30 00:00:00,1.0062104129690637
2011-10-03 00:00:00,0.9984807632668647
2011-10-04 00:00:00,0.9945889029951407
2011-10-05 00:00:00,1.01357107904297
2011-10-06 00:00:00,1.0241344958367744
2011-10-07 00:00:00,1.0416504787112304
2011-10-11 00:00:00,1.0401334740353805
2011-10-12 00:00:00,1.0472640837793024
2011-10-13 00:00:00,1.0369341651106714
2011-10-14 00:00:00,1.0425126034660064
2011-10-17 00:00:00,1.0425282916710785
2011-10-18 00:00:00,1.0323449694613347
2011-10-19 00:00:00,1.0355314574987895
2011-10-20 00:00:00,1.006400436362833
2011-10-21 00:00:00,1.020604012082094
2011-10-24 00:00:00,1.0298052716264552
2011-10-25 00:00:00,1.0306938932995093
2011-10-26 00:00:00,1.02865082426671
2011-10-27 00:00:00,1.051971210272893
2011-10-28 00:00:00,1.0574789549799888
2011-10-31 00:00:00,1.0521389632945024
2011-11-01 00:00:00,1.013838071753946
2011-11-02 00:00:00,1.027559923437059
2011-11-03 00:00:00,1.0319220978346095
2011-11-04 00:00:00,1.0283607086225037
2011-11-07 00:00:00,1.0297746568283392
2011-11-08 00:00:00,1.035345748032916
2011-11-09 00:00:00,1.0266843027398245
2011-11-10 00:00:00,1.0227284341715053
2011-11-14 00:00:00,1.0273694440829941
2011-11-15 00:00:00,1.019912846252534
2011-11-16 00:00:00,1.0194025859243594
2011-11-17 00:00:00,1.016694770923702
2011-11-18 00:00:00,1.0112482580465865
2011-11-21 00:00:00,0.9884302820432096
2011-11-22 00:00:00,0.9910319725073531
2011-11-23 00:00:00,0.9797079750275975
2011-11-25 00:00:00,0.9720375754251591
2011-11-28 00:00:00,0.986642503676178
2011-11-29 00:00:00,0.9950031602867682
2011-11-30 00:00:00,1.0172919440845003
2011-12-01 00:00:00,1.01973269605338
2011-12-02 00:00:00,1.0231211377238547
2011-12-05 00:00:00,1.027179035334369
2011-12-06 00:00:00,1.0263420746389114
2011-12-07 00:00:00,1.0255292477536546
2011-12-08 00:00:00,1.0127857498245925
2011-12-09 00:00:00,1.0178374770528695
2011-12-12 00:00:00,0.9999146994706788
2011-12-13 00:00:00,1.0047875215833164
2011-12-14 00:00:00,0.9939467724264922
2011-12-15 00:00:00,1.001758186694331
2011-12-16 00:00:00,0.9978839040421537
2011-12-19 00:00:00,0.9996117168765097
2011-12-20 00:00:00,1.0050061659600846
2011-12-21 00:00:00,1.000239527560427
2011-12-22 00:00:00,1.0019247962705402
2011-12-23 00:00:00,1.0026570861374857
2011-12-27 00:00:00,0.9916206608332894
2011-12-28 00:00:00,0.990203320847678
2011-12-29 00:00:00,0.9914219890254589
2011-12-30 00:00:00,0.993163071294194
2012-01-03 00:00:00,1.0133116375808346
2012-01-04 00:00:00,1.0115952636838752
2012-01-05 00:00:00,1.0076666526759832
2012-01-06 00:00:00,1.0101423838169579
2012-01-09 00:00:00,1.008825868448953
2012-01-10 00:00:00,1.0172172590778499
2012-01-11 00:00:00,1.014937187868566
2012-01-12 00:00:00,1.018975260900843
2012-01-13 00:00:00,1.0177477602192817
2012-01-17 00:00:00,1.0292850674985738
2012-01-18 00:00:00,1.039555986286824
2012-01-19 00:00:00,1.0475332850195664
2012-01-20 00:00:00,1.0474778499217772
2012-01-23 00:00:00,1.0538434865128732
2012-01-24 00:00:00,1.0524266644101434
2012-01-25 00:00:00,1.0531786263017104
2012-01-26 00:00:00,1.0697914565366171
2012-01-27 00:00:00,1.0719930992893905
2012-01-30 00:00:00,1.067779841988371
2012-01-31 00:00:00,1.0629060425009438
2012-02-01 00:00:00,1.0698162366713486
2012-02-02 00:00:00,1.0823771400602529
2012-02-03 00:00:00,1.089252455337162
2012-02-06 00:00:00,1.0974746936732913
2012-02-07 00:00:00,1.0971357764829321
2012-02-08 00:00:00,1.091810252363997
2012-02-09 00:00:00,1.0890213006071918
2012-02-10 00:00:00,1.082503985095261
2012-02-13 00:00:00,1.089226766632494
2012-02-14 00:00:00,1.0857103235926986
2012-02-15 00:00:00,1.0862380450645446
2012-02-16 00:00:00,1.0777549788134182
2012-02-17 00:00:00,1.0813043755658198
2012-02-21 00:00:00,1.0869708957107793
2012-02-22 00:00:00,1.0798969648591483
2012-02-23 00:00:00,1.0794510671423132
2012-02-24 00:00:00,1.0757133324761112
2012-02-27 00:00:00,1.0769591549201587
2012-02-28 00:00:00,1.0770344983618072
2012-02-29 00:00:00,1.0829693380249725
2012-03-01 00:00:00,1.0853446242490112
2012-03-02 00:00:00,1.0846309450565816
2012-03-05 00:00:00,1.0804358986303368
2012-03-06 00:00:00,1.0666372600173442
2012-03-07 00:00:00,1.071644869221482
2012-03-08 00:00:00,1.0843338556601425
2012-03-09 00:00:00,1.0969794237552397
2012-03-12 00:00:00,1.089252455337162
2012-03-13 00:00:00,1.0964325399719317
2012-03-14 00:00:00,1.0930850373253787
2012-03-15 00:00:00,1.0936976467506514
2012-03-16 00:00:00,1.093568165020426
2012-03-19 00:00:00,1.0972139695617125
2012-03-20 00:00:00,1.0905985239696883
2012-03-21 00:00:00,1.0907273033846308
2012-03-22 00:00:00,1.079720244348402
2012-03-23 00:00:00,1.0814562915723778
2012-03-26 00:00:00,1.0926454172942799
2012-03-27 00:00:00,1.094630821124153
2012-03-28 00:00:00,1.0823517746203777
2012-03-29 00:00:00,1.0779813750262812
2012-03-30 00:00:00,1.0814984980388949
2012-04-02 00:00:00,1.0861273512863863
2012-04-03 00:00:00,1.0884139172218052
2012-04-04 00:00:00,1.0797118305286728
2012-04-05 00:00:00,1.0797454865943987
2012-04-06 00:00:00,1.0670068928901701
2012-04-09 00:00:00,1.0671301607844503
2012-04-10 00:00:00,1.0514044412457924
2012-04-11 00:00:00,1.0530185444311677
2012-04-12 00:00:00,1.0606765679878514
2012-04-13 00:00:00,1.0539797662882475
2012-04-16 00:00:00,1.0473669973259736
2012-04-17 00:00:00,1.0588932371131297
2012-04-18 00:00:00,1.0555052950122115
2012-04-19 00:00:00,1.047398667101984
2012-04-20 00:00:00,1.0559799108020897
2012-04-23 00:00:00,1.0492467424159468
2012-04-24 00:00:00,1.0532987196491925
2012-04-25 00:00:00,1.0521869025565218
2012-04-26 00:00:00,1.0490560814998298
2012-04-27 00:00:00,1.0665633641722514
2012-04-30 00:00:00,1.0666372600173442
2012-05-01 00:00:00,1.0751040144964037
2012-05-02 00:00:00,1.0692713387579333
2012-05-03 00:00:00,1.0670233269639746
2012-05-04 00:00:00,1.0526105558436312
2012-05-07 00:00:00,1.0532186543746191
2012-05-08 00:00:00,1.0398212388461767
2012-05-09 00:00:00,1.027026759145008
2012-05-10 00:00:00,1.0295068549708588
2012-05-11 00:00:00,1.0270648239594753
2012-05-14 00:00:00,1.0138529088067219
2012-05-15 00:00:00,1.0089140191379506
2012-05-16 00:00:00,1.0034631156031593
2012-05-17 00:00:00,1.0048312428475816
2012-05-18 00:00:00,1.0020334845507362
2012-05-21 00:00:00,1.004576255764024
2012-05-22 00:00:00,1.0082679382641029
2012-05-23 00:00:00,0.9876130132169088
2012-05-24 00:00:00,0.9895597714311948
2012-05-25 00:00:00,0.9888817682476628
2012-05-29 00:00:00,0.9945103758676225
2012-05-30 00:00:00,0.9836376291255424
2012-05-31 00:00:00,0.9686195258572687
2012-06-01 00:00:00,0.9645400631831048
2012-06-04 00:00:00,0.9728224288670901
2012-06-05 00:00:00,0.9716967296640276
2012-06-06 00:00:00,0.9830095570535365
2012-06-07 00:00:00,0.9926081043947405
2012-06-08 00:00:00,0.9882046935044079
2012-06-11 00:00:00,0.9912092146958045
2012-06-12 00:00:00,0.9909398316174951
2012-06-13 00:00:00,0.9914219890254589
2012-06-14 00:00:00,0.9900901086603333
2012-06-15 00:00:00,0.9951317930696024
2012-06-18 00:00:00,0.9959114470889706
2012-06-19 00:00:00,1.0114918754015347
2012-06-20 00:00:00,1.0091785636599246
2012-06-21 00:00:00,1.0073150132770121
2012-06-22 00:00:00,1.0006223736278834
2012-06-25 00:00:00,0.9919898340880833
2012-06-26 00:00:00,1.0002900753433035
2012-06-27 00:00:00,1.01357107904297
2012-06-28 00:00:00,1.0138009810218265
2012-06-29 00:00:00,1.0331532329897326
2012-07-02 00:00:00,1.0354463323911207
2012-07-03 00:00:00,1.042394956976347
2012-07-05 00:00:00,1.0382784311211335
2012-07-06 00:00:00,1.0269963093248515
2012-07-09 00:00:00,1.0300196261931713
2012-07-10 00:00:00,1.0417601244812336
2012-07-11 00:00:00,1.039665191537878
2012-07-12 00:00:00,1.0300119691363527
2012-07-13 00:00:00,1.0382628705601575
2012-07-16 00:00:00,1.044170315959554
2012-07-17 00:00:00,1.047842245150518
2012-07-18 00:00:00,1.0571481549467674
2012-07-19 00:00:00,1.0493500460182748
2012-07-20 00:00:00,1.0419638135923253
2012-07-23 00:00:00,1.0242556279893036
2012-07-24 00:00:00,1.0098846944333308
2012-07-25 00:00:00,1.0141274726351723
2012-07-26 00:00:00,1.030609561638585
2012-07-27 00:00:00,1.044209662191974
2012-07-30 00:00:00,1.0447214331856969
2012-07-31 00:00:00,1.0443749487540648
2012-08-01 00:00:00,1.0443119762751119
2012-08-02 00:00:00,1.03431781422863
2012-08-03 00:00:00,1.0562536121138082
2012-08-06 00:00:00,1.0609445858346902
2012-08-07 00:00:00,1.05128477944303
2012-08-08 00:00:00,1.0521389632945024
2012-08-09 00:00:00,1.0555455001428637
2012-08-10 00:00:00,1.0579634259248887
2012-08-13 00:00:00,1.0526985266392113
2012-08-14 00:00:00,1.054292541346155
2012-08-15 00:00:00,1.0536511515216842
2012-08-16 00:00:00,1.0554892138175165
2012-08-17 00:00:00,1.05300253892062
2012-08-20 00:00:00,1.056390515982411
2012-08-21 00:00:00,1.0569868641674398
2012-08-22 00:00:00,1.0528425105716706
2012-08-23 00:00:00,1.0546616942055413
2012-08-24 00:00:00,1.0518434343471954
2012-08-27 00:00:00,1.0517396392610674
2012-08-28 00:00:00,1.0510614836051813
2012-08-29 00:00:00,1.0429128002427686
2012-08-30 00:00:00,1.0344799838451597
2012-08-31 00:00:00,1.046488924375594
2012-09-04 00:00:00,1.051412419667881
2012-09-05 00:00:00,1.0570029910305836
2012-09-06 00:00:00,1.0621808430852318
2012-09-07 00:00:00,1.0666290488622339
2012-09-10 00:00:00,1.0664730609317503
2012-09-11 00:00:00,1.0660217740046394
2012-09-12 00:00:00,1.0633465340229085
2012-09-13 00:00:00,1.0670644143633559
2012-09-14 00:00:00,1.0874827727513776
2012-09-17 00:00:00,1.0874913081199367
2012-09-18 00:00:00,1.081321253014399
2012-09-19 00:00:00,1.079795974627314
2012-09-20 00:00:00,1.073662766960504
2012-09-21 00:00:00,1.0798969648591483
2012-09-24 00:00:00,1.0730391487028308
2012-09-25 00:00:00,1.0806971381035255
2012-09-26 00:00:00,1.0726653253561431
2012-09-27 00:00:00,1.0787115213883889
2012-09-28 00:00:00,1.0771684682908576
2012-10-01 00:00:00,1.0810175395269874
2012-10-02 00:00:00,1.0784428468395604
2012-10-03 00:00:00,1.0784176654622322
2012-10-04 00:00:00,1.0862891421109606
2012-10-05 00:00:00,1.0905298540483026
2012-10-09 00:00:00,1.0750039186916884
2012-10-10 00:00:00,1.0721672992049294
2012-10-11 00:00:00,1.0749038415237508
2012-10-12 00:00:00,1.074703743077394
2012-10-15 00:00:00,1.0810765815648034
2012-10-16 00:00:00,1.0815998070010306
2012-10-17 00:00:00,1.0824617001136945
2012-10-18 00:00:00,1.0801832064632928
2012-10-19 00:00:00,1.0773778630399518
2012-10-22 00:00:00,1.0774700225224585
2012-10-23 00:00:00,1.0673767820372315
2012-10-24 00:00:00,1.0658413661565498
2012-10-25 00:00:00,1.0673356705793093
2012-10-26 00:00:00,1.064195917573642
2012-10-29 00:00:00,1.0582866532461566
2012-10-30 00:00:00,1.0622215583889376
2012-10-31 00:00:00,1.058674786832316
2012-11-01 00:00:00,1.0627919005618855
2012-11-02 00:00:00,1.0673932275071876
2012-11-05 00:00:00,1.0618470952918553
2012-11-06 00:00:00,1.0686775373789301
2012-11-07 00:00:00,1.0606034957114874
2012-11-08 00:00:00,1.0564066246531134
2012-11-09 00:00:00,1.0515560519740217
2012-11-13 00:00:00,1.048032465064014
2012-11-14 00:00:00,1.047881868604674
2012-11-15 00:00:00,1.04546242068839
2012-11-16 00:00:00,1.0510136468376408
2012-11-19 00:00:00,1.0609120916091992
2012-11-20 00:00:00,1.0646292986764994
2012-11-21 00:00:00,1.0617331806609427
2012-11-23 00:00:00,1.0672781198583676
2012-11-26 00:00:00,1.0653660380320098
2012-11-27 00:00:00,1.0677386994763884
2012-11-28 00:00:00,1.0635832450028249
2012-11-29 00:00:00,1.0676646509439647
2012-11-30 00:00:00,1.072657021128992
2012-12-03 00:00:00,1.0719599247708251
2012-12-04 00:00:00,1.0691393258762076
2012-12-05 00:00:00,1.0719184595099258
2012-12-06 00:00:00,1.0734464972284006
2012-12-07 00:00:00,1.0782330379543903
2012-12-10 00:00:00,1.0826224006208143
2012-12-11 00:00:00,1.0865787828684481
2012-12-12 00:00:00,1.0881489340955377
2012-12-13 00:00:00,1.0824447870460303
2012-12-14 00:00:00,1.084503601097785
2012-12-17 00:00:00,1.0863998688714098
2012-12-18 00:00:00,1.0892610185079874
2012-12-19 00:00:00,1.088336973342652
2012-12-20 00:00:00,1.0843338556601425
2012-12-21 00:00:00,1.0714045566589832
2012-12-24 00:00:00,1.0670644143633559
2012-12-26 00:00:00,1.064997540939685
2012-12-27 00:00:00,1.0647929304611183
2012-12-28 00:00:00,1.066801509672413
2012-12-31 00:00:00,1.0688176809985963
2013-01-02 00:00:00,1.0858634802214187
2013-01-03 00:00:00,1.0871244082184117
2013-01-04 00:00:00,1.0866043468215243
2013-01-07 00:00:00,1.0847753043675075
2013-01-08 00:00:00,1.0833927334703226
2013-01-09 00:00:00,1.087056175084364
2013-01-10 00:00:00,1.0957215392105542
2013-01-11 00:00:00,1.0945184102839303
2013-01-14 00:00:00,1.0964498929812376
2013-01-15 00:00:00,1.0955569266966578
2013-01-16 00:00:00,1.0971184017566813
2013-01-17 00:00:00,1.1009016588370375
2013-01-18 00:00:00,1.0947173067145963
2013-01-22 00:00:00,1.093179903714934
2013-01-23 00:00:00,1.0945529957756563
2013-01-24 00:00:00,1.0978399156650374
2013-01-25 00:00:00,1.0910622722396137
2013-01-28 00:00:00,1.0848177703017705
2013-01-29 00:00:00,1.0918446669155721
2013-01-30 00:00:00,1.08679185257197
2013-01-31 00:00:00,1.0880463946181447
2013-02-01 00:00:00,1.0965540225731507
2013-02-04 00:00:00,1.0901351697580883
2013-02-05 00:00:00,1.0973877718695788
2013-02-06 00:00:00,1.0933092935134499
2013-02-07 00:00:00,1.0877303528489575
2013-02-08 00:00:00,1.0886704754127259
2013-02-11 00:00:00,1.0862380450645446
2013-02-12 00:00:00,1.0882002110822064
2013-02-13 00:00:00,1.0889699462121807
2013-02-14 00:00:00,1.091294294303572
2013-02-15 00:00:00,1.0919995592494898
2013-02-19 00:00:00,1.09374081414145
2013-02-20 00:00:00,1.0925334138372431
2013-02-21 00:00:00,1.086348761407941
2013-02-22 00:00:00,1.0868856297164498
2013-02-25 00:00:00,1.088533629327842
2013-02-26 00:00:00,1.0757634441237678
2013-02-27 00:00:00,1.0802421573960974
2013-02-28 00:00:00,1.084265972362452
2013-03-01 00:00:00,1.0828423839151975
2013-03-04 00:00:00,1.0850131564311123
2013-03-05 00:00:00,1.0875595958921283
2013-03-06 00:00:00,1.087397426434257
2013-03-07 00:00:00,1.0837825497770976
2013-03-08 00:00:00,1.095089350533515
2013-03-11 00:00:00,1.1042972828265962
2013-03-12 00:00:00,1.1128831671479416
2013-03-13 00:00:00,1.1176499348739062
2013-03-14 00:00:00,1.1131156212944906
2013-03-15 00:00:00,1.1144675654635274
2013-03-18 00:00:00,1.1147186181183215
2013-03-19 00:00:00,1.1133302805599994
2013-03-20 00:00:00,1.1178392906514967
2013-03-21 00:00:00,1.1210772548081835
2013-03-22 00:00:00,1.1199717095579564
2013-03-25 00:00:00,1.12095934692167
2013-03-26 00:00:00,1.1223395144407426
2013-03-27 00:00:00,1.1193202791612382
2013-03-28 00:00:00,1.1228488543177955
2013-03-29 00:00:00,1.1250552561914096
2013-04-01 00:00:00,1.1227851615527293
2013-04-02 00:00:00,1.1285374064447404
2013-04-03 00:00:00,1.124598677620657
2013-04-04 00:00:00,1.1229944649196637
2013-04-05 00:00:00,1.132087426066288
2013-04-08 00:00:00,1.1396015896651095
2013-04-09 00:00:00,1.1424204552678696
2013-04-10 00:00:00,1.1436179807541764
2013-04-11 00:00:00,1.1481287709334855
2013-04-12 00:00:00,1.1463145012141291
2013-04-15 00:00:00,1.13823476801956
2013-04-16 00:00:00,1.1389739422626637
2013-04-17 00:00:00,1.1324575404679447
2013-04-18 00:00:00,1.1293192605448938
2013-04-19 00:00:00,1.1327352851230628
2013-04-22 00:00:00,1.12582314335833
2013-04-23 00:00:00,1.131652850659956
2013-04-24 00:00:00,1.1278484336691332
2013-04-25 00:00:00,1.1434386637198517
2013-04-26 00:00:00,1.1377020353427572
2013-04-29 00:00:00,1.1428256357328688
2013-04-30 00:00:00,1.142043801062066
2013-05-01 00:00:00,1.133420971453078
2013-05-02 00:00:00,1.140004772718883
2013-05-03 00:00:00,1.146229153509704
2013-05-06 00:00:00,1.1444775953103954
2013-05-07 00:00:00,1.1474631890372922
2013-05-08 00:00:00,1.151678858232645
2013-05-09 00:00:00,1.1569487314316382
2013-05-10 00:00:00,1.1421379413274175
2013-05-13 00:00:00,1.1410844560531441
2013-05-14 00:00:00,1.1401454850956843
2013-05-15 00:00:00,1.1327723280376487
2013-05-16 00:00:00,1.1318007537616341
2013-05-17 00:00:00,1.1250735270456507
2013-05-20 00:00:00,1.123231162711305
2013-05-21 00:00:00,1.12441614993916
2013-05-22 00:00:00,1.124781264571604
2013-05-23 00:00:00,1.111552896296484
2013-05-24 00:00:00,1.1048784733840469
2013-05-28 00:00:00,1.105028273076579
2013-05-29 00:00:00,1.0964065114878419
2013-05-30 00:00:00,1.0843508278127145
2013-05-31 00:00:00,1.0842405183170414
2013-06-03 00:00:00,1.0833164978596799
2013-06-04 00:00:00,1.0889357126395238
2013-06-05 00:00:00,1.0799727199308866
2013-06-06 00:00:00,1.0740789153197907
2013-06-07 00:00:00,1.0876876585829922
2013-06-10 00:00:00,1.0779646016746645
2013-06-11 00:00:00,1.0770010110863042
2013-06-12 00:00:00,1.0786863274626741
2013-06-13 00:00:00,1.0842065814488284
2013-06-14 00:00:00,1.0911653809753743
2013-06-17 00:00:00,1.0843678004965958
2013-06-18 00:00:00,1.0753710277950486
2013-06-19 00:00:00,1.0764069582760623
2013-06-20 00:00:00,1.0336156663651848
2013-06-21 00:00:00,1.0328682719423694
2013-06-24 00:00:00,1.0344259216562992
2013-06-25 00:00:00,1.0451548621577509
2013-06-26 00:00:00,1.0484765802213623
2013-06-27 00:00:00,1.0628326627258315
2013-06-28 00:00:00,1.0664320190590957
2013-07-01 00:00:00,1.0740789153197907
2013-07-02 00:00:00,1.0675412595442872
2013-07-03 00:00:00,1.0632812529832936
2013-07-05 00:00:00,1.0622215583889376
2013-07-08 00:00:00,1.0700145190845085
2013-07-09 00:00:00,1.0767917627841697
2013-07-10 00:00:00,1.0701384829214367
2013-07-11 00:00:00,1.0784680293929014
2013-07-12 00:00:00,1.0799811378171638
2013-07-15 00:00:00,1.087653505583272
2013-07-16 00:00:00,1.0972139695617125
2013-07-17 00:00:00,1.1057072865394064
2013-07-18 00:00:00,1.1051340384945405
2013-07-19 00:00:00,1.1038134242282653
2013-07-22 00:00:00,1.1080948502579417
2013-07-23 00:00:00,1.1073420985115128
2013-07-24 00:00:00,1.0959555473700062
2013-07-25 00:00:00,1.0948730152212804
2013-07-26 00:00:00,1.0899636569875157
2013-07-29 00:00:00,1.0880805722966314
2013-07-30 00:00:00,1.0863743145386
2013-07-31 00:00:00,1.0776711524947735
2013-08-01 00:00:00,1.0804443237387167
2013-08-02 00:00:00,1.0926712675072199
2013-08-05 00:00:00,1.093016053928553
2013-08-06 00:00:00,1.0958255304986795
2013-08-07 00:00:00,1.0918532708924589
2013-08-08 00:00:00,1.0981705641297694
2013-08-09 00:00:00,1.0995649557674234
2013-08-12 00:00:00,1.1029786664245584
2013-08-13 00:00:00,1.086587304052488
2013-08-14 00:00:00,1.0892353293994186
2013-08-15 00:00:00,1.0796445246912612
2013-08-16 00:00:00,1.076708086228022
2013-08-19 00:00:00,1.0666372600173442
2013-08-20 00:00:00,1.0675001354154863
2013-08-21 00:00:00,1.0520590742312304
2013-08-22 00:00:00,1.0532186543746191
2013-08-23 00:00:00,1.066390980345209
2013-08-26 00:00:00,1.0543005636604248
2013-08-27 00:00:00,1.040641256346487
2013-08-28 00:00:00,1.0473274127990704
2013-08-29 00:00:00,1.042952051759526
2013-08-30 00:00:00,1.0390025126635898
2013-09-03 00:00:00,1.0314611782643714
2013-09-04 00:00:00,1.042324381826924
2013-09-05 00:00:00,1.0340785138909847
2013-09-06 00:00:00,1.0514602927433354
2013-09-09 00:00:00,1.0534188403881473
2013-09-10 00:00:00,1.0543005636604248
2013-09-11 00:00:00,1.0587314134351113
2013-09-12 00:00:00,1.057923036391945
2013-09-13 00:00:00,1.0618145457602348
2013-09-16 00:00:00,1.071586852871253
2013-09-17 00:00:00,1.0725822888702048
2013-09-18 00:00:00,1.0682820360543794
2013-09-19 00:00:00,1.0877388921043571
2013-09-20 00:00:00,1.0844187217363468
2013-09-23 00:00:00,1.0825547314341202
2013-09-24 00:00:00,1.0773778630399518
2013-09-25 00:00:00,1.071255451339516
2013-09-26 00:00:00,1.0620180130782435
2013-09-27 00:00:00,1.0539396803426997
2013-09-30 00:00:00,1.053258685490331
2013-10-01 00:00:00,1.0514922105490057
2013-10-02 00:00:00,1.0534188403881473
2013-10-03 00:00:00,1.045983316923361
2013-10-04 00:00:00,1.0588527765561349
2013-10-07 00:00:00,1.0586505201425203
2013-10-08 00:00:00,1.053498936102897
2013-10-09 00:00:00,1.049509014363377
2013-10-10 00:00:00,1.0601084933148661
2013-10-11 00:00:00,1.0619366167944282
2013-10-15 00:00:00,1.0700558371722828
2013-10-16 00:00:00,1.0775454374635691
2013-10-17 00:00:00,1.085310618229374
2013-10-18 00:00:00,1.0823855954710806
2013-10-21 00:00:00,1.069188826886743
2013-10-22 00:00:00,1.0773359775775835
2013-10-23 00:00:00,1.0712968653207022
2013-10-24 00:00:00,1.067705787749503
2013-10-25 00:00:00,1.0761645054466253
2013-10-28 00:00:00,1.0772103407288864
2013-10-29 00:00:00,1.0762480975318707
2013-10-30 00:00:00,1.0760391416631307
2013-10-31 00:00:00,1.065857764346729
2013-11-01 00:00:00,1.0591765476149755
2013-11-04 00:00:00,1.0670068928901701
2013-11-05 00:00:00,1.0544610355879225
2013-11-06 00:00:00,1.0536992286874254
2013-11-07 00:00:00,1.0498668693029212
2013-11-08 00:00:00,1.0462597604489392
2013-11-12 00:00:00,1.049827095592158
2013-11-13 00:00:00,1.0588932371131297
2013-11-14 00:00:00,1.0652431773372264
2013-11-15 00:00:00,1.069890583963963
2013-11-18 00:00:00,1.076498951722889
2013-11-19 00:00:00,1.074370411167782
2013-11-20 00:00:00,1.0674178966623247
2013-11-21 00:00:00,1.0606359710357331
2013-11-22 00:00:00,1.0659397628668925
2013-11-25 00:00:00,1.0647520177995313
2013-11-26 00:00:00,1.060392454568959
2013-11-27 00:00:00,1.0580038185419443
2013-11-29 00:00:00,1.0567933801865077
2013-12-02 00:00:00,1.049429524170666
2013-12-03 00:00:00,1.0483575839008286
2013-12-04 00:00:00,1.0575193106109984
2013-12-05 00:00:00,1.0643021859373432
2013-12-06 00:00:00,1.0709242547244784
2013-12-09 00:00:00,1.078216256770188
2013-12-10 00:00:00,1.0753292982247034
2013-12-11 00:00:00,1.0722087837202787
2013-12-12 00:00:00,1.0627103856132305
2013-12-13 00:00:00,1.0693125994694428
2013-12-16 00:00:00,1.0703451531576131
2013-12-17 00:00:00,1.0696840892168071
2013-12-18 00:00:00,1.0664320190590957
2013-12-19 00:00:00,1.0681996767886286
2013-12-20 00:00:00,1.0701384829214367
2013-12-23 00:00:00,1.0680761616978456
2013-12-24 00:00:00,1.0642613109782089
2013-12-26 00:00:00,1.0612858954176634
2013-12-27 00:00:00,1.0598652189723323
2013-12-30 00:00:00,1.0618145457602348
2013-12-31 00:00:00,1.0578422665769815
2014-01-02 00:00:00,1.0564307885803288
2014-01-03 00:00:00,1.0572368858590135
2014-01-06 00:00:00,1.058246239030421
2014-01-07 00:00:00,1.062140130902668
2014-01-08 00:00:00,1.0584483409820329
2014-01-09 00:00:00,1.053258685490331
2014-01-10 00:00:00,1.0661037977628827
2014-01-13 00:00:00,1.0647111082818075
2014-01-14 00:00:00,1.0587718647174802
2014-01-15 00:00:00,1.0525385906734506
2014-01-16 00:00:00,1.0408757846692938
2014-01-17 00:00:00,1.044288363553309
2014-01-21 00:00:00,1.0420108300838762
2014-01-22 00:00:00,1.0403677735114358
2014-01-23 00:00:00,1.035663042017065
2014-01-24 00:00:00,1.0296981277961728
2014-01-27 00:00:00,1.030540573270755
2014-01-28 00:00:00,1.0407194207102042
2014-01-29 00:00:00,1.0385352477326615
2014-01-30 00:00:00,1.04095398426996
2014-01-31 00:00:00,1.0372136098832432
2014-02-03 00:00:00,1.0256583024372865
2014-02-04 00:00:00,1.037058344195599
2014-02-05 00:00:00,1.0388467109747181
2014-02-06 00:00:00,1.048278268025368
2014-02-07 00:00:00,1.039392221418949
2014-02-10 00:00:00,1.041501710649476
2014-02-11 00:00:00,1.0429913062309686
2014-02-12 00:00:00,1.040797596816924
2014-02-13 00:00:00,1.038807767853149
2014-02-14 00:00:00,1.0456675602902006
2014-02-18 00:00:00,1.0474065848452434
2014-02-19 00:00:00,1.0439736292665236
2014-02-20 00:00:00,1.0422851775397977
2014-02-21 00:00:00,1.0440522950512623
2014-02-24 00:00:00,1.0493897835896013
2014-02-25 00:00:00,1.048794035850829
2014-02-26 00:00:00,1.0404068336869008
2014-02-27 00:00:00,1.0420892003328297
2014-02-28 00:00:00,1.047644172819576
2014-03-03 00:00:00,1.0393142562821365
2014-03-04 00:00:00,1.0431876229201402
2014-03-05 00:00:00,1.045549200696144
2014-03-06 00:00:00,1.0542604533098956
2014-03-07 00:00:00,1.0517396392610674
2014-03-10 00:00:00,1.0480800308339864
2014-03-11 00:00:00,1.047089968458364
2014-03-12 00:00:00,1.0441309726921857
2014-03-13 00:00:00,1.0473669973259736
2014-03-14 00:00:00,1.0474857688622419
2014-03-17 00:00:00,1.0498668693029212
2014-03-18 00:00:00,1.052298777825268
2014-03-19 00:00:00,1.0521789123761478
2014-03-20 00:00:00,1.0447214331856969
2014-03-21 00:00:00,1.0480800308339864
2014-03-24 00:00:00,1.050105574870234
2014-03-25 00:00:00,1.0543406770631436
2014-03-26 00:00:00,1.0555857083365308
2014-03-27 00:00:00,1.0602707382633383
2014-03-28 00:00:00,1.0586505201425203
2014-03-31 00:00:00,1.061245251809536
2014-04-01 00:00:00,1.0636485631309487
2014-04-02 00:00:00,1.0576403959868175
2014-04-03 00:00:00,1.054982906888895
2014-04-04 00:00:00,1.0636485631309487
2014-04-07 00:00:00,1.065079407150842
2014-04-08 00:00:00,1.0699318924807182
2014-04-09 00:00:00,1.0615298224574068
2014-04-10 00:00:00,1.062099421840888
2014-04-11 00:00:00,1.0597841523348097
2014-04-14 00:00:00,1.0616518280304423
2014-04-15 00:00:00,1.0580038185419443
2014-04-16 00:00:00,1.061367191974055
2014-04-17 00:00:00,1.0612046113143112
2014-04-18 00:00:00,1.0623437230305006
2014-04-21 00:00:00,1.0625473932227993
2014-04-22 00:00:00,1.0617331806609427
2014-04-23 00:00:00,1.0583270705488315
2014-04-24 00:00:00,1.0580442142434656
2014-04-25 00:00:00,1.054862429206342
2014-04-28 00:00:00,1.0542604533098956
2014-04-29 00:00:00,1.0564307885803288
2014-04-30 00:00:00,1.0590146373390377
2014-05-01 00:00:00,1.0615298224574068
2014-05-02 00:00:00,1.0659397628668925
2014-05-05 00:00:00,1.0651612859490545
2014-05-06 00:00:00,1.0656118444626266
2014-05-07 00:00:00,1.0674590144549538
2014-05-08 00:00:00,1.0703038127245224
2014-05-09 00:00:00,1.066965809920322
2014-05-12 00:00:00,1.0693125994694428
2014-05-13 00:00:00,1.0719184595099258
2014-05-14 00:00:00,1.0753292982247034
2014-05-15 00:00:00,1.0679115193360285
2014-05-16 00:00:00,1.0722502714460067
2014-05-19 00:00:00,1.0745370512718835
2014-05-20 00:00:00,1.0710484294535076
2014-05-21 00:00:00,1.0728314369047853
2014-05-22 00:00:00,1.0756214732465397
2014-05-23 00:00:00,1.0771684682908576
2014-05-27 00:00:00,1.0751624123244587
2014-05-28 00:00:00,1.076498951722889
2014-05-29 00:00:00,1.0786359431415908
2014-05-30 00:00:00,1.0773778630399518
2014-06-02 00:00:00,1.073163814392789
2014-06-03 00:00:00,1.0709656431014727
2014-06-04 00:00:00,1.0702624754847292
2014-06-05 00:00:00,1.0760391416631307
2014-06-06 00:00:00,1.0734963978945768
2014-06-09 00:00:00,1.066801509672413
2014-06-10 00:00:00,1.0622622768141452
2014-06-11 00:00:00,1.0634036615085232
2014-06-12 00:00:00,1.066965809920322
2014-06-13 00:00:00,1.06405698326808
2014-06-16 00:00:00,1.0636567284610714
2014-06-17 00:00:00,1.058407914416416
2014-06-18 00:00:00,1.060433032881165
2014-06-19 00:00:00,1.0661858341445347
2014-06-20 00:00:00,1.0652841277534542
2014-06-23 00:00:00,1.0662268570700502
2014-06-24 00:00:00,1.064220439158593
2014-06-25 00:00:00,1.064220439158593
2014-06-26 00:00:00,1.0641795704781338
2014-06-27 00:00:00,1.0657347902180834
2014-06-30 00:00:00,1.0683232204499251
2014-07-01 00:00:00,1.0703038127245224
2014-07-02 00:00:00,1.06890013559308
2014-07-03 00:00:00,1.068570393523719
2014-07-07 00:00:00,1.0655708688475969
2014-07-08 00:00:00,1.0656528232291418
2014-07-09 00:00:00,1.0680761616978456
2014-07-10 00:00:00,1.0659397628668925
2014-07-11 00:00:00,1.0672945622881918
2014-07-14 00:00:00,1.0676811052857913
2014-07-15 00:00:00,1.067993834171604
2014-07-16 00:00:00,1.0711726329822422
2014-07-17 00:00:00,1.0682820360543794
2014-07-18 00:00:00,1.0690238413413549
2014-07-21 00:00:00,1.0684055987681924
2014-07-22 00:00:00,1.0711312286054118
2014-07-23 00:00:00,1.0719184595099258
2014-07-24 00:00:00,1.0695189508008724
2014-07-25 00:00:00,1.0699318924807182
2014-07-28 00:00:00,1.0668425799903984
2014-07-29 00:00:00,1.0604736142991313
2014-07-30 00:00:00,1.0546616942055413
2014-07-31 00:00:00,1.046734003748984
2014-08-01 00:00:00,1.0485559261105875
2014-08-04 00:00:00,1.049827095592158
2014-08-05 00:00:00,1.043266170290287
2014-08-06 00:00:00,1.0453519942378289
2014-08-07 00:00:00,1.0444064378415787
2014-08-08 00:00:00,1.046971286657496
2014-08-11 00:00:00,1.0503045791104686
2014-08-12 00:00:00,1.0520590742312304
2014-08-13 00:00:00,1.0571965517797421
2014-08-14 00:00:00,1.0600273894595136
2014-08-15 00:00:00,1.057559669322238
2014-08-18 00:00:00,1.0617738616518106
2014-08-19 00:00:00,1.0611639739316308
2014-08-20 00:00:00,1.0590955862889586
2014-08-21 00:00:00,1.0582058279012718
2014-08-22 00:00:00,1.0546616942055413
2014-08-25 00:00:00,1.0552239448326646
2014-08-26 00:00:00,1.0572772230160474
2014-08-27 00:00:00,1.0588932371131297
2014-08-28 00:00:00,1.056269716609514
2014-08-29 00:00:00,1.060189609581858
2014-09-02 00:00:00,1.0551837641935347
2014-09-03 00:00:00,1.0583674909388001
2014-09-04 00:00:00,1.0567530799393894
2014-09-05 00:00:00,1.0602707382633383
2014-09-08 00:00:00,1.0596625756281062
2014-09-09 00:00:00,1.0493500460182748
2014-09-10 00:00:00,1.04895283576541
2014-09-11 00:00:00,1.0487146539225933
2014-09-12 00:00:00,1.0458254147733934
2014-09-15 00:00:00,1.0471691046083438
2014-09-16 00:00:00,1.053338756851551
2014-09-17 00:00:00,1.0512209709514284
2014-09-18 00:00:00,1.0468526317574176
2014-09-19 00:00:00,1.046575874886721
2014-09-22 00:00:00,1.0449578044138395
2014-09-23 00:00:00,1.0423635890634042
2014-09-24 00:00:00,1.0418541249436277
2014-09-25 00:00:00,1.0355469362948655
2014-09-26 00:00:00,1.0305788990014728
2014-09-29 00:00:00,1.0276894897476916
2014-09-30 00:00:00,1.0319220978346095
2014-10-01 00:00:00,1.0293156531925787
2014-10-02 00:00:00,1.0332302764821253
2014-10-03 00:00:00,1.0284370389775692
2014-10-06 00:00:00,1.0342328885291707
2014-10-07 00:00:00,1.0311541272326636
2014-10-08 00:00:00,1.0274456273497685
2014-10-09 00:00:00,1.0344645369288712
2014-10-10 00:00:00,1.0319220978346095
2014-10-14 00:00:00,1.0338856103887848
2014-10-15 00:00:00,1.0216877194724259
2014-10-16 00:00:00,1.0217630623963205
2014-10-17 00:00:00,1.0251650333043767
2014-10-20 00:00:00,1.0235746321150447
2014-10-21 00:00:00,1.0258861252499114
2014-10-22 00:00:00,1.0230833646625785
2014-10-23 00:00:00,1.0245207044975824
2014-10-24 00:00:00,1.024142065756915
2014-10-27 00:00:00,1.0208446372221667
2014-10-28 00:00:00,1.0272551903636788
2014-10-29 00:00:00,1.0328451738818711
2014-10-30 00:00:00,1.0316915865692704
2014-10-31 00:00:00,1.0276742449564473
2014-11-03 00:00:00,1.0232722578653153
2014-11-04 00:00:00,1.0193200917843965
2014-11-05 00:00:00,1.0192825988616105
2014-11-06 00:00:00,1.0172620687658531
2014-11-07 00:00:00,1.0216123876590084
2014-11-10 00:00:00,1.0227435325798342
2014-11-12 00:00:00,1.0218007380254648
2014-11-13 00:00:00,1.0178972970632751
2014-11-14 00:00:00,1.02361244146168
2014-11-17 00:00:00,1.0197702220965115
2014-11-18 00:00:00,1.0229323003045627
2014-11-19 00:00:00,1.0182713314930036
2014-11-20 00:00:00,1.0175235373155103
2014-11-21 00:00:00,1.016888775283498
2014-11-24 00:00:00,1.0156960750375914
2014-11-25 00:00:00,1.0157333045689687
2014-11-26 00:00:00,1.0102160335113777
2014-11-28 00:00:00,0.9953033551918182
2014-12-01 00:00:00,0.994267734033605
2014-12-02 00:00:00,0.9847981810032556
2014-12-03 00:00:00,0.9832258024145119
2014-12-04 00:00:00,0.9825285780474616
2014-12-05 00:00:00,0.9671658528287939
2014-12-08 00:00:00,0.9603949544344149
2014-12-09 00:00:00,0.9645064917771955
2014-12-10 00:00:00,0.9544079908817154
2014-12-11 00:00:00,0.9422385588320505
2014-12-12 00:00:00,0.9371402101877105
2014-12-15 00:00:00,0.9365700965002909
2014-12-16 00:00:00,0.9397462023619982
2014-12-17 00:00:00,0.9512627790069207
2014-12-18 00:00:00,0.95172016400215
2014-12-19 00:00:00,0.9449052414243054
2014-12-22 00:00:00,0.9463896730046994
2014-12-23 00:00:00,0.942078395894972
2014-12-24 00:00:00,0.9396187445832973
2014-12-29 00:00:00,0.9417582333135295
2014-12-30 00:00:00,0.9410865997164505
2014-12-31 00:00:00,0.9393639327203595
2015-01-02 00:00:00,0.9358110230734367
2015-01-05 00:00:00,0.9255589851453107
2015-01-06 00:00:00,0.931251000277266
2015-01-07 00:00:00,0.9369817756635878
2015-01-08 00:00:00,0.9483978238560732
2015-01-09 00:00:00,0.9505449187133607
2015-01-12 00:00:00,0.9466159737395164
2015-01-13 00:00:00,0.9506101339662655
2015-01-14 00:00:00,0.9507079736259985
2015-01-15 00:00:00,0.949535225303269
2015-01-16 00:00:00,0.948300459080508
2015-01-20 00:00:00,0.9460019805158435
2015-01-21 00:00:00,0.9409587781069815
2015-01-22 00:00:00,0.9489174405112696
2015-01-23 00:00:00,0.9464219950563729
2015-01-26 00:00:00,0.9513607530640827
2015-01-27 00:00:00,0.9504797124078409
2015-01-28 00:00:00,0.9434897012444454
2015-01-29 00:00:00,0.931125836337845
2015-01-30 00:00:00,0.9234000671526359
2015-02-02 00:00:00,0.9310632669841953
2015-02-03 00:00:00,0.939268413898607
2015-02-04 00:00:00,0.9366017512843682
2015-02-05 00:00:00,0.9394913213741052
2015-02-06 00:00:00,0.9288163571392861
2015-02-09 00:00:00,0.9356214469326292
2015-02-10 00:00:00,0.9266112490888319
2015-02-11 00:00:00,0.9174387027065256
2015-02-12 00:00:00,0.9305005209781608
2015-02-13 00:00:00,0.9315953746806497
2015-02-17 00:00:00,0.9308443404518174
2015-02-18 00:00:00,0.926115768172268
2015-02-19 00:00:00,0.9276038031482429
2015-02-20 00:00:00,0.9198750544481529
2015-02-23 00:00:00,0.9189294341176087
2015-02-24 00:00:00,0.9252190583035828
2015-02-25 00:00:00,0.928722971219606
2015-02-26 00:00:00,0.9270142178854784
2015-02-27 00:00:00,0.9274796176200082
2015-03-02 00:00:00,0.9243549156159514
2015-03-03 00:00:00,0.927728021936746
2015-03-04 00:00:00,0.9186552632272703
2015-03-05 00:00:00,0.912694684646947
2015-03-06 00:00:00,0.8969198606696855
2015-03-09 00:00:00,0.89602082372201
2015-03-10 00:00:00,0.8892351832381543
2015-03-11 00:00:00,0.896165707756633
2015-03-12 00:00:00,0.9017062350400432
2015-03-13 00:00:00,0.893997355074704
2015-03-16 00:00:00,0.8984028534689772
2015-03-17 00:00:00,0.898257245226924
2015-03-18 00:00:00,0.8980534729640148
2015-03-19 00:00:00,0.9052705241661692
2015-03-20 00:00:00,0.9206390702741063
2015-03-23 00:00:00,0.9263944109668241
2015-03-24 00:00:00,0.9271072604633859
2015-03-25 00:00:00,0.9278522739988817
2015-03-26 00:00:00,0.9184725735060357
2015-03-27 00:00:00,0.9132360933051213
2015-03-30 00:00:00,0.9086246972014755
2015-03-31 00:00:00,0.9088631031567928
2015-04-01 00:00:00,0.9168012974012639
2015-04-02 00:00:00,0.9198139879593257
2015-04-03 00:00:00,0.9360322923577302
2015-04-06 00:00:00,0.9347693039382898
2015-04-07 00:00:00,0.9286607243716691
2015-04-08 00:00:00,0.9295017614882972
2015-04-09 00:00:00,0.9203333116987913
2015-04-10 00:00:00,0.91353715353236
2015-04-13 00:00:00,0.9049453339184443
2015-04-14 00:00:00,0.9107449309905874
2015-04-15 00:00:00,0.9019997400966929
2015-04-16 00:00:00,0.9105952949280562
2015-04-17 00:00:00,0.9044727467605784
2015-04-20 00:00:00,0.9000661301562493
2015-04-21 00:00:00,0.9008268648088746
2015-04-22 00:00:00,0.8981116841760042
2015-04-23 00:00:00,0.9037942668292163
2015-04-24 00:00:00,0.900739022111185
2015-04-27 00:00:00,0.9045613192508765
2015-04-28 00:00:00,0.9104457080280777
2015-04-29 00:00:00,0.9134769256082083
2015-04-30 00:00:00,0.9005633881008288
2015-05-01 00:00:00,0.8901778353758627
2015-05-04 00:00:00,0.8932193145709967
2015-05-05 00:00:00,0.9031756735301025
2015-05-06 00:00:00,0.9059216063045737
2015-05-07 00:00:00,0.9036763742132923
2015-05-08 00:00:00,0.9163162494296213
2015-05-11 00:00:00,0.9064550068774525
2015-05-12 00:00:00,0.9057143422424697
2015-05-13 00:00:00,0.9092507797765728
2015-05-14 00:00:00,0.9166193442461831
2015-05-15 00:00:00,0.923892645704161
2015-05-18 00:00:00,0.9158922532803611
2015-05-19 00:00:00,0.9120938718731685
2015-05-20 00:00:00,0.9121539175526863
2015-05-21 00:00:00,0.9080887408326977
2015-05-22 00:00:00,0.9060993367312103
2015-05-26 00:00:00,0.9037647907915531
2015-05-27 00:00:00,0.9022346817493847
2015-05-28 00:00:00,0.9010904957321433
2015-05-29 00:00:00,0.9015419556260282
2015-06-01 00:00:00,0.8957311961486442
2015-06-02 00:00:00,0.8977043640950663
2015-06-03 00:00:00,0.8964846176199607
2015-06-04 00:00:00,0.8906069746183707
2015-06-05 00:00:00,0.8829452290983146
2015-06-08 00:00:00,0.8840155681644369
2015-06-09 00:00:00,0.8908646568266767
2015-06-10 00:00:00,0.896165707756633
2015-06-11 00:00:00,0.8997738819160532
2015-06-12 00:00:00,0.8998615364588602
2015-06-15 00:00:00,0.8986067843326611
2015-06-16 00:00:00,0.8983737280441744
2015-06-17 00:00:00,0.8979661702932795
2015-06-18 00:00:00,0.9073156969173795
2015-06-19 00:00:00,0.9029990880881975
2015-06-22 00:00:00,0.9040301443659872
2015-06-23 00:00:00,0.8998907584351045
2015-06-24 00:00:00,0.8970940762463775
2015-06-25 00:00:00,0.8947189724670865
2015-06-26 00:00:00,0.8902922320648526
2015-06-29 00:00:00,0.8850319700824183
2015-06-30 00:00:00,0.8830746585528102
2015-07-01 00:00:00,0.8781606038550704
2015-07-02 00:00:00,0.8831140576580071
2015-07-06 00:00:00,0.8801129395683988
2015-07-07 00:00:00,0.8751100870097457
2015-07-08 00:00:00,0.8763277469878756
2015-07-09 00:00:00,0.8772709894659554
2015-07-10 00:00:00,0.8808123077858494
2015-07-13 00:00:00,0.8808683052624243
2015-07-14 00:00:00,0.8841283864100631
2015-07-15 00:00:00,0.8783832894399204
2015-07-16 00:00:00,0.8770211100816725
2015-07-17 00:00:00,0.8705464945730901
2015-07-20 00:00:00,0.8665989935031617
2015-07-21 00:00:00,0.8683369164682294
2015-07-22 00:00:00,0.8602500858426909
2015-07-23 00:00:00,0.8588636607856998
2015-07-24 00:00:00,0.8538882696592179
2015-07-27 00:00:00,0.8517885228921588
2015-07-28 00:00:00,0.8523124908575218
2015-07-29 00:00:00,0.8555755353746829
2015-07-30 00:00:00,0.8409831572714213
2015-07-31 00:00:00,0.8626871307904428
2015-08-03 00:00:00,0.8605172193662269
2015-08-04 00:00:00,0.857083880219306
2015-08-05 00:00:00,0.8460154484887987
2015-08-06 00:00:00,0.846842771605617
2015-08-07 00:00:00,0.8564481399199717
2015-08-10 00:00:00,0.857747114100678
2015-08-11 00:00:00,0.8482944872578015
2015-08-12 00:00:00,0.850246564041808
2015-08-13 00:00:00,0.8462221276834704
2015-08-14 00:00:00,0.8466357891677798
2015-08-17 00:00:00,0.8448805151148084
2015-08-18 00:00:00,0.8437229331156559
2015-08-19 00:00:00,0.8384132886134154
2015-08-20 00:00:00,0.8315200148607875
2015-08-21 00:00:00,0.818332382227339
2015-08-24 00:00:00,0.818332382227339
2015-08-25 00:00:00,0.818332382227339
2015-08-26 00:00:00,0.818332382227339
2015-08-27 00:00:00,0.818332382227339
2015-08-28 00:00:00,0.818332382227339
2015-08-31 00:00:00,0.818332382227339
2015-09-01 00:00:00,0.818332382227339
2015-09-02 00:00:00,0.818332382227339
2015-09-03 00:00:00,0.818332382227339
2015-09-04 00:00:00,0.818332382227339
2015-09-08 00:00:00,0.818332382227339
2015-09-09 00:00:00,0.818332382227339
2015-09-10 00:00:00,0.818332382227339
2015-09-11 00:00:00,0.818332382227339
2015-09-14 00:00:00,0.818332382227339
2015-09-15 00:00:00,0.818332382227339
2015-09-16 00:00:00,0.818332382227339
2015-09-17 00:00:00,0.818332382227339
2015-09-18 00:00:00,0.818332382227339
2015-09-21 00:00:00,0.818332382227339
2015-09-22 00:00:00,0.818332382227339
2015-09-23 00:00:00,0.818332382227339
2015-09-24 00:00:00,0.818332382227339
2015-09-25 00:00:00,0.818332382227339
2015-09-28 00:00:00,0.818332382227339
2015-09-29 00:00:00,0.818332382227339
2015-09-30 00:00:00,0.818332382227339
2015-10-01 00:00:00,0.818332382227339
2015-10-02 00:00:00,0.818332382227339
2015-10-05 00:00:00,0.818332382227339
2015-10-06 00:00:00,0.818332382227339
2015-10-07 00:00:00,0.818332382227339
2015-10-08 00:00:00,0.818332382227339
2015-10-09 00:00:00,0.818332382227339
2015-10-13 00:00:00,0.818332382227339
2015-10-14 00:00:00,0.818332382227339
2015-10-15 00:00:00,0.818332382227339
2015-10-16 00:00:00,0.818332382227339
2015-10-19 00:00:00,0.818332382227339
2015-10-20 00:00:00,0.818332382227339
2015-10-21 00:00:00,0.818332382227339
2015-10-22 00:00:00,0.818332382227339
2015-10-23 00:00:00,0.818332382227339
2015-10-26 00:00:00,0.818332382227339
2015-10-27 00:00:00,0.818332382227339
2015-10-28 00:00:00,0.818332382227339
2015-10-29 00:00:00,0.818332382227339
2015-10-30 00:00:00,0.818332382227339
2015-11-02 00:00:00,0.818332382227339
2015-11-03 00:00:00,0.818332382227339
2015-11-04 00:00:00,0.818332382227339
2015-11-05 00:00:00,0.818332382227339
2015-11-06 00:00:00,0.818332382227339
2015-11-09 00:00:00,0.818332382227339
2015-11-10 00:00:00,0.818332382227339
2015-11-12 00:00:00,0.818332382227339
2015-11-13 00:00:00,0.818332382227339
2015-11-16 00:00:00,0.818332382227339
2015-11-17 00:00:00,0.818332382227339
2015-11-18 00:00:00,0.818332382227339
2015-11-19 00:00:00,0.818332382227339
2015-11-20 00:00:00,0.818332382227339
2015-11-23 00:00:00,0.818332382227339
2015-11-24 00:00:00,0.818332382227339
2015-11-25 00:00:00,0.818332382227339
2015-11-27 00:00:00,0.818332382227339
2015-11-30 00:00:00,0.818332382227339
2015-12-01 00:00:00,0.818332382227339
2015-12-02 00:00:00,0.818332382227339
2015-12-03 00:00:00,0.818332382227339
2015-12-04 00:00:00,0.818332382227339
2015-12-07 00:00:00,0.818332382227339
2015-12-08 00:00:00,0.818332382227339
2015-12-09 00:00:00,0.818332382227339
2015-12-10 00:00:00,0.818332382227339
2015-12-11 00:00:00,0.818332382227339
2015-12-14 00:00:00,0.818332382227339
2015-12-15 00:00:00,0.818332382227339
2015-12-16 00:00:00,0.818332382227339
2015-12-17 00:00:00,0.818332382227339
2015-12-18 00:00:00,0.818332382227339
2015-12-21 00:00:00,0.818332382227339
2015-12-22 00:00:00,0.818332382227339
2015-12-23 00:00:00,0.818332382227339
2015-12-24 00:00:00,0.818332382227339
2015-12-28 00:00:00,0.818332382227339
2015-12-29 00:00:00,0.818332382227339
2015-12-30 00:00:00,0.818332382227339
2015-12-31 00:00:00,0.818332382227339
2016-01-04 00:00:00,0.818332382227339
2016-01-05 00:00:00,0.818332382227339
2016-01-06 00:00:00,0.818332382227339
2016-01-07 00:00:00,0.818332382227339
2016-01-08 00:00:00,0.818332382227339
2016-01-11 00:00:00,0.818332382227339
2016-01-12 00:00:00,0.818332382227339
2016-01-13 00:00:00,0.818332382227339
2016-01-14 00:00:00,0.818332382227339
2016-01-15 00:00:00,0.818332382227339
2016-01-19 00:00:00,0.818332382227339
2016-01-20 00:00:00,0.818332382227339
2016-01-21 00:00:00,0.818332382227339
2016-01-22 00:00:00,0.818332382227339
2016-01-25 00:00:00,0.818332382227339
2016-01-26 00:00:00,0.818332382227339
2016-01-27 00:00:00,0.818332382227339
2016-01-28 00:00:00,0.818332382227339
2016-01-29 00:00:00,0.818332382227339
2016-02-01 00:00:00,0.818332382227339
2016-02-02 00:00:00,0.818332382227339
2016-02-03 00:00:00,0.818332382227339
2016-02-04 00:00:00,0.818332382227339
2016-02-05 00:00:00,0.818332382227339
2016-02-08 00:00:00,0.818332382227339
2016-02-09 00:00:00,0.818332382227339
2016-02-10 00:00:00,0.818332382227339
2016-02-11 00:00:00,0.818332382227339
2016-02-12 00:00:00,0.818332382227339
2016-02-16 00:00:00,0.818332382227339
2016-02-17 00:00:00,0.818332382227339
2016-02-18 00:00:00,0.818332382227339
2016-02-19 00:00:00,0.818332382227339
2016-02-22 00:00:00,0.818332382227339
2016-02-23 00:00:00,0.818332382227339
2016-02-24 00:00:00,0.818332382227339
2016-02-25 00:00:00,0.818332382227339
2016-02-26 00:00:00,0.818332382227339
2016-02-29 00:00:00,0.818332382227339
2016-03-01 00:00:00,0.818332382227339
2016-03-02 00:00:00,0.818332382227339
2016-03-03 00:00:00,0.818332382227339
2016-03-04 00:00:00,0.818332382227339
2016-03-07 00:00:00,0.818332382227339
2016-03-08 00:00:00,0.818332382227339
2016-03-09 00:00:00,0.818332382227339
2016-03-10 00:00:00,0.818332382227339
2016-03-11 00:00:00,0.818332382227339
2016-03-14 00:00:00,0.818332382227339
2016-03-15 00:00:00,0.818332382227339
2016-03-16 00:00:00,0.818332382227339
2016-03-17 00:00:00,0.818332382227339
2016-03-18 00:00:00,0.818332382227339
2016-03-21 00:00:00,0.818332382227339
2016-03-22 00:00:00,0.818332382227339
2016-03-23 00:00:00,0.818332382227339
2016-03-24 00:00:00,0.818332382227339
2016-03-25 00:00:00,0.818332382227339
2016-03-28 00:00:00,0.818332382227339
2016-03-29 00:00:00,0.818332382227339
2016-03-30 00:00:00,0.818332382227339
2016-03-31 00:00:00,0.818332382227339
2016-04-01 00:00:00,0.818332382227339
2016-04-04 00:00:00,0.818332382227339
2016-04-05 00:00:00,0.818332382227339
2016-04-06 00:00:00,0.818332382227339
2016-04-07 00:00:00,0.818332382227339
2016-04-08 00:00:00,0.818332382227339
2016-04-11 00:00:00,0.818332382227339
2016-04-12 00:00:00,0.818332382227339
2016-04-13 00:00:00,0.818332382227339
2016-04-14 00:00:00,0.818332382227339
2016-04-15 00:00:00,0.818332382227339
2016-04-18 00:00:00,0.818332382227339
2016-04-19 00:00:00,0.818332382227339
2016-04-20 00:00:00,0.818332382227339
2016-04-21 00:00:00,0.818332382227339
2016-04-22 00:00:00,0.818332382227339
2016-04-25 00:00:00,0.818332382227339
2016-04-26 00:00:00,0.818332382227339
2016-04-27 00:00:00,0.818332382227339
2016-04-28 00:00:00,0.818332382227339
2016-04-29 00:00:00,0.8196415236183366
2016-05-02 00:00:00,0.8171458773959234
2016-05-03 00:00:00,0.8032173868254829
2016-05-04 00:00:00,0.7957999317141604
2016-05-05 00:00:00,0.7922202862524154
2016-05-06 00:00:00,0.7864495990064028
2016-05-09 00:00:00,0.7770377935198791
2016-05-10 00:00:00,0.7823447508814353
2016-05-11 00:00:00,0.7859670203887656
2016-05-12 00:00:00,0.7812602395962853
2016-05-13 00:00:00,0.7764169169008216
2016-05-16 00:00:00,0.7734759437307427
2016-05-17 00:00:00,0.7703116668699207
2016-05-18 00:00:00,0.7703116668699207
2016-05-19 00:00:00,0.7703116668699207
2016-05-20 00:00:00,0.7703116668699207
2016-05-23 00:00:00,0.7703116668699207
2016-05-24 00:00:00,0.7703116668699207
2016-05-25 00:00:00,0.7703116668699207
2016-05-26 00:00:00,0.7703116668699207
2016-05-27 00:00:00,0.7703116668699207
2016-05-31 00:00:00,0.7703116668699207
2016-06-01 00:00:00,0.7703116668699207
2016-06-02 00:00:00,0.7703116668699207
2016-06-03 00:00:00,0.7703116668699207
2016-06-06 00:00:00,0.7703116668699207
2016-06-07 00:00:00,0.7703116668699207
2016-06-08 00:00:00,0.7703116668699207
2016-06-09 00:00:00,0.7703116668699207
2016-06-10 00:00:00,0.7703116668699207
2016-06-13 00:00:00,0.7703116668699207
2016-06-14 00:00:00,0.7703116668699207
2016-06-15 00:00:00,0.7703116668699207
2016-06-16 00:00:00,0.7703116668699207
2016-06-17 00:00:00,0.7703116668699207
2016-06-20 00:00:00,0.7703116668699207
2016-06-21 00:00:00,0.7703116668699207
2016-06-22 00:00:00,0.7703116668699207
2016-06-23 00:00:00,0.7703116668699207
2016-06-24 00:00:00,0.7703116668699207
2016-06-27 00:00:00,0.7703116668699207
2016-06-28 00:00:00,0.7703116668699207
2016-06-29 00:00:00,0.7703116668699207
2016-06-30 00:00:00,0.7703116668699207
2016-07-01 00:00:00,0.7703116668699207
2016-07-05 00:00:00,0.7703116668699207
2016-07-06 00:00:00,0.7703116668699207
2016-07-07 00:00:00,0.7703116668699207
2016-07-08 00:00:00,0.7703116668699207
2016-07-11 00:00:00,0.7703116668699207
2016-07-12 00:00:00,0.7703116668699207
2016-07-13 00:00:00,0.7703116668699207
2016-07-14 00:00:00,0.7703116668699207
2016-07-15 00:00:00,0.7703116668699207
2016-07-18 00:00:00,0.7703116668699207
2016-07-19 00:00:00,0.7703116668699207
2016-07-20 00:00:00,0.7703116668699207
2016-07-21 00:00:00,0.7703116668699207
2016-07-22 00:00:00,0.7703116668699207
2016-07-25 00:00:00,0.7703116668699207
2016-07-26 00:00:00,0.7703116668699207
2016-07-27 00:00:00,0.7703116668699207
2016-07-28 00:00:00,0.7703116668699207
2016-07-29 00:00:00,0.7703116668699207
2016-08-01 00:00:00,0.7703116668699207
2016-08-02 00:00:00,0.7703116668699207
2016-08-03 00:00:00,0.7703116668699207
2016-08-04 00:00:00,0.7703116668699207
2016-08-05 00:00:00,0.7703116668699207
2016-08-08 00:00:00,0.7703116668699207
2016-08-09 00:00:00,0.7703116668699207
2016-08-10 00:00:00,0.7703116668699207
2016-08-11 00:00:00,0.7703116668699207
2016-08-12 00:00:00,0.7703116668699207
2016-08-15 00:00:00,0.7703116668699207
2016-08-16 00:00:00,0.7703116668699207
2016-08-17 00:00:00,0.7703116668699207
2016-08-18 00:00:00,0.7703116668699207
2016-08-19 00:00:00,0.7703116668699207
2016-08-22 00:00:00,0.7703116668699207
2016-08-23 00:00:00,0.7703116668699207
2016-08-24 00:00:00,0.7703116668699207
2016-08-25 00:00:00,0.7703116668699207
2016-08-26 00:00:00,0.7703116668699207
2016-08-29 00:00:00,0.7703116668699207
2016-08-30 00:00:00,0.7703116668699207
2016-08-31 00:00:00,0.7703116668699207
2016-09-01 00:00:00,0.7703116668699207
2016-09-02 00:00:00,0.7703116668699207
2016-09-06 00:00:00,0.7703116668699207
2016-09-07 00:00:00,0.7703116668699207
2016-09-08 00:00:00,0.7703116668699207
2016-09-09 00:00:00,0.7703116668699207
2016-09-12 00:00:00,0.7703116668699207
2016-09-13 00:00:00,0.7703116668699207
2016-09-14 00:00:00,0.7703116668699207
2016-09-15 00:00:00,0.7703116668699207
2016-09-16 00:00:00,0.7703116668699207
2016-09-19 00:00:00,0.7703116668699207
2016-09-20 00:00:00,0.7703116668699207
2016-09-21 00:00:00,0.7703116668699207
2016-09-22 00:00:00,0.7703116668699207
2016-09-23 00:00:00,0.7703116668699207
2016-09-26 00:00:00,0.7703116668699207
2016-09-27 00:00:00,0.7703116668699207
2016-09-28 00:00:00,0.7703116668699207
2016-09-29 00:00:00,0.7703116668699207
2016-09-30 00:00:00,0.7703116668699207
2016-10-03 00:00:00,0.7703116668699207
2016-10-04 00:00:00,0.7703116668699207
2016-10-05 00:00:00,0.7703116668699207
2016-10-06 00:00:00,0.7703116668699207
2016-10-07 00:00:00,0.7703116668699207
2016-10-11 00:00:00,0.7703116668699207
2016-10-12 00:00:00,0.7703116668699207
2016-10-13 00:00:00,0.7703116668699207
2016-10-14 00:00:00,0.7703116668699207
2016-10-17 00:00:00,0.7703116668699207
2016-10-18 00:00:00,0.7703116668699207
2016-10-19 00:00:00,0.7703116668699207
2016-10-20 00:00:00,0.7703116668699207
2016-10-21 00:00:00,0.7703116668699207
2016-10-24 00:00:00,0.7703116668699207
2016-10-25 00:00:00,0.7703116668699207
2016-10-26 00:00:00,0.7703116668699207
2016-10-27 00:00:00,0.7703116668699207
2016-10-28 00:00:00,0.7703116668699207
2016-10-31 00:00:00,0.7703116668699207
2016-11-01 00:00:00,0.7703116668699207
2016-11-02 00:00:00,0.7703116668699207
2016-11-03 00:00:00,0.7703116668699207
2016-11-04 00:00:00,0.7703116668699207
2016-11-07 00:00:00,0.7703116668699207
2016-11-08 00:00:00,0.7703116668699207
2016-11-09 00:00:00,0.7703116668699207
2016-11-10 00:00:00,0.7703116668699207
2016-11-14 00:00:00,0.7703116668699207
2016-11-15 00:00:00,0.7703116668699207
2016-11-16 00:00:00,0.7703116668699207
2016-11-17 00:00:00,0.7703116668699207
2016-11-18 00:00:00,0.7703116668699207
2016-11-21 00:00:00,0.7703116668699207
2016-11-22 00:00:00,0.7703116668699207
2016-11-23 00:00:00,0.7703116668699207
2016-11-25 00:00:00,0.7703116668699207
2016-11-28 00:00:00,0.7703116668699207
2016-11-29 00:00:00,0.7703116668699207
2016-11-30 00:00:00,0.7703116668699207
2016-12-01 00:00:00,0.7703116668699207
2016-12-02 00:00:00,0.7703116668699207
2016-12-05 00:00:00,0.7703116668699207
2016-12-06 00:00:00,0.7703116668699207
2016-12-07 00:00:00,0.7703116668699207
2016-12-08 00:00:00,0.7703116668699207
2016-12-09 00:00:00,0.7703116668699207
2016-12-12 00:00:00,0.7703116668699207
2016-12-13 00:00:00,0.7703116668699207
2016-12-14 00:00:00,0.7703116668699207
2016-12-15 00:00:00,0.7703116668699207
2016-12-16 00:00:00,0.7703116668699207
2016-12-19 00:00:00,0.7703116668699207
2016-12-20 00:00:00,0.7703116668699207
2016-12-21 00:00:00,0.7703116668699207
2016-12-22 00:00:00,0.7703116668699207
2016-12-23 00:00:00,0.7703116668699207
2016-12-27 00:00:00,0.7703116668699207
2016-12-28 00:00:00,0.7703116668699207
2016-12-29 00:00:00,0.7703116668699207
2016-12-30 00:00:00,0.7703116668699207
2017-01-03 00:00:00,0.7703116668699207
2017-01-04 00:00:00,0.7703116668699207
2017-01-05 00:00:00,0.7703116668699207
2017-01-06 00:00:00,0.7703116668699207
2017-01-09 00:00:00,0.7703116668699207
2017-01-10 00:00:00,0.7703116668699207
2017-01-11 00:00:00,0.7703116668699207
2017-01-12 00:00:00,0.7703116668699207
2017-01-13 00:00:00,0.7703116668699207
2017-01-17 00:00:00,0.7703116668699207
2017-01-18 00:00:00,0.7703116668699207
2017-01-19 00:00:00,0.7703116668699207
2017-01-23 00:00:00,0.7703116668699207
2017-01-24 00:00:00,0.7703116668699207
2017-01-25 00:00:00,0.7703116668699207
2017-01-26 00:00:00,0.7703116668699207
2017-01-27 00:00:00,0.7703116668699207
2017-01-30 00:00:00,0.7703116668699207
2017-01-31 00:00:00,0.7703116668699207
2017-02-01 00:00:00,0.7703116668699207
2017-02-02 00:00:00,0.7703116668699207
2017-02-03 00:00:00,0.7703116668699207
2017-02-06 00:00:00,0.7703116668699207
2017-02-07 00:00:00,0.7703116668699207
2017-02-08 00:00:00,0.7703116668699207
2017-02-09 00:00:00,0.7703116668699207
2017-02-10 00:00:00,0.7703116668699207
2017-02-13 00:00:00,0.7703116668699207
2017-02-14 00:00:00,0.7703116668699207
2017-02-15 00:00:00,0.7703116668699207
2017-02-16 00:00:00,0.7703116668699207
2017-02-17 00:00:00,0.7703116668699207
2017-02-21 00:00:00,0.7703116668699207
2017-02-22 00:00:00,0.7703116668699207
2017-02-23 00:00:00,0.7703116668699207
2017-02-24 00:00:00,0.7703116668699207
2017-02-27 00:00:00,0.7703116668699207
2017-02-28 00:00:00,0.7703116668699207
2017-03-01 00:00:00,0.7703116668699207
2017-03-02 00:00:00,0.7703116668699207
2017-03-03 00:00:00,0.7703116668699207
2017-03-06 00:00:00,0.7703116668699207
2017-03-07 00:00:00,0.7703116668699207
2017-03-08 00:00:00,0.7703116668699207
2017-03-09 00:00:00,0.763149054913276
2017-03-10 00:00:00,0.7683715820266288
2017-03-13 00:00:00,0.7721036388952074
2017-03-14 00:00:00,0.7694678015464873
2017-03-15 00:00:00,0.7764705163839457
2017-03-16 00:00:00,0.7876685394784907
2017-03-17 00:00:00,0.7893359331565628
2017-03-20 00:00:00,0.793963096298802
2017-03-21 00:00:00,0.7910104011288458
2017-03-22 00:00:00,0.7921306655381134
2017-03-23 00:00:00,0.7951545426048526
2017-03-24 00:00:00,0.8010595731567666
2017-03-27 00:00:00,0.8024003120613885
2017-03-28 00:00:00,0.8005075575484423
2017-03-29 00:00:00,0.8019954898115434
2017-03-30 00:00:00,0.8090851900965101
2017-03-31 00:00:00,0.8020380834431654
2017-04-03 00:00:00,0.8061697623462624
2017-04-04 00:00:00,0.8025069121666148
2017-04-05 00:00:00,0.8065572715118092
2017-04-06 00:00:00,0.805632172480734
2017-04-07 00:00:00,0.8098227731205149
2017-04-10 00:00:00,0.8079597171446878
2017-04-11 00:00:00,0.8054817757768014
2017-04-12 00:00:00,0.8047091931447717
2017-04-13 00:00:00,0.8147599176234886
2017-04-14 00:00:00,0.8150105548051662
2017-04-17 00:00:00,0.8141888652766532
2017-04-18 00:00:00,0.8172732478163957
2017-04-19 00:00:00,0.8003802773559129
2017-04-20 00:00:00,0.8012295773106621
2017-04-21 00:00:00,0.801463450877079
2017-04-24 00:00:00,0.8080029466640642
2017-04-25 00:00:00,0.7977377815245958
2017-04-26 00:00:00,0.7886351805917469
2017-04-27 00:00:00,0.7898726436085236
2017-04-28 00:00:00,0.79759031758484
2017-05-01 00:00:00,0.804945102774445
2017-05-02 00:00:00,0.8041307280698274
2017-05-03 00:00:00,0.803488963721807
2017-05-04 00:00:00,0.7942136302901133
2017-05-05 00:00:00,0.7946524454405051
2017-05-08 00:00:00,0.7904307698385995
2017-05-09 00:00:00,0.7897280728540391
2017-05-10 00:00:00,0.7960557219446699
2017-05-11 00:00:00,0.7997656599047457
2017-05-12 00:00:00,0.8048164076503604
2017-05-15 00:00:00,0.8093019867712413
2017-05-16 00:00:00,0.8110623310589093
2017-05-17 00:00:00,0.8106922414189051
2017-05-18 00:00:00,0.7979063785248917
2017-05-19 00:00:00,0.8085220619526373
2017-05-22 00:00:00,0.8088901723748018
2017-05-23 00:00:00,0.810257274018208
2017-05-24 00:00:00,0.8133775926077269
2017-05-25 00:00:00,0.817804347078488
2017-05-26 00:00:00,0.8163454820882946
2017-05-30 00:00:00,0.8093453600488432
2017-05-31 00:00:00,0.8095188996596817
2017-06-01 00:00:00,0.8128959802530675
2017-06-02 00:00:00,0.8088685095421189
2017-06-05 00:00:00,0.8212063989315294
2017-06-06 00:00:00,0.8260125843375558
2017-06-07 00:00:00,0.8283686719043011
2017-06-08 00:00:00,0.8307839402091247
2017-06-09 00:00:00,0.830418469283295
2017-06-12 00:00:00,0.8310125229413323
2017-06-13 00:00:00,0.8353565147223898
2017-06-14 00:00:00,0.842251816684404
2017-06-15 00:00:00,0.8348023810476153
2017-06-16 00:00:00,0.842745337378351
2017-06-19 00:00:00,0.8419700642925604
2017-06-20 00:00:00,0.8331673649362149
2017-06-21 00:00:00,0.8318593738653389
2017-06-22 00:00:00,0.8337883763886574
2017-06-23 00:00:00,0.8407513123901215
2017-06-26 00:00:00,0.8444654181709648
2017-06-27 00:00:00,0.8402133737531009
2017-06-28 00:00:00,0.8441821830818582
2017-06-29 00:00:00,0.8375339733321149
2017-06-30 00:00:00,0.8354489418649791
2017-07-03 00:00:00,0.8287778214280581
2017-07-05 00:00:00,0.8238945455768767
2017-07-06 00:00:00,0.8249071433414192
2017-07-07 00:00:00,0.8323178501516403
2017-07-10 00:00:00,0.8398629149186008
2017-07-11 00:00:00,0.8411727885674463
2017-07-12 00:00:00,0.8499788975714169
2017-07-13 00:00:00,0.8513205407943719
2017-07-14 00:00:00,0.8599006419058969
2017-07-17 00:00:00,0.8580440382472365
2017-07-18 00:00:00,0.8629964611207133
2017-07-19 00:00:00,0.8640580788528887
2017-07-20 00:00:00,0.862355817333906
2017-07-21 00:00:00,0.8598516809856724
2017-07-24 00:00:00,0.8539924264512887
2017-07-25 00:00:00,0.8501703019282418
2017-07-26 00:00:00,0.8505054670619149
2017-07-27 00:00:00,0.8536062557245774
2017-07-28 00:00:00,0.8506252329485094
2017-07-31 00:00:00,0.8456002616692625
2017-08-01 00:00:00,0.8479981510599637
2017-08-02 00:00:00,0.8474509019725791
2017-08-03 00:00:00,0.8443945915821723
2017-08-04 00:00:00,0.8453162649399029
2017-08-07 00:00:00,0.840564125189322
2017-08-08 00:00:00,0.8430276089625904
2017-08-09 00:00:00,0.839746160266431
2017-08-10 00:00:00,0.8448906273442632
2017-08-11 00:00:00,0.8465957547455634
2017-08-14 00:00:00,0.8499071431550982
2017-08-15 00:00:00,0.8466669510919386
2017-08-16 00:00:00,0.8518007261070203
2017-08-17 00:00:00,0.850936782168894
2017-08-18 00:00:00,0.8505054670619149
2017-08-21 00:00:00,0.8558072692480653
2017-08-22 00:00:00,0.8560983601559728
2017-08-23 00:00:00,0.8528590429294268
2017-08-24 00:00:00,0.8529553839678827
2017-08-25 00:00:00,0.8573620457108755
2017-08-28 00:00:00,0.8472131878345786
2017-08-29 00:00:00,0.8450324589083634
2017-08-30 00:00:00,0.8510758546869868
2017-08-31 00:00:00,0.8489993013718262
2017-09-01 00:00:00,0.8491902647482982
2017-09-05 00:00:00,0.846856866572346
2017-09-06 00:00:00,0.8484984308996157
2017-09-07 00:00:00,0.8530035626497606
2017-09-08 00:00:00,0.8520169862704934
2017-09-11 00:00:00,0.855758773341155
2017-09-12 00:00:00,0.8507450325700727
2017-09-13 00:00:00,0.8490470341636275
2017-09-14 00:00:00,0.8521371782615597
2017-09-15 00:00:00,0.8538475714896313
2017-09-18 00:00:00,0.8504096786322425
2017-09-19 00:00:00,0.8499549780864705
2017-09-20 00:00:00,0.853702765660497
2017-09-21 00:00:00,0.8472131878345786
2017-09-22 00:00:00,0.8514885440586034
2017-09-25 00:00:00,0.8434278175454545
2017-09-26 00:00:00,0.8386502511885022
2017-09-27 00:00:00,0.8342950706121961
2017-09-28 00:00:00,0.8280734261748841
2017-09-29 00:00:00,0.832134399005475
2017-10-02 00:00:00,0.8292556736670894
2017-10-03 00:00:00,0.8292556736670894
2017-10-04 00:00:00,0.8289597954248037
2017-10-05 00:00:00,0.8245693343062253
2017-10-06 00:00:00,0.8155739515108882
2017-10-10 00:00:00,0.8092803018756926
2017-10-11 00:00:00,0.807786845314328
2017-10-12 00:00:00,0.8048807500680273
2017-10-13 00:00:00,0.7994904480465542
2017-10-16 00:00:00,0.7910104011288458
2017-10-17 00:00:00,0.7931291233502985
2017-10-18 00:00:00,0.7984970296444869
2017-10-19 00:00:00,0.8016123506105081
2017-10-20 00:00:00,0.7941092219146744
2017-10-23 00:00:00,0.7919229698288555
2017-10-24 00:00:00,0.7875247743612518
2017-10-25 00:00:00,0.790658380793265
2017-10-26 00:00:00,0.7925463839592412
2017-10-27 00:00:00,0.7874221171181981
2017-10-30 00:00:00,0.7879562272391204
2017-10-31 00:00:00,0.7894597246668076
2017-11-01 00:00:00,0.7892121804625745
2017-11-02 00:00:00,0.7945479216663438
2017-11-03 00:00:00,0.7869912487962563
2017-11-06 00:00:00,0.7914871631630694
2017-11-07 00:00:00,0.7889235750261917
2017-11-08 00:00:00,0.7918814437561343
2017-11-09 00:00:00,0.792026804067308
2017-11-13 00:00:00,0.7878740092944496
2017-11-14 00:00:00,0.7887793514481922
2017-11-15 00:00:00,0.7842326005842891
2017-11-16 00:00:00,0.790637683471708
2017-11-17 00:00:00,0.797864222594181
2017-11-20 00:00:00,0.7934833476855486
2017-11-21 00:00:00,0.8030830425244682
2017-11-22 00:00:00,0.8073765710471471
2017-11-24 00:00:00,0.8154198203645443
2017-11-27 00:00:00,0.8145182208220578
2017-11-28 00:00:00,0.8128959802530675
2017-11-29 00:00:00,0.8157501727563193
2017-11-30 00:00:00,0.8104529515738513
2017-12-01 00:00:00,0.8110405517267111
2017-12-04 00:00:00,0.8094104286829082
2017-12-05 00:00:00,0.8069235946113471
2017-12-06 00:00:00,0.7994692857487684
2017-12-07 00:00:00,0.7974850195733828
2017-12-08 00:00:00,0.7966646482987636
2017-12-11 00:00:00,0.7962865844002827
2017-12-12 00:00:00,0.787196365364437
2017-12-13 00:00:00,0.7890060121813668
2017-12-14 00:00:00,0.7905342131158122
2017-12-15 00:00:00,0.7899966035337603
2017-12-18 00:00:00,0.7934208145192089
2017-12-19 00:00:00,0.7859263634218767
2017-12-20 00:00:00,0.7860081753579015
2017-12-21 00:00:00,0.7791345323436791
2017-12-22 00:00:00,0.770862156307974
2017-12-26 00:00:00,0.7653148396377225
2017-12-27 00:00:00,0.7656252413572644
2017-12-28 00:00:00,0.765955319190067
2017-12-29 00:00:00,0.7689388769139418
2018-01-02 00:00:00,0.7750757068954712
2018-01-03 00:00:00,0.7797178373167784
2018-01-04 00:00:00,0.7843344278150701
2018-01-05 00:00:00,0.7849377870780159
2018-01-08 00:00:00,0.7857219080723914
2018-01-09 00:00:00,0.782221851919163
2018-01-10 00:00:00,0.7853541563862583
2018-01-11 00:00:00,0.7814730043805201
2018-01-12 00:00:00,0.7925879798016827
2018-01-16 00:00:00,0.80071978118512
2018-01-17 00:00:00,0.8106922414189051
2018-01-18 00:00:00,0.8095405973438775
2018-01-19 00:00:00,0.8124805010572639
2018-01-22 00:00:00,0.8057396330879745
2018-01-23 00:00:00,0.8047091931447717
2018-01-24 00:00:00,0.8149137993768103
2018-01-25 00:00:00,0.8168311917541844
2018-01-26 00:00:00,0.8159485127053901
2018-01-29 00:00:00,0.8124586454957021
2018-01-30 00:00:00,0.807786845314328
2018-01-31 00:00:00,0.810975220747596
2018-02-01 00:00:00,0.8225258754439739
2018-02-02 00:00:00,0.8142547150756941
2018-02-05 00:00:00,0.8122401545328148
2018-02-06 00:00:00,0.8078300563363304
2018-02-07 00:00:00,0.8099530744516686
2018-02-08 00:00:00,0.7989828619200762
2018-02-09 00:00:00,0.7998080170087845
2018-02-12 00:00:00,0.810170336542455
2018-02-13 00:00:00,0.8104964483108205
2018-02-14 00:00:00,0.8117598878249448
2018-02-15 00:00:00,0.8154418355328903
2018-02-16 00:00:00,0.8172732478163957
2018-02-20 00:00:00,0.8102138029481926
2018-02-21 00:00:00,0.8092586181421875
2018-02-22 00:00:00,0.8099530744516686
2018-02-23 00:00:00,0.8137282147345616
2018-02-26 00:00:00,0.8095622961912384
2018-02-27 00:00:00,0.8029848285275198
2018-02-28 00:00:00,0.8015485296648902
2018-03-01 00:00:00,0.8027842050422009
2018-03-02 00:00:00,0.801335866554422
2018-03-05 00:00:00,0.80057121282643
2018-03-06 00:00:00,0.8059976555467329
2018-03-07 00:00:00,0.8030403378347485
2018-03-08 00:00:00,0.8073981540393158
2018-03-09 00:00:00,0.8133556887570077
2018-03-12 00:00:00,0.8108445903595458
2018-03-13 00:00:00,0.8144303666253936
2018-03-14 00:00:00,0.8117598878249448
2018-03-15 00:00:00,0.8075708595268107
2018-03-16 00:00:00,0.8062773664255931
2018-03-19 00:00:00,0.8061697623462624
2018-03-20 00:00:00,0.8055677098739157
2018-03-21 00:00:00,0.8122183118997129
2018-03-22 00:00:00,0.8149797664949466
2018-03-23 00:00:00,0.8132023948278917
2018-03-26 00:00:00,0.825673869499801
2018-03-27 00:00:00,0.8243217834689609
2018-03-28 00:00:00,0.8270303983105893
2018-03-29 00:00:00,0.8280053224306473
2018-03-30 00:00:00,0.831236656088386
2018-04-02 00:00:00,0.8247269440855967
2018-04-03 00:00:00,0.8299620825562014
2018-04-04 00:00:00,0.8283459532198651
2018-04-05 00:00:00,0.8330984207619221
2018-04-06 00:00:00,0.8239170207404312
2018-04-09 00:00:00,0.82864139335243
2018-04-10 00:00:00,0.8265098690940187
2018-04-11 00:00:00,0.828800563808318
2018-04-12 00:00:00,0.8319968637073089
2018-04-13 00:00:00,0.8352872077851359
2018-04-16 00:00:00,0.8378127641138065
2018-04-17 00:00:00,0.8403536391948672
2018-04-18 00:00:00,0.8373250019767327
2018-04-19 00:00:00,0.8236249392245295
2018-04-20 00:00:00,0.8112801887319758
2018-04-23 00:00:00,0.7992365743927686
2018-04-24 00:00:00,0.803488963721807
2018-04-25 00:00:00,0.7939839680941829
2018-04-26 00:00:00,0.8003166524365438
2018-04-27 00:00:00,0.8089768353101036
2018-04-30 00:00:00,0.8044948498069606
2018-05-01 00:00:00,0.8018890255224406
2018-05-02 00:00:00,0.7917776476249863
2018-05-03 00:00:00,0.7901412726305487
2018-05-04 00:00:00,0.786683774289655
2018-05-07 00:00:00,0.7765104418527028
2018-05-08 00:00:00,0.7700563496584245
2018-05-09 00:00:00,0.7737850061820184
2018-05-10 00:00:00,0.7823839536395898
2018-05-11 00:00:00,0.779838630165317
2018-05-14 00:00:00,0.7741023181255022
2018-05-15 00:00:00,0.765955319190067
2018-05-16 00:00:00,0.765411813134889
2018-05-17 00:00:00,0.7650240665223589
2018-05-18 00:00:00,0.7576547799092597
2018-05-21 00:00:00,0.7593691895786877
2018-05-22 00:00:00,0.7660330259283434
2018-05-23 00:00:00,0.763747285346248
2018-05-24 00:00:00,0.7658970494814942
2018-05-25 00:00:00,0.7726962276479411
2018-05-29 00:00:00,0.765179118015371
2018-05-30 00:00:00,0.7665774148807798
2018-05-31 00:00:00,0.755059877160639
2018-06-01 00:00:00,0.7604590010902819
2018-06-04 00:00:00,0.7556076790328912
2018-06-05 00:00:00,0.7412907457859494
2018-06-06 00:00:00,0.7450577272263734
2018-06-07 00:00:00,0.7369497888518135
2018-06-08 00:00:00,0.73700373700746
2018-06-11 00:00:00,0.7357290788829466
2018-06-12 00:00:00,0.7326344958763947
2018-06-13 00:00:00,0.7333745343145297
2018-06-14 00:00:00,0.7306035352274485
2018-06-15 00:00:00,0.7314882573577798
2018-06-18 00:00:00,0.7309571671418857
2018-06-19 00:00:00,0.7363748329018609
2018-06-20 00:00:00,0.7416912270100369
2018-06-21 00:00:00,0.7406000232039313
2018-06-22 00:00:00,0.7512287065365683
2018-06-25 00:00:00,0.7510232282251522
2018-06-26 00:00:00,0.7602675798903196
2018-06-27 00:00:00,0.7529704364355484
2018-06-28 00:00:00,0.7615519451916977
2018-06-29 00:00:00,0.7685475494618876
2018-07-02 00:00:00,0.7487518009396282
2018-07-03 00:00:00,0.7718274084202884
2018-07-05 00:00:00,0.7846808382817468
2018-07-06 00:00:00,0.7920891176812234
2018-07-09 00:00:00,0.7879767844065412
2018-07-10 00:00:00,0.7941301013935982
2018-07-11 00:00:00,0.7950080320681931
2018-07-12 00:00:00,0.8038952954753061
2018-07-13 00:00:00,0.7996809591544051
2018-07-16 00:00:00,0.801463450877079
2018-07-17 00:00:00,0.8002318349443002
2018-07-18 00:00:00,0.7996174453643632
2018-07-19 00:00:00,0.792504792482557
2018-07-20 00:00:00,0.7907618836576182
2018-07-23 00:00:00,0.7918814437561343
2018-07-24 00:00:00,0.8011870695077384
2018-07-25 00:00:00,0.8033179995293027
2018-07-26 00:00:00,0.8102790113025546
2018-07-27 00:00:00,0.8136843704383934
2018-07-30 00:00:00,0.8146500376615704
2018-07-31 00:00:00,0.8119999501640693
2018-08-01 00:00:00,0.8108010562482275
2018-08-02 00:00:00,0.8107357638455663
2018-08-03 00:00:00,0.8131148242375211
2018-08-06 00:00:00,0.8153537819912728
2018-08-07 00:00:00,0.818136634783507
2018-08-08 00:00:00,0.8172732478163957
2018-08-09 00:00:00,0.8084138579348177
2018-08-10 00:00:00,0.7974218541108545
2018-08-13 00:00:00,0.783866241371953
2018-08-14 00:00:00,0.7946524454405051
2018-08-15 00:00:00,0.7857423488202794
2018-08-16 00:00:00,0.7944643224426631
2018-08-17 00:00:00,0.7922969005614418
2018-08-20 00:00:00,0.7933791312170722
2018-08-21 00:00:00,0.8003802773559129
2018-08-22 00:00:00,0.8025922126462247
2018-08-23 00:00:00,0.8005924335021662
2018-08-24 00:00:00,0.8025069121666148
2018-08-27 00:00:00,0.8092369355706326
2018-08-28 00:00:00,0.7980750468041412
2018-08-29 00:00:00,0.7930874706904059
2018-08-30 00:00:00,0.7882852706851813
2018-08-31 00:00:00,0.7859877207771286
2018-09-04 00:00:00,0.7804229902664717
2018-09-05 00:00:00,0.777349826177555
2018-09-06 00:00:00,0.7799997455271608
2018-09-07 00:00:00,0.7860900043283204
2018-09-10 00:00:00,0.7827083587203981
2018-09-11 00:00:00,0.7861309252030901
2018-09-12 00:00:00,0.7918814437561343
2018-09-13 00:00:00,0.7998715610779322
2018-09-14 00:00:00,0.8003166524365438
2018-09-17 00:00:00,0.801335866554422
2018-09-18 00:00:00,0.8059675444117242
2018-09-19 00:00:00,0.80522408345471
2018-09-20 00:00:00,0.8004439123924079
2018-09-21 00:00:00,0.8016761817200458
2018-09-24 00:00:00,0.8008896411302164
2018-09-25 00:00:00,0.7955734418476115
2018-09-26 00:00:00,0.7992154255326064
2018-09-27 00:00:00,0.8020380834431654
2018-09-28 00:00:00,0.8073549892088405
2018-10-01 00:00:00,0.8091935739129998
2018-10-02 00:00:00,0.8059331344407815
2018-10-03 00:00:00,0.8018251605156292
2018-10-04 00:00:00,0.7876069194300283
2018-10-05 00:00:00,0.7942345152598802
2018-10-09 00:00:00,0.7944643224426631
2018-10-10 00:00:00,0.7917153830061789
2018-10-11 00:00:00,0.793963096298802
2018-10-12 00:00:00,0.7980328730494549
2018-10-15 00:00:00,0.8028695644834452
2018-10-16 00:00:00,0.8043877209519207
2018-10-17 00:00:00,0.8032325447131197
2018-10-18 00:00:00,0.7882235541078011
2018-10-19 00:00:00,0.7853745780040753
2018-10-22 00:00:00,0.7797379668594999
2018-10-23 00:00:00,0.7781308810074127
2018-10-24 00:00:00,0.776131315593029
2018-10-25 00:00:00,0.7779104246201701
2018-10-26 00:00:00,0.7768699559211566
2018-10-29 00:00:00,0.7642110760159588
2018-10-30 00:00:00,0.755588776081423
2018-10-31 00:00:00,0.7455727017107561
2018-11-01 00:00:00,0.7501092796796901
2018-11-02 00:00:00,0.7533836404665184
2018-11-05 00:00:00,0.7559102549379998
2018-11-06 00:00:00,0.7605547478420306
2018-11-07 00:00:00,0.7627058117753213
2018-11-08 00:00:00,0.7533836404665184
2018-11-09 00:00:00,0.7410179382787293
2018-11-13 00:00:00,0.7384633287604578
2018-11-14 00:00:00,0.7418551849852068
2018-11-15 00:00:00,0.7434255580353637
2018-11-16 00:00:00,0.7484549275487615
2018-11-19 00:00:00,0.7410179382787293
2018-11-20 00:00:00,0.7416365904555611
2018-11-21 00:00:00,0.7483065791165632
2018-11-23 00:00:00,0.7388246121894012
2018-11-26 00:00:00,0.7351560253700399
2018-11-27 00:00:00,0.7375436533003522
2018-11-28 00:00:00,0.7391681590343537
2018-11-29 00:00:00,0.7455727017107561
2018-11-30 00:00:00,0.7440115813844741
2018-12-03 00:00:00,0.7462542966002699
2018-12-04 00:00:00,0.7368059657080095
2018-12-06 00:00:00,0.7394758139825366
2018-12-07 00:00:00,0.7444700553685659
2018-12-10 00:00:00,0.7410615739856299
2018-12-11 00:00:00,0.7443416257067483
2018-12-12 00:00:00,0.7500347698304582
2018-12-13 00:00:00,0.7455911068232424
2018-12-14 00:00:00,0.7440848992708413
2018-12-17 00:00:00,0.750705891837614
2018-12-18 00:00:00,0.7503701807732162
2018-12-19 00:00:00,0.7540984257041526
2018-12-20 00:00:00,0.757825872445182
2018-12-21 00:00:00,0.757825872445182
2018-12-26 00:00:00,0.7594990380590718
2018-12-27 00:00:00,0.7680198887835713
2018-12-28 00:00:00,0.7683911299845504
2018-12-31 00:00:00,0.7691151043112483
2019-01-02 00:00:00,0.7702330896973637
2019-01-03 00:00:00,0.7701152539917572
2019-01-04 00:00:00,0.7768299934748641
2019-01-07 00:00:00,0.7818978499094626
2019-01-08 00:00:00,0.7802415434332917
2019-01-09 00:00:00,0.7852724805341044
2019-01-10 00:00:00,0.7881824150914071
2019-01-11 00:00:00,0.7898313322777909
2019-01-15 00:00:00,0.792504792482557
2019-01-16 00:00:00,0.7960767039088752
2019-01-17 00:00:00,0.7925879798016827
2019-01-18 00:00:00,0.7901206023728018
2019-01-22 00:00:00,0.789109082855721
2019-01-23 00:00:00,0.7911968917667188
2019-01-24 00:00:00,0.7954058291979017
2019-01-25 00:00:00,0.797864222594181
2019-01-28 00:00:00,0.7931291233502985
2019-01-29 00:00:00,0.7954477257388127
2019-01-30 00:00:00,0.7880384623451542
2019-01-31 00:00:00,0.7926295800105689
2019-02-01 00:00:00,0.7895216349837333
2019-02-04 00:00:00,0.7931291233502985
2019-02-05 00:00:00,0.7913627350600724
2019-02-06 00:00:00,0.7903480347063384
2019-02-07 00:00:00,0.790244640143975
2019-02-08 00:00:00,0.7904100844316634
2019-02-11 00:00:00,0.783195471068943
2019-02-12 00:00:00,0.7846808382817468
2019-02-13 00:00:00,0.7782311297681711
2019-02-14 00:00:00,0.7805036603949331
2019-02-15 00:00:00,0.781008226786893
2019-02-19 00:00:00,0.7871348191681927
2019-02-21 00:00:00,0.783134548870867
2019-02-22 00:00:00,0.789377192679492
2019-02-25 00:00:00,0.7909068332016005
2019-02-26 00:00:00,0.7883881531271919
2019-02-27 00:00:00,0.7861513872381563
2019-02-28 00:00:00,0.7838865856813579
2019-03-01 00:00:00,0.7822015939269863
2019-03-04 00:00:00,0.7824650296969616
2019-03-05 00:00:00,0.7834799000337931
2019-03-06 00:00:00,0.7791747322524759
2019-03-07 00:00:00,0.7712952359943492
2019-03-08 00:00:00,0.7750955974620248
2019-03-11 00:00:00,0.7773298197478502
2019-03-12 00:00:00,0.7824447591073476
2019-03-13 00:00:00,0.7810486202819427
2019-03-14 00:00:00,0.7824650296969616
2019-03-15 00:00:00,0.7859263634218767
2019-03-18 00:00:00,0.7901206023728018
2019-03-19 00:00:00,0.7951336092221332
2019-03-20 00:00:00,0.7992365743927686
2019-03-21 00:00:00,0.8009321173774258
2019-03-22 00:00:00,0.788017901959474
2019-03-25 00:00:00,0.7950289588392399
2019-03-26 00:00:00,0.7905135222944152
2019-03-27 00:00:00,0.7807659535286612
2019-03-28 00:00:00,0.7797782290631433
2019-03-29 00:00:00,0.7785119637669534
2019-04-01 00:00:00,0.7859672672609225
2019-04-02 00:00:00,0.7855379891883463
2019-04-03 00:00:00,0.7878329067559465
2019-04-04 00:00:00,0.7874631768036169
2019-04-05 00:00:00,0.7917568916638983
2019-04-08 00:00:00,0.7964335666034523
2019-04-09 00:00:00,0.7988138097408813
2019-04-10 00:00:00,0.8020593819556184
2019-04-11 00:00:00,0.801038327709925
2019-04-12 00:00:00,0.8051811507638484
2019-04-15 00:00:00,0.8006773274561986
2019-04-16 00:00:00,0.7964125658238246
2019-04-17 00:00:00,0.8015485296648902
2019-04-18 00:00:00,0.8050738390634056
2019-04-19 00:00:00,0.8045377093391952
2019-04-22 00:00:00,0.8016974610156269
2019-04-23 00:00:00,0.7969589462848362
2019-04-24 00:00:00,0.7944016345687197
2019-04-25 00:00:00,0.7908032923913473
2019-04-26 00:00:00,0.7968748389610766
2019-04-29 00:00:00,0.7940465900650083
2019-04-30 00:00:00,0.7950498867120146
2019-05-01 00:00:00,0.8010808197305975
2019-05-02 00:00:00,0.7895835550115737
2019-05-03 00:00:00,0.7955734418476115
2019-05-06 00:00:00,0.795762090536233
2019-05-07 00:00:00,0.7930458224052179
2019-05-08 00:00:00,0.7919022062481049
2019-05-09 00:00:00,0.7835205496083512
2019-05-10 00:00:00,0.7890678513546705
2019-05-13 00:00:00,0.7867247570082239
2019-05-14 00:00:00,0.7887793514481922
2019-05-15 00:00:00,0.7922761173679955
2019-05-16 00:00:00,0.7917776476249863
2019-05-17 00:00:00,0.7879151161219503
2019-05-20 00:00:00,0.790658380793265
2019-05-21 00:00:00,0.7933166144752763
2019-05-22 00:00:00,0.7955315320629702
2019-05-23 00:00:00,0.7941092219146744
2019-05-24 00:00:00,0.7922345542519862
2019-05-28 00:00:00,0.7876274583749113
2019-05-29 00:00:00,0.7855175590715923
2019-05-30 00:00:00,0.7910932750020359
2019-05-31 00:00:00,0.76844977982655
2019-06-03 00:00:00,0.763940463028701
2019-06-04 00:00:00,0.7722220839206054
2019-06-05 00:00:00,0.7724195730730583
2019-06-06 00:00:00,0.765807719812136
2019-06-07 00:00:00,0.7678441628652021
2019-06-10 00:00:00,0.7873194866352828
2019-06-11 00:00:00,0.7893565623788705
2019-06-12 00:00:00,0.7884704784185955
2019-06-13 00:00:00,0.7875247743612518
2019-06-14 00:00:00,0.7894184565160147
2019-06-17 00:00:00,0.7877301691696501
2019-06-18 00:00:00,0.7898933008944928
2019-06-19 00:00:00,0.7878945621720331
2019-06-20 00:00:00,0.7952173493668603
2019-06-21 00:00:00,0.7916116304005535
2019-06-24 00:00:00,0.7873194866352828
2019-06-25 00:00:00,0.7857014683879899
2019-06-26 00:00:00,0.7896248404262151
2019-06-27 00:00:00,0.7880590238037551
2019-06-28 00:00:00,0.7861759430863486
2019-07-01 00:00:00,0.7916531281794591
2019-07-02 00:00:00,0.7915286478930427
2019-07-03 00:00:00,0.7930041784940458
2019-07-05 00:00:00,0.7934833476855486
2019-07-08 00:00:00,0.7988560660786798
2019-07-09 00:00:00,0.7992788754711211
2019-07-10 00:00:00,0.78543584923032
2019-07-11 00:00:00,0.7906790791984797
2019-07-12 00:00:00,0.7937544386823664
2019-07-15 00:00:00,0.7960767039088752
2019-07-16 00:00:00,0.7912590748553279
2019-07-17 00:00:00,0.7944434253854155
2019-07-18 00:00:00,0.794819740692177
2019-07-19 00:00:00,0.7942136302901133
2019-07-22 00:00:00,0.7919022062481049
2019-07-23 00:00:00,0.7893441847160937
2019-07-24 00:00:00,0.7910725549057811
2019-07-25 00:00:00,0.7931499513209749
2019-07-26 00:00:00,0.7919437344984719
2019-07-29 00:00:00,0.792026804067308
2019-07-30 00:00:00,0.7916946303093769
2019-07-31 00:00:00,0.7951126769415765
2019-08-01 00:00:00,0.7877712609885946
2019-08-02 00:00:00,0.7819990717008705
2019-08-05 00:00:00,0.7722813200619479
2019-08-06 00:00:00,0.7699974543353149
2019-08-07 00:00:00,0.7672589901258154
2019-08-08 00:00:00,0.7746979800010958
2019-08-09 00:00:00,0.776710130800358
2019-08-12 00:00:00,0.7723603157218444
2019-08-13 00:00:00,0.7775899836852562
2019-08-14 00:00:00,0.7692208795276846
2019-08-15 00:00:00,0.7691738647287218
2019-08-16 00:00:00,0.7721825982078725
2019-08-19 00:00:00,0.7622823215966564
2019-08-20 00:00:00,0.7643851427708027
2019-08-21 00:00:00,0.7679339682866873
2019-08-22 00:00:00,0.7650240665223589
2019-08-23 00:00:00,0.7602293072139426
2019-08-26 00:00:00,0.7582063548714126
2019-08-27 00:00:00,0.754871164087444
2019-08-28 00:00:00,0.7546259780707256
2019-08-29 00:00:00,0.7506312634217939
2019-08-30 00:00:00,0.7525426848097593
2019-09-03 00:00:00,0.755380906019976
2019-09-04 00:00:00,0.7635156010491613
2019-09-05 00:00:00,0.7668304299972762
2019-09-06 00:00:00,0.7721628568657222
2019-09-09 00:00:00,0.7729928632637045
2019-09-10 00:00:00,0.7744198904208284
2019-09-11 00:00:00,0.7724590830256451
2019-09-12 00:00:00,0.7775899836852562
2019-09-13 00:00:00,0.7802213878820677
2019-09-16 00:00:00,0.7773098143479185
2019-09-17 00:00:00,0.7777501711464881
2019-09-18 00:00:00,0.780523830532942
2019-09-19 00:00:00,0.7782311297681711
2019-09-20 00:00:00,0.7768299934748641
2019-09-23 00:00:00,0.7767500809150993
2019-09-24 00:00:00,0.7764904786051038
2019-09-25 00:00:00,0.7720641652940369
2019-09-26 00:00:00,0.7687822981215854
2019-09-27 00:00:00,0.767317467260371
2019-09-30 00:00:00,0.7649465643375222
2019-10-01 00:00:00,0.7636507331370312
2019-10-02 00:00:00,0.7636314256245632
2019-10-03 00:00:00,0.7666357881641426
2019-10-04 00:00:00,0.7729137381657426
2019-10-07 00:00:00,0.7724590830256451
2019-10-08 00:00:00,0.7711967660683975
2019-10-09 00:00:00,0.7714725452440032
2019-10-10 00:00:00,0.776131315593029
2019-10-11 00:00:00,0.7811859894241222
2019-10-15 00:00:00,0.7845789210905735
2019-10-16 00:00:00,0.7865813361712256
2019-10-17 00:00:00,0.7883881531271919
2019-10-18 00:00:00,0.7889647914503611
2019-10-21 00:00:00,0.7887587523843811
2019-10-22 00:00:00,0.790658380793265
2019-10-23 00:00:00,0.7901206023728018
2019-10-24 00:00:00,0.7906169872337241
2019-10-25 00:00:00,0.792775215137349
2019-10-28 00:00:00,0.7929000878479135
2019-10-29 00:00:00,0.7906169872337241
2019-10-30 00:00:00,0.7878945621720331
2019-10-31 00:00:00,0.7876069194300283
2019-11-01 00:00:00,0.7906997786874371
2019-11-04 00:00:00,0.7879356711442848
2019-11-05 00:00:00,0.7857627906317374
2019-11-06 00:00:00,0.7865403683933001
2019-11-07 00:00:00,0.7895009971325472
2019-11-08 00:00:00,0.7903273536294412
2019-11-12 00:00:00,0.7836831900960749
2019-11-13 00:00:00,0.7773898421266016
2019-11-14 00:00:00,0.7768299934748641
2019-11-15 00:00:00,0.7863355934991598
2019-11-18 00:00:00,0.7843751661118455
2019-11-19 00:00:00,0.7807659535286612
2019-11-20 00:00:00,0.7752348600180371
2019-11-21 00:00:00,0.7775499471296139
2019-11-22 00:00:00,0.7783514623828142
2019-11-25 00:00:00,0.7759518586553983
2019-11-26 00:00:00,0.7747178511851106
2019-11-27 00:00:00,0.7729730804704592
2019-11-29 00:00:00,0.7727357659085792
2019-12-02 00:00:00,0.7717879630577688
2019-12-03 00:00:00,0.7722615736717648
2019-12-04 00:00:00,0.7751552752875148
2019-12-05 00:00:00,0.7798789027655113
2019-12-06 00:00:00,0.7812102360535597
2019-12-09 00:00:00,0.7853541563862583
2019-12-10 00:00:00,0.7859672672609225
2019-12-11 00:00:00,0.7874426464256629
2019-12-12 00:00:00,0.7911139961837373
2019-12-13 00:00:00,0.7920683453871479
2019-12-16 00:00:00,0.7956153560482251
2019-12-17 00:00:00,0.7986025950899714
2019-12-18 00:00:00,0.7965806030779282
2019-12-19 00:00:00,0.7972955531994805
2019-12-20 00:00:00,0.79843370377241
2019-12-23 00:00:00,0.79771671190911
2019-12-24 00:00:00,0.7967066775600824
2019-12-26 00:00:00,0.7971692922905069
2019-12-27 00:00:00,0.8024642687258283
2019-12-30 00:00:00,0.8005924335021662
2019-12-31 00:00:00,0.80071978118512
2020-01-02 00:00:00,0.7994904480465542
2020-01-03 00:00:00,0.8005075575484423
2020-01-06 00:00:00,0.8023789954386781
2020-01-07 00:00:00,0.8000410613027844
2020-01-08 00:00:00,0.8044305690700135
2020-01-09 00:00:00,0.8019954898115434
2020-01-10 00:00:00,0.8046448781517136
2020-01-13 00:00:00,0.8024216298167568
2020-01-14 00:00:00,0.8031043965726101
2020-01-15 00:00:00,0.8028482229213909
2020-01-16 00:00:00,0.8042592039810065
2020-01-17 00:00:00,0.8063634703733106
2020-01-21 00:00:00,0.8074844975484632
2020-01-22 00:00:00,0.8078732719815631
2020-01-23 00:00:00,0.8018677360564628
2020-01-24 00:00:00,0.8013571277872839
2020-01-27 00:00:00,0.7965007765416146
2020-01-28 00:00:00,0.8041307280698274
2020-01-29 00:00:00,0.8085999867827159
2020-01-30 00:00:00,0.8033179995293027
2020-01-31 00:00:00,0.7994481245712738
2020-02-03 00:00:00,0.8037027713225844
2020-02-04 00:00:00,0.8086086460243823
2020-02-05 00:00:00,0.8110405517267111
2020-02-06 00:00:00,0.8088685095421189
2020-02-07 00:00:00,0.8052026165369961
2020-02-10 00:00:00,0.8046877536714107
2020-02-11 00:00:00,0.8078300563363304
2020-02-12 00:00:00,0.8107357638455663
2020-02-13 00:00:00,0.8100834177208112
2020-02-14 00:00:00,0.8132242904227981
2020-02-18 00:00:00,0.81239308586537
2020-02-19 00:00:00,0.812436791109929
2020-02-20 00:00:00,0.8024216298167568
2020-02-21 00:00:00,0.8027201973715707
2020-02-24 00:00:00,0.7911139961837373
2020-02-25 00:00:00,0.7925671813346993
2020-02-26 00:00:00,0.7880590238037551
2020-02-27 00:00:00,0.7805641739365979
2020-02-28 00:00:00,0.765411813134889
2020-03-02 00:00:00,0.7711573851376888
2020-03-03 00:00:00,0.7812506504475615
2020-03-04 00:00:00,0.7731313711744924
2020-03-05 00:00:00,0.7617440137781267
2020-03-06 00:00:00,0.7486775605151635
2020-03-09 00:00:00,0.7216656347678182
2020-03-10 00:00:00,0.7173804129566939
2020-03-11 00:00:00,0.7121704821104157
2020-03-12 00:00:00,0.6764120340925989
2020-03-13 00:00:00,0.6900422697350405
2020-03-16 00:00:00,0.6678271380688702
2020-03-17 00:00:00,0.6523866711132218
2020-03-18 00:00:00,0.6523866711132218
2020-03-19 00:00:00,0.6523866711132218
2020-03-20 00:00:00,0.6523866711132218
2020-03-23 00:00:00,0.6523866711132218
2020-03-24 00:00:00,0.6523866711132218
2020-03-25 00:00:00,0.6523866711132218
2020-03-26 00:00:00,0.6523866711132218
2020-03-27 00:00:00,0.6523866711132218
2020-03-30 00:00:00,0.6523866711132218
2020-03-31 00:00:00,0.6523866711132218
2020-04-01 00:00:00,0.6523866711132218
2020-04-02 00:00:00,0.6523866711132218
2020-04-03 00:00:00,0.6523866711132218
2020-04-06 00:00:00,0.6523866711132218
2020-04-07 00:00:00,0.6523866711132218
2020-04-08 00:00:00,0.6523866711132218
2020-04-09 00:00:00,0.6523866711132218
2020-04-10 00:00:00,0.6523866711132218
2020-04-13 00:00:00,0.6523866711132218
2020-04-14 00:00:00,0.6523866711132218
2020-04-15 00:00:00,0.6523866711132218
2020-04-16 00:00:00,0.6523866711132218
2020-04-17 00:00:00,0.6523866711132218
2020-04-20 00:00:00,0.6523866711132218
2020-04-21 00:00:00,0.6523866711132218
2020-04-22 00:00:00,0.6523866711132218
2020-04-23 00:00:00,0.6523866711132218
2020-04-24 00:00:00,0.6523866711132218
2020-04-27 00:00:00,0.6523866711132218
2020-04-28 00:00:00,0.6523866711132218
2020-04-29 00:00:00,0.6523866711132218
2020-04-30 00:00:00,0.6523866711132218
2020-05-01 00:00:00,0.6523866711132218
2020-05-04 00:00:00,0.6523866711132218
2020-05-05 00:00:00,0.6523866711132218
2020-05-06 00:00:00,0.6523866711132218
2020-05-07 00:00:00,0.6523866711132218
2020-05-08 00:00:00,0.6523866711132218
2020-05-11 00:00:00,0.6523866711132218
2020-05-12 00:00:00,0.6523866711132218
2020-05-13 00:00:00,0.6523866711132218
2020-05-14 00:00:00,0.6523866711132218
2020-05-15 00:00:00,0.6523866711132218
2020-05-18 00:00:00,0.6523866711132218
2020-05-19 00:00:00,0.6523866711132218
2020-05-20 00:00:00,0.6523866711132218
2020-05-21 00:00:00,0.6523866711132218
2020-05-22 00:00:00,0.6523866711132218
2020-05-26 00:00:00,0.6523866711132218
2020-05-27 00:00:00,0.6523866711132218
2020-05-28 00:00:00,0.6523866711132218
2020-05-29 00:00:00,0.6523866711132218
2020-06-01 00:00:00,0.6523866711132218
2020-06-02 00:00:00,0.6523866711132218
2020-06-03 00:00:00,0.6523866711132218
2020-06-04 00:00:00,0.6523866711132218
2020-06-05 00:00:00,0.6523866711132218
2020-06-08 00:00:00,0.6523866711132218
2020-06-09 00:00:00,0.6523866711132218
2020-06-10 00:00:00,0.6523866711132218
2020-06-11 00:00:00,0.6523866711132218
2020-06-12 00:00:00,0.6523866711132218
2020-06-15 00:00:00,0.6523866711132218
2020-06-16 00:00:00,0.6523866711132218
2020-06-17 00:00:00,0.6523866711132218
2020-06-18 00:00:00,0.6523866711132218
2020-06-19 00:00:00,0.6523866711132218
2020-06-22 00:00:00,0.6523866711132218
2020-06-23 00:00:00,0.6523866711132218
2020-06-24 00:00:00,0.6523866711132218
2020-06-25 00:00:00,0.6523866711132218
2020-06-26 00:00:00,0.6523866711132218
2020-06-29 00:00:00,0.6523866711132218
2020-06-30 00:00:00,0.6523866711132218
2020-07-01 00:00:00,0.6523866711132218
2020-07-02 00:00:00,0.6523866711132218
2020-07-06 00:00:00,0.6523866711132218
2020-07-07 00:00:00,0.6523866711132218
2020-07-08 00:00:00,0.6523866711132218
2020-07-09 00:00:00,0.6523866711132218
2020-07-10 00:00:00,0.6523866711132218
2020-07-13 00:00:00,0.6523866711132218
2020-07-14 00:00:00,0.6523866711132218
2020-07-15 00:00:00,0.6523866711132218
2020-07-16 00:00:00,0.6523866711132218
2020-07-17 00:00:00,0.6523866711132218
2020-07-20 00:00:00,0.6523866711132218
2020-07-21 00:00:00,0.6523866711132218
2020-07-22 00:00:00,0.6523866711132218
2020-07-23 00:00:00,0.6523866711132218
2020-07-24 00:00:00,0.6523866711132218
2020-07-27 00:00:00,0.6523866711132218
2020-07-28 00:00:00,0.6523866711132218
2020-07-29 00:00:00,0.6523866711132218
2020-07-30 00:00:00,0.6523866711132218
2020-07-31 00:00:00,0.6523866711132218
2020-08-03 00:00:00,0.6523866711132218
2020-08-04 00:00:00,0.6523866711132218
2020-08-05 00:00:00,0.6523866711132218
2020-08-06 00:00:00,0.6523866711132218
2020-08-07 00:00:00,0.6523866711132218
2020-08-10 00:00:00,0.6523866711132218
2020-08-11 00:00:00,0.6523866711132218
2020-08-12 00:00:00,0.6523866711132218
2020-08-13 00:00:00,0.6523866711132218
2020-08-14 00:00:00,0.6601196708480214
2020-08-17 00:00:00,0.659430860738707
2020-08-18 00:00:00,0.6553279996574654
2020-08-19 00:00:00,0.6593112143882148
2020-08-20 00:00:00,0.6562748344050289
2020-08-21 00:00:00,0.659430860738707
2020-08-24 00:00:00,0.6614715132612442
2020-08-25 00:00:00,0.6618630769273978
2020-08-26 00:00:00,0.662345638295857
2020-08-27 00:00:00,0.6572541276239016
2020-08-28 00:00:00,0.6646170568085313
2020-08-31 00:00:00,0.664313301298107
2020-09-01 00:00:00,0.6682531852513713
2020-09-02 00:00:00,0.665773865536945
2020-09-03 00:00:00,0.6709677806583844
2020-09-04 00:00:00,0.6730805757074593
2020-09-08 00:00:00,0.6688374301676138
2020-09-09 00:00:00,0.6754263490893394
2020-09-10 00:00:00,0.6828834875453409
2020-09-11 00:00:00,0.6815386614339842
2020-09-14 00:00:00,0.6881207703641803
2020-09-15 00:00:00,0.6903431504346986
2020-09-16 00:00:00,0.6905071274300514
2020-09-17 00:00:00,0.6923819860145087
2020-09-18 00:00:00,0.6938362228460824
2020-09-21 00:00:00,0.6755519163600382
2020-09-22 00:00:00,0.6733924036322716
2020-09-23 00:00:00,0.6572244091337756
2020-09-24 00:00:00,0.6523866711132218
2020-09-25 00:00:00,0.647417711122114
2020-09-28 00:00:00,0.6458068615276394
2020-09-29 00:00:00,0.6469854461142429
2020-09-30 00:00:00,0.6579681785524685
2020-10-01 00:00:00,0.6614113138151885
2020-10-02 00:00:00,0.6692069536096953
2020-10-05 00:00:00,0.6782597856474109
2020-10-06 00:00:00,0.6753949645649636
2020-10-07 00:00:00,0.6750185776437366
2020-10-08 00:00:00,0.6787063425664261
2020-10-09 00:00:00,0.6871448509621605
2020-10-13 00:00:00,0.6794677932125366
2020-10-14 00:00:00,0.6809320262532831
2020-10-15 00:00:00,0.6794042737404218
2020-10-16 00:00:00,0.6864633528101721
2020-10-19 00:00:00,0.6876682499516287
2020-10-20 00:00:00,0.6900154299740128
2020-10-21 00:00:00,0.6892105602952442
2020-10-22 00:00:00,0.6912953025969077
2020-10-23 00:00:00,0.6955927198090831
2020-10-26 00:00:00,0.6935382685562832
2020-10-27 00:00:00,0.6965627561413994
2020-10-28 00:00:00,0.6871773370084426
2020-10-29 00:00:00,0.6802627899285152
2020-10-30 00:00:00,0.6831723553488711
2020-11-02 00:00:00,0.6774094716131137
2020-11-03 00:00:00,0.6870474112498858
2020-11-04 00:00:00,0.694267053515599
2020-11-05 00:00:00,0.6976660762408844
2020-11-06 00:00:00,0.704564955521211
2020-11-09 00:00:00,0.7125085800197345
2020-11-10 00:00:00,0.711357854079312
2020-11-12 00:00:00,0.7084454370718225
2020-11-13 00:00:00,0.7107665052519601
2020-11-16 00:00:00,0.7159479377599538
2020-11-17 00:00:00,0.715806905958957
2020-11-18 00:00:00,0.7179282343377745
2020-11-19 00:00:00,0.7201692034089373
2020-11-20 00:00:00,0.7237551676742808
2020-11-23 00:00:00,0.7228193859666111
2020-11-24 00:00:00,0.7261272418440878
2020-11-25 00:00:00,0.7261272418440878
2020-11-30 00:00:00,0.7261272418440878
2020-12-01 00:00:00,0.7261272418440878
2020-12-02 00:00:00,0.7261272418440878
2020-12-03 00:00:00,0.7261272418440878
2020-12-04 00:00:00,0.7261272418440878
2020-12-07 00:00:00,0.7261272418440878
2020-12-08 00:00:00,0.7261272418440878
2020-12-09 00:00:00,0.7261272418440878
2020-12-10 00:00:00,0.7261272418440878
2020-12-11 00:00:00,0.7261272418440878
2020-12-14 00:00:00,0.7261272418440878
2020-12-15 00:00:00,0.7261272418440878
2020-12-16 00:00:00,0.7261272418440878
2020-12-17 00:00:00,0.7261272418440878
2020-12-18 00:00:00,0.7261272418440878
2020-12-21 00:00:00,0.7261272418440878
2020-12-22 00:00:00,0.7261272418440878
2020-12-23 00:00:00,0.7261272418440878
2020-12-28 00:00:00,0.7261272418440878
2020-12-29 00:00:00,0.7261272418440878
2020-12-30 00:00:00,0.7261272418440878
2020-12-31 00:00:00,0.7261272418440878
2021-01-04 00:00:00,0.7261272418440878
2021-01-05 00:00:00,0.7261272418440878
2021-01-06 00:00:00,0.7261272418440878
2021-01-07 00:00:00,0.7261272418440878
2021-01-08 00:00:00,0.7261272418440878
2021-01-11 00:00:00,0.7261272418440878
2021-01-12 00:00:00,0.7261272418440878
2021-01-13 00:00:00,0.7261272418440878
2021-01-14 00:00:00,0.7261272418440878
2021-01-15 00:00:00,0.7261272418440878
2021-01-19 00:00:00,0.7261272418440878
2021-01-21 00:00:00,0.7261272418440878
2021-01-22 00:00:00,0.7261272418440878
2021-01-25 00:00:00,0.7261272418440878
2021-01-26 00:00:00,0.7261272418440878
2021-01-27 00:00:00,0.7261272418440878
2021-01-28 00:00:00,0.7261272418440878
2021-01-29 00:00:00,0.7261272418440878
2021-02-01 00:00:00,0.7261272418440878
2021-02-02 00:00:00,0.7261272418440878
2021-02-03 00:00:00,0.7261272418440878
2021-02-04 00:00:00,0.7261272418440878
2021-02-05 00:00:00,0.7261272418440878
2021-02-08 00:00:00,0.7261272418440878
2021-02-09 00:00:00,0.7261272418440878
2021-02-10 00:00:00,0.7261272418440878
2021-02-11 00:00:00,0.7261272418440878
2021-02-12 00:00:00,0.7261272418440878
2021-02-16 00:00:00,0.7261272418440878
2021-02-17 00:00:00,0.7261272418440878
2021-02-18 00:00:00,0.7261272418440878
2021-02-19 00:00:00,0.7261272418440878
2021-02-22 00:00:00,0.7261272418440878
2021-02-23 00:00:00,0.7261272418440878
2021-02-24 00:00:00,0.7261272418440878
2021-02-25 00:00:00,0.7261272418440878
2021-02-26 00:00:00,0.7261272418440878
2021-03-01 00:00:00,0.7261272418440878
2021-03-02 00:00:00,0.7261272418440878
2021-03-03 00:00:00,0.7261272418440878
2021-03-04 00:00:00,0.7261272418440878
2021-03-05 00:00:00,0.7261272418440878
2021-03-08 00:00:00,0.7261272418440878
2021-03-09 00:00:00,0.7261272418440878
2021-03-10 00:00:00,0.715410226837895
2021-03-11 00:00:00,0.7063257894802035
2021-03-12 00:00:00,0.7079058437560235
2021-03-15 00:00:00,0.7078964043264123
2021-03-16 00:00:00,0.7015225169038917
2021-03-17 00:00:00,0.7052929442912887
2021-03-18 00:00:00,0.6967758220891045
2021-03-19 00:00:00,0.6988378590503685
2021-03-22 00:00:00,0.7021211336259479
2021-03-23 00:00:00,0.7035695407397758
2021-03-24 00:00:00,0.7094295979229825
2021-03-25 00:00:00,0.709030667877389
2021-03-26 00:00:00,0.7014075512099411
2021-03-29 00:00:00,0.7018032087844455
2021-03-30 00:00:00,0.7021983567052814
2021-03-31 00:00:00,0.6964371837294924
2021-04-01 00:00:00,0.692488955481151
2021-04-02 00:00:00,0.6912958363091604
2021-04-05 00:00:00,0.6888880801909663
2021-04-06 00:00:00,0.685022311994376
2021-04-07 00:00:00,0.686461725447785
2021-04-08 00:00:00,0.6829932903734184
2021-04-09 00:00:00,0.6856953692243339
2021-04-12 00:00:00,0.6833302928277804
2021-04-13 00:00:00,0.6814120299006307
2021-04-14 00:00:00,0.6816005704115177
2021-04-15 00:00:00,0.6761496791366449
2021-04-16 00:00:00,0.6758744267773513
2021-04-19 00:00:00,0.671880528893605
2021-04-20 00:00:00,0.6742305541008456
2021-04-21 00:00:00,0.6746576047781475
2021-04-22 00:00:00,0.6742252608669963
2021-04-23 00:00:00,0.6733227967968924
2021-04-26 00:00:00,0.6729283973554256
2021-04-27 00:00:00,0.6779885906783637
2021-04-28 00:00:00,0.676706774514437
2021-04-29 00:00:00,0.6830932880262368
2021-04-30 00:00:00,0.6853351119287816
2021-05-03 00:00:00,0.6864679023036276
2021-05-04 00:00:00,0.688538774874928
2021-05-05 00:00:00,0.6869892348552207
2021-05-06 00:00:00,0.6854716340426504
2021-05-07 00:00:00,0.6748199676376521
2021-05-10 00:00:00,0.673568128387585
2021-05-11 00:00:00,0.6729395043369516
2021-05-12 00:00:00,0.6829848216893344
2021-05-13 00:00:00,0.680263528177957
2021-05-14 00:00:00,0.6730100393565286
2021-05-17 00:00:00,0.6706130311340327
2021-05-18 00:00:00,0.6716722027054006
2021-05-19 00:00:00,0.6705295682326713
2021-05-20 00:00:00,0.6735078568596307
2021-05-21 00:00:00,0.6759197024028202
2021-05-24 00:00:00,0.672877040976368
2021-05-25 00:00:00,0.6738121849585805
2021-05-26 00:00:00,0.6740045382778631
2021-05-27 00:00:00,0.6769157055150686
2021-05-28 00:00:00,0.6753226241687846
2021-06-01 00:00:00,0.6739963333690797
2021-06-02 00:00:00,0.673876612876456
2021-06-03 00:00:00,0.680408446202304
2021-06-04 00:00:00,0.6750390960523097
2021-06-07 00:00:00,0.6692405232699321
2021-06-08 00:00:00,0.6688830382772625
2021-06-09 00:00:00,0.6654307483382758
2021-06-10 00:00:00,0.6649506319777291
2021-06-11 00:00:00,0.6761498793721032
2021-06-14 00:00:00,0.6743219467932506
2021-06-15 00:00:00,0.68404143695768
2021-06-16 00:00:00,0.6792268708891991
2021-06-17 00:00:00,0.6951380961695405
2021-06-18 00:00:00,0.7025025449359573
2021-06-21 00:00:00,0.6997779325658011
2021-06-22 00:00:00,0.6992264589894284
2021-06-23 00:00:00,0.6872286274971129
2021-06-24 00:00:00,0.6789764821851149
2021-06-25 00:00:00,0.6691688380772279
2021-06-28 00:00:00,0.6686145515097216
2021-06-29 00:00:00,0.6694398267926313
2021-06-30 00:00:00,0.6734707296591587
2021-07-01 00:00:00,0.6765715941096107
2021-07-02 00:00:00,0.6709644888524142
2021-07-06 00:00:00,0.6763721930614209
2021-07-07 00:00:00,0.6764463997575686
2021-07-08 00:00:00,0.6755536461117657
2021-07-09 00:00:00,0.6722452325123721
2021-07-12 00:00:00,0.6707558315990108
2021-07-13 00:00:00,0.6764340040217907
2021-07-14 00:00:00,0.6725493878391251
2021-07-15 00:00:00,0.6739094867719544
2021-07-16 00:00:00,0.6703536397364391
2021-07-19 00:00:00,0.6766145448694707
2021-07-20 00:00:00,0.6822041577810943
2021-07-21 00:00:00,0.6823905321114866
2021-07-22 00:00:00,0.6838811837308483
2021-07-23 00:00:00,0.677603586084256
2021-07-26 00:00:00,0.676791595085011
2021-07-27 00:00:00,0.6753981979108733
2021-07-28 00:00:00,0.6740388763432095
2021-07-29 00:00:00,0.6708008659315711
2021-07-30 00:00:00,0.6702499816972085
2021-08-02 00:00:00,0.6705999654084297
2021-08-03 00:00:00,0.6721211569780752
2021-08-04 00:00:00,0.6749156193313992
2021-08-05 00:00:00,0.6731746654310223
2021-08-06 00:00:00,0.6767243005443756
2021-08-09 00:00:00,0.6785654726577158
2021-08-10 00:00:00,0.6792513749404985
2021-08-11 00:00:00,0.6742034050367389
2021-08-12 00:00:00,0.6716340152086882
2021-08-13 00:00:00,0.670459222119792
2021-08-16 00:00:00,0.6713163969111272
2021-08-17 00:00:00,0.675081595756272
2021-08-18 00:00:00,0.6761207099680839
2021-08-19 00:00:00,0.6799145729102355
2021-08-20 00:00:00,0.6916724894057087
2021-08-23 00:00:00,0.6893669487865831
2021-08-24 00:00:00,0.6876090923266539
2021-08-25 00:00:00,0.6856180124022032
2021-08-26 00:00:00,0.6889811052875052
2021-08-27 00:00:00,0.6831215751698885
2021-08-30 00:00:00,0.6802326108864982
2021-08-31 00:00:00,0.6781660052852553
2021-09-01 00:00:00,0.6738873921426985
2021-09-02 00:00:00,0.6739618312321584
2021-09-03 00:00:00,0.6708882758965445
2021-09-07 00:00:00,0.6729868343814497
2021-09-08 00:00:00,0.6726733582206577
2021-09-09 00:00:00,0.6723596911704554
2021-09-10 00:00:00,0.669744572953007
2021-09-13 00:00:00,0.6698592910336624
2021-09-14 00:00:00,0.6709889261111986
2021-09-15 00:00:00,0.670947194660518
2021-09-16 00:00:00,0.6724229695165734
2021-09-17 00:00:00,0.6742060227917327
2021-09-20 00:00:00,0.6809417410257477
2021-09-21 00:00:00,0.6792254040336704
2021-09-22 00:00:00,0.6751962426836857
2021-09-23 00:00:00,0.675616713061206
2021-09-24 00:00:00,0.6782219289495213
2021-09-27 00:00:00,0.6781610821094946
2021-09-28 00:00:00,0.6870933165690135
2021-09-29 00:00:00,0.692979926740489
2021-09-30 00:00:00,0.6955393427523374
2021-10-01 00:00:00,0.6928964638391276
2021-10-04 00:00:00,0.694432223342889
2021-10-05 00:00:00,0.6954141484002954
2021-10-06 00:00:00,0.6984267271409921
2021-10-07 00:00:00,0.6964607724300839
2021-10-08 00:00:00,0.7019470987226463
2021-10-12 00:00:00,0.7026935533602744
2021-10-13 00:00:00,0.698332220119928
2021-10-14 00:00:00,0.6962574453198093
2021-10-15 00:00:00,0.6910843967510966
2021-10-18 00:00:00,0.6859902382320764
2021-10-19 00:00:00,0.6841115305313622
2021-10-20 00:00:00,0.6803690692977789
2021-10-21 00:00:00,0.684103220113779
2021-10-22 00:00:00,0.6819138145794397
2021-10-25 00:00:00,0.681834296509173
2021-10-26 00:00:00,0.6820947533586339
2021-10-27 00:00:00,0.6820907786323235
2021-10-28 00:00:00,0.6862542979944062
2021-10-29 00:00:00,0.6943028956309711
2021-11-01 00:00:00,0.7050679499000964
2021-11-02 00:00:00,0.7014228263873914
2021-11-03 00:00:00,0.7041314010878396
2021-11-04 00:00:00,0.696975971532226
2021-11-05 00:00:00,0.6894607225196319
2021-11-08 00:00:00,0.6861115086734794
2021-11-09 00:00:00,0.6839737849550305
2021-11-10 00:00:00,0.6909232196507903
2021-11-12 00:00:00,0.6927559375485445
2021-11-15 00:00:00,0.6966530305783294
2021-11-16 00:00:00,0.7036551773111724
2021-11-17 00:00:00,0.6988842828460874
2021-11-18 00:00:00,0.7001382968848071
2021-11-19 00:00:00,0.702674599947438
2021-11-22 00:00:00,0.7087549475352318
2021-11-23 00:00:00,0.7179660012877364
2021-11-24 00:00:00,0.7232909444999481
2021-11-26 00:00:00,0.7383026623173977
2021-11-29 00:00:00,0.7342626854100366
2021-11-30 00:00:00,0.725048888553278
2021-12-01 00:00:00,0.7200088000401692
2021-12-02 00:00:00,0.7201030722246234
2021-12-03 00:00:00,0.7244538318888643
2021-12-06 00:00:00,0.7170499611062037
2021-12-07 00:00:00,0.7109604401024061
2021-12-08 00:00:00,0.7078393728843783
2021-12-09 00:00:00,0.7096553306191272
2021-12-10 00:00:00,0.704721472785441
2021-12-13 00:00:00,0.7075384397389854
2021-12-14 00:00:00,0.7159760694189844
2021-12-15 00:00:00,0.7170319281901968
2021-12-16 00:00:00,0.7045191157556018
2021-12-17 00:00:00,0.6994473618020279
2021-12-20 00:00:00,0.6996569613467524
2021-12-21 00:00:00,0.7020479300434932
2021-12-22 00:00:00,0.6999681045298372
2021-12-23 00:00:00,0.696287379036574
2021-12-27 00:00:00,0.6972580394569424
2021-12-28 00:00:00,0.6937702249362748
2021-12-29 00:00:00,0.693801370400938
2021-12-30 00:00:00,0.691237173662306
2022-01-03 00:00:00,0.6932439542343591
2022-01-04 00:00:00,0.690676562782101
2022-01-05 00:00:00,0.6883508521906532
2022-01-06 00:00:00,0.6881612913316522
2022-01-07 00:00:00,0.6867122887073555
2022-01-10 00:00:00,0.6888163973074984
2022-01-11 00:00:00,0.6849927889576247
2022-01-12 00:00:00,0.6854723814515902
2022-01-13 00:00:00,0.6851700776471426
2022-01-14 00:00:00,0.6834863511912347
2022-01-18 00:00:00,0.6857562962533246
2022-01-19 00:00:00,0.6891189881468587
2022-01-20 00:00:00,0.6873418726083872
2022-01-21 00:00:00,0.6889618414687977
2022-01-24 00:00:00,0.6958925341341621
2022-01-25 00:00:00,0.6965012480356736
2022-01-26 00:00:00,0.6954110185722794
2022-01-27 00:00:00,0.6994024690726227
2022-01-28 00:00:00,0.702001728151001
2022-01-31 00:00:00,0.6948873472171015
2022-02-01 00:00:00,0.6923728424626813
2022-02-02 00:00:00,0.6930892226466028
2022-02-03 00:00:00,0.6917417121972752
2022-02-04 00:00:00,0.6976447472356695
2022-02-07 00:00:00,0.6949323153715876
2022-02-08 00:00:00,0.6946007122656793
2022-02-09 00:00:00,0.6895965477584681
2022-02-10 00:00:00,0.6870858001066467
2022-02-11 00:00:00,0.6860445086294803
2022-02-14 00:00:00,0.6858544692059343
2022-02-15 00:00:00,0.6843636815346908
2022-02-16 00:00:00,0.6824186342525098
2022-02-17 00:00:00,0.681365390433978
2022-02-18 00:00:00,0.6818484827732324
2022-02-22 00:00:00,0.6811693710281311
2022-02-23 00:00:00,0.6797366998942508
2022-02-24 00:00:00,0.6943953162933784
2022-02-25 00:00:00,0.6860024060210833
2022-02-28 00:00:00,0.6855159685947216
2022-03-01 00:00:00,0.6919446129270438
2022-03-02 00:00:00,0.6933580163817306
2022-03-03 00:00:00,0.6967497067902613
2022-03-04 00:00:00,0.7046098552643376
2022-03-07 00:00:00,0.7149838597618821
2022-03-08 00:00:00,0.7203777573462119
2022-03-09 00:00:00,0.7050476965966446
2022-03-10 00:00:00,0.7057787365889577
2022-03-11 00:00:00,0.705385946455999
2022-03-14 00:00:00,0.7033014517865209
2022-03-15 00:00:00,0.7025173014652633
2022-03-16 00:00:00,0.69687744096301
2022-03-17 00:00:00,0.6904218707176666
2022-03-18 00:00:00,0.6849688070952844
2022-03-21 00:00:00,0.6805265414065361
2022-03-22 00:00:00,0.6796962923428447
2022-03-23 00:00:00,0.6760669425805134
2022-03-24 00:00:00,0.6741233830173079
2022-03-25 00:00:00,0.6671560977598743
2022-03-28 00:00:00,0.6748017845256709
2022-03-29 00:00:00,0.669857806607301
2022-03-30 00:00:00,0.6628544720792018
2022-03-31 00:00:00,0.6658616762302878
2022-04-01 00:00:00,0.6629279481193594
2022-04-04 00:00:00,0.6592605336793473
2022-04-05 00:00:00,0.666553272000293
2022-04-06 00:00:00,0.6708772681804663
2022-04-07 00:00:00,0.6752282856942163
2022-04-08 00:00:00,0.672021188640959
2022-04-11 00:00:00,0.669405128314528
2022-04-12 00:00:00,0.6627927036274717
2022-04-13 00:00:00,0.6612187310085343
2022-04-14 00:00:00,0.6685081331241796
2022-04-15 00:00:00,0.6670344912172848
2022-04-18 00:00:00,0.6661427189551546
2022-04-19 00:00:00,0.6706937220301687
2022-04-20 00:00:00,0.6686887087289535
2022-04-21 00:00:00,0.6750008237149094
2022-04-22 00:00:00,0.6804989875211979
2022-04-25 00:00:00,0.6783563009088385
2022-04-26 00:00:00,0.6849527346847367
2022-04-27 00:00:00,0.6854282037425571
2022-04-28 00:00:00,0.6895352341522313
2022-04-29 00:00:00,0.6820447110475156
2022-05-02 00:00:00,0.6846748879845208
2022-05-03 00:00:00,0.68147680479154
2022-05-04 00:00:00,0.676933883437571
2022-05-05 00:00:00,0.6793369052581272
2022-05-06 00:00:00,0.6724863746890718
2022-05-09 00:00:00,0.6796656210555709
2022-05-10 00:00:00,0.6833876646100062
2022-05-11 00:00:00,0.6777802745176756
2022-05-12 00:00:00,0.6796901991483496
2022-05-13 00:00:00,0.6728878755666959
2022-05-16 00:00:00,0.6701695152828245
2022-05-17 00:00:00,0.6668910637484934
2022-05-18 00:00:00,0.6676224468726493
2022-05-19 00:00:00,0.6649457935062384
2022-05-20 00:00:00,0.6624859097568749
2022-05-23 00:00:00,0.6610724142325042
2022-05-24 00:00:00,0.6630279301851582
2022-05-25 00:00:00,0.661342152993493
2022-05-26 00:00:00,0.6598856884361859
2022-05-27 00:00:00,0.6508437048161146
2022-05-31 00:00:00,0.6550092160822304
2022-06-01 00:00:00,0.6577474601988506
2022-06-02 00:00:00,0.6499120082988336
2022-06-03 00:00:00,0.6517227712991742
2022-06-06 00:00:00,0.6513996996168699
2022-06-07 00:00:00,0.6516393083978128
2022-06-08 00:00:00,0.6503501136618448
2022-06-09 00:00:00,0.6519975458073601
2022-06-10 00:00:00,0.6638918934687941
2022-06-13 00:00:00,0.6827243699949759
2022-06-14 00:00:00,0.6921948766178257
2022-06-15 00:00:00,0.6917917167395263
2022-06-16 00:00:00,0.6873853952334588
2022-06-17 00:00:00,0.6832237847484615
2022-06-21 00:00:00,0.674426975198944
2022-06-22 00:00:00,0.6687423275519216
2022-06-23 00:00:00,0.6673539195664593
2022-06-24 00:00:00,0.6632047927917079
2022-06-27 00:00:00,0.6621098382701829
2022-06-28 00:00:00,0.6661093338599227
2022-06-29 00:00:00,0.6729635158209811
2022-06-30 00:00:00,0.6712093746165129
2022-07-01 00:00:00,0.678720293331666
2022-07-05 00:00:00,0.6872920119166145
2022-07-06 00:00:00,0.6924405960700131
2022-07-07 00:00:00,0.6889587876796051
2022-07-08 00:00:00,0.6832356633664911
2022-07-11 00:00:00,0.693790328648099
2022-07-12 00:00:00,0.694250895786582
2022-07-13 00:00:00,0.6933476655597115
2022-07-14 00:00:00,0.6980551244042261
2022-07-15 00:00:00,0.6879436742587794
2022-07-18 00:00:00,0.6809485326378397
2022-07-19 00:00:00,0.683681462273829
2022-07-20 00:00:00,0.6838239852726284
2022-07-21 00:00:00,0.6908624755952343
2022-07-22 00:00:00,0.6849543477618366
2022-07-25 00:00:00,0.6835145364711063
2022-07-26 00:00:00,0.6837675689380815
2022-07-27 00:00:00,0.6850127255523415
2022-07-28 00:00:00,0.6803918260474454
2022-07-29 00:00:00,0.6796062961570917
2022-08-01 00:00:00,0.675372143387128
2022-08-02 00:00:00,0.6853226686469328
2022-08-03 00:00:00,0.6864887412815562
2022-08-04 00:00:00,0.6781342013120258
2022-08-05 00:00:00,0.6805499046472194
2022-08-08 00:00:00,0.6766735905614916
2022-08-09 00:00:00,0.6762492650638614
2022-08-10 00:00:00,0.6641222326834161
2022-08-11 00:00:00,0.6624504399713277
2022-08-12 00:00:00,0.6603418913680529
2022-08-15 00:00:00,0.6591645858834922
2022-08-16 00:00:00,0.6621696431586123
2022-08-17 00:00:00,0.667882221283458
2022-08-18 00:00:00,0.66852986137495
2022-08-19 00:00:00,0.6723334668806158
2022-08-22 00:00:00,0.6714194521457953
2022-08-23 00:00:00,0.6657938693284456
2022-08-24 00:00:00,0.661062322547691
2022-08-25 00:00:00,0.6628878233167216
2022-08-26 00:00:00,0.6616412005685379
2022-08-29 00:00:00,0.6655498868010704
2022-08-30 00:00:00,0.6685784603165387
2022-08-31 00:00:00,0.6681925405101145
2022-09-01 00:00:00,0.6732437110880162
2022-09-02 00:00:00,0.6619771519892523
2022-09-06 00:00:00,0.6689463262454813
2022-09-07 00:00:00,0.6657231196147896
2022-09-08 00:00:00,0.6641000650270643
2022-09-09 00:00:00,0.6602521670771744
2022-09-12 00:00:00,0.6567999209587227
2022-09-13 00:00:00,0.6670927204883685
2022-09-14 00:00:00,0.6626944203464925
2022-09-15 00:00:00,0.6670475922698441
2022-09-16 00:00:00,0.6650844346668738
2022-09-19 00:00:00,0.6643872298200271
2022-09-20 00:00:00,0.6641524999584049
2022-09-21 00:00:00,0.6641107685077242
2022-09-22 00:00:00,0.6628702891629952
2022-09-23 00:00:00,0.6709529028269134
2022-09-26 00:00:00,0.6783091198948433
2022-09-27 00:00:00,0.6761416158714324
2022-09-28 00:00:00,0.6756882737545805
2022-09-29 00:00:00,0.6697987924480016
2022-09-30 00:00:00,0.6684241287035455
2022-10-03 00:00:00,0.6652412886121147
2022-10-04 00:00:00,0.6627687437343132
2022-10-05 00:00:00,0.6679936125577334
2022-10-06 00:00:00,0.6681045723675988
2022-10-07 00:00:00,0.6649589565280054
2022-10-11 00:00:00,0.6617105519785078
2022-10-12 00:00:00,0.664683072982864
2022-10-13 00:00:00,0.6633689513627948
2022-10-14 00:00:00,0.6662512941185886
2022-10-17 00:00:00,0.6627444166400236
2022-10-18 00:00:00,0.665093121056625
2022-10-19 00:00:00,0.668342772432095
2022-10-20 00:00:00,0.6646635775239444
2022-10-21 00:00:00,0.6594710457233269
2022-10-24 00:00:00,0.6612573703912773
2022-10-25 00:00:00,0.6581771098170478
2022-10-26 00:00:00,0.6580962679526404
2022-10-27 00:00:00,0.6569578440679362
2022-10-28 00:00:00,0.6563666046497839
2022-10-31 00:00:00,0.657266412243731
2022-11-01 00:00:00,0.6527716090247464
2022-11-02 00:00:00,0.6499456669163405
2022-11-03 00:00:00,0.6503028927888053
2022-11-04 00:00:00,0.6445172237299396
2022-11-07 00:00:00,0.641836714944164
2022-11-08 00:00:00,0.6416727682821842
2022-11-09 00:00:00,0.6459668823250834
2022-11-10 00:00:00,0.6377407187223155
2022-11-14 00:00:00,0.6386030646252409
2022-11-15 00:00:00,0.638109551059619
2022-11-16 00:00:00,0.6353049427613058
2022-11-17 00:00:00,0.6404432999409149
2022-11-18 00:00:00,0.6423166697644472
2022-11-21 00:00:00,0.6445043169160882
2022-11-22 00:00:00,0.6407671503394423
2022-11-23 00:00:00,0.6375302713019901
2022-11-25 00:00:00,0.6358400017277
2022-11-28 00:00:00,0.6347644653429028
2022-11-29 00:00:00,0.6310623458180644
2022-11-30 00:00:00,0.6370753429267096
2022-12-01 00:00:00,0.6280431873876808
2022-12-02 00:00:00,0.6360028600383776
2022-12-05 00:00:00,0.6528430974774723
2022-12-06 00:00:00,0.6561472895890175
2022-12-07 00:00:00,0.650459962712784
2022-12-08 00:00:00,0.649263310405616
2022-12-09 00:00:00,0.6541361638687051
2022-12-12 00:00:00,0.6550385398798912
2022-12-13 00:00:00,0.6478597626744457
2022-12-14 00:00:00,0.6500922082080602
2022-12-15 00:00:00,0.6535357567028589
2022-12-16 00:00:00,0.6535334525646274
2022-12-19 00:00:00,0.6510793396351207
2022-12-20 00:00:00,0.6537652647546002
2022-12-21 00:00:00,0.6505592684131107
2022-12-22 00:00:00,0.6456020710246959
2022-12-23 00:00:00,0.6389913499653244
2022-12-27 00:00:00,0.6377210995721706
2022-12-28 00:00:00,0.6375973317498633
2022-12-29 00:00:00,0.6358701188198222
2022-12-30 00:00:00,0.6415138573009246
2023-01-03 00:00:00,0.6384145355498184
2023-01-04 00:00:00,0.6346310686100975
2023-01-05 00:00:00,0.6364440389088502
2023-01-06 00:00:00,0.6279665897242546
2023-01-09 00:00:00,0.628092804280687
2023-01-10 00:00:00,0.6250595768834636
2023-01-11 00:00:00,0.6211039175767951
2023-01-12 00:00:00,0.6211039175767951
2023-01-13 00:00:00,0.6211039175767951
2023-01-17 00:00:00,0.6211039175767951
2023-01-18 00:00:00,0.6211039175767951
2023-01-19 00:00:00,0.6211039175767951
2023-01-20 00:00:00,0.6211039175767951
2023-01-23 00:00:00,0.6211039175767951
2023-01-24 00:00:00,0.6211039175767951
2023-01-25 00:00:00,0.6211039175767951
2023-01-26 00:00:00,0.6211039175767951
2023-01-27 00:00:00,0.6211039175767951
2023-01-30 00:00:00,0.6211039175767951
2023-01-31 00:00:00,0.6211039175767951
2023-02-01 00:00:00,0.6211039175767951
2023-02-02 00:00:00,0.6211039175767951
2023-02-03 00:00:00,0.6211039175767951
2023-02-06 00:00:00,0.6211039175767951
2023-02-07 00:00:00,0.6211039175767951
2023-02-08 00:00:00,0.6211039175767951
2023-02-09 00:00:00,0.6211039175767951
2023-02-10 00:00:00,0.6211039175767951
2023-02-13 00:00:00,0.6211039175767951
2023-02-14 00:00:00,0.6211039175767951
2023-02-15 00:00:00,0.6211039175767951
2023-02-16 00:00:00,0.6211039175767951
2023-02-17 00:00:00,0.6211039175767951
2023-02-21 00:00:00,0.6211039175767951
2023-02-22 00:00:00,0.6211039175767951
2023-02-23 00:00:00,0.6211039175767951
2023-02-24 00:00:00,0.6211039175767951
2023-02-27 00:00:00,0.6211039175767951
2023-02-28 00:00:00,0.6211039175767951
2023-03-01 00:00:00,0.6211039175767951
2023-03-02 00:00:00,0.6211039175767951
2023-03-03 00:00:00,0.6211039175767951
2023-03-06 00:00:00,0.6211039175767951
2023-03-07 00:00:00,0.6211039175767951
2023-03-08 00:00:00,0.6211039175767951
2023-03-09 00:00:00,0.6211039175767951
2023-03-10 00:00:00,0.6211039175767951
2023-03-13 00:00:00,0.6211039175767951
2023-03-14 00:00:00,0.6211039175767951
2023-03-15 00:00:00,0.6211039175767951
2023-03-16 00:00:00,0.6211039175767951
2023-03-17 00:00:00,0.6211039175767951
2023-03-20 00:00:00,0.6211039175767951
2023-03-21 00:00:00,0.6211039175767951
2023-03-22 00:00:00,0.6211039175767951
2023-03-23 00:00:00,0.6211039175767951
2023-03-24 00:00:00,0.6211039175767951
2023-03-27 00:00:00,0.6211039175767951
2023-03-28 00:00:00,0.6211039175767951
2023-03-29 00:00:00,0.6211039175767951
2023-03-30 00:00:00,0.6211039175767951
2023-03-31 00:00:00,0.6211039175767951
2023-04-03 00:00:00,0.6211039175767951
2023-04-04 00:00:00,0.6211039175767951
2023-04-05 00:00:00,0.6211039175767951
2023-04-06 00:00:00,0.6211039175767951
2023-04-07 00:00:00,0.6211039175767951
2023-04-10 00:00:00,0.6211039175767951
2023-04-11 00:00:00,0.6211039175767951
2023-04-12 00:00:00,0.6211039175767951
2023-04-13 00:00:00,0.6211039175767951
2023-04-14 00:00:00,0.6211039175767951
2023-04-17 00:00:00,0.6211039175767951
2023-04-18 00:00:00,0.6211039175767951
2023-04-19 00:00:00,0.6211039175767951
2023-04-20 00:00:00,0.6211039175767951
2023-04-21 00:00:00,0.6211039175767951
2023-04-24 00:00:00,0.6211039175767951
2023-04-25 00:00:00,0.6211039175767951
2023-04-26 00:00:00,0.6211039175767951
2023-04-27 00:00:00,0.6211039175767951
2023-04-28 00:00:00,0.6211039175767951
2023-05-01 00:00:00,0.6211039175767951
2023-05-02 00:00:00,0.6211039175767951
2023-05-03 00:00:00,0.6211039175767951
2023-05-04 00:00:00,0.6211039175767951
2023-05-05 00:00:00,0.6211039175767951
2023-05-08 00:00:00,0.6211039175767951
2023-05-09 00:00:00,0.6211039175767951
2023-05-10 00:00:00,0.6211039175767951
2023-05-11 00:00:00,0.6211039175767951
2023-05-12 00:00:00,0.6211039175767951
2023-05-15 00:00:00,0.6211039175767951
2023-05-16 00:00:00,0.6211039175767951
2023-05-17 00:00:00,0.6211039175767951
2023-05-18 00:00:00,0.6211039175767951
2023-05-19 00:00:00,0.6211039175767951
2023-05-22 00:00:00,0.6211039175767951
2023-05-23 00:00:00,0.6211039175767951
2023-05-24 00:00:00,0.6211039175767951
2023-05-25 00:00:00,0.6211039175767951
2023-05-26 00:00:00,0.6211039175767951
2023-05-30 00:00:00,0.6211039175767951
2023-05-31 00:00:00,0.6211039175767951
2023-06-01 00:00:00,0.6211039175767951
2023-06-02 00:00:00,0.6211039175767951
2023-06-05 00:00:00,0.6211039175767951
2023-06-06 00:00:00,0.6211039175767951
2023-06-07 00:00:00,0.6211039175767951
2023-06-08 00:00:00,0.6211039175767951
2023-06-09 00:00:00,0.6211039175767951
2023-06-12 00:00:00,0.6211039175767951
2023-06-13 00:00:00,0.6211039175767951
2023-06-14 00:00:00,0.6211039175767951
2023-06-15 00:00:00,0.6211039175767951
2023-06-16 00:00:00,0.6211039175767951
2023-06-20 00:00:00,0.6211039175767951
2023-06-21 00:00:00,0.6211039175767951
2023-06-22 00:00:00,0.6211039175767951
2023-06-23 00:00:00,0.6211039175767951
2023-06-26 00:00:00,0.6211039175767951
2023-06-27 00:00:00,0.6211039175767951
2023-06-28 00:00:00,0.6211039175767951
2023-06-29 00:00:00,0.6211039175767951
2023-06-30 00:00:00,0.6211039175767951
2023-07-03 00:00:00,0.6211039175767951
2023-07-05 00:00:00,0.6211039175767951
2023-07-06 00:00:00,0.6211039175767951
2023-07-07 00:00:00,0.6211039175767951
2023-07-10 00:00:00,0.6211039175767951
2023-07-11 00:00:00,0.6211039175767951
2023-07-12 00:00:00,0.6211039175767951
2023-07-13 00:00:00,0.6211039175767951
2023-07-14 00:00:00,0.6211039175767951
2023-07-17 00:00:00,0.6211039175767951
2023-07-18 00:00:00,0.6211039175767951
2023-07-19 00:00:00,0.6211039175767951
2023-07-20 00:00:00,0.6211039175767951
2023-07-21 00:00:00,0.6211039175767951
2023-07-24 00:00:00,0.6211039175767951
2023-07-25 00:00:00,0.6211039175767951
2023-07-26 00:00:00,0.6211039175767951
2023-07-27 00:00:00,0.6211039175767951
2023-07-28 00:00:00,0.6211039175767951
2023-07-31 00:00:00,0.6211039175767951
2023-08-01 00:00:00,0.6211039175767951
2023-08-02 00:00:00,0.6211039175767951
2023-08-03 00:00:00,0.6211039175767951
2023-08-04 00:00:00,0.6211039175767951
2023-08-07 00:00:00,0.6211039175767951
2023-08-08 00:00:00,0.6211039175767951
2023-08-09 00:00:00,0.6211039175767951
2023-08-10 00:00:00,0.6211039175767951
2023-08-11 00:00:00,0.6211039175767951
2023-08-14 00:00:00,0.6211039175767951
2023-08-15 00:00:00,0.6211039175767951
2023-08-16 00:00:00,0.6211039175767951
2023-08-17 00:00:00,0.6211039175767951
2023-08-18 00:00:00,0.6211039175767951
2023-08-21 00:00:00,0.6211039175767951
2023-08-22 00:00:00,0.6211039175767951
2023-08-23 00:00:00,0.6211039175767951
2023-08-24 00:00:00,0.6211039175767951
2023-08-25 00:00:00,0.6211039175767951
2023-08-28 00:00:00,0.6211039175767951
2023-08-29 00:00:00,0.6211039175767951
2023-08-30 00:00:00,0.6211039175767951
2023-08-31 00:00:00,0.6211039175767951
2023-09-01 00:00:00,0.6211039175767951
2023-09-05 00:00:00,0.6211039175767951
2023-09-06 00:00:00,0.6211039175767951
2023-09-07 00:00:00,0.6211039175767951
2023-09-08 00:00:00,0.6211039175767951
2023-09-11 00:00:00,0.6211039175767951
2023-09-12 00:00:00,0.6211039175767951
2023-09-13 00:00:00,0.6211039175767951
2023-09-14 00:00:00,0.6211039175767951
2023-09-15 00:00:00,0.6211039175767951
2023-09-18 00:00:00,0.6211039175767951
2023-09-19 00:00:00,0.6211039175767951
2023-09-20 00:00:00,0.6211039175767951
2023-09-21 00:00:00,0.6211039175767951
2023-09-22 00:00:00,0.6211039175767951
2023-09-25 00:00:00,0.6211039175767951
2023-09-26 00:00:00,0.6211039175767951
2023-09-27 00:00:00,0.6211039175767951
2023-09-28 00:00:00,0.6211039175767951
2023-09-29 00:00:00,0.6211039175767951
2023-10-02 00:00:00,0.6211039175767951
2023-10-03 00:00:00,0.6211039175767951
2023-10-04 00:00:00,0.6211039175767951
2023-10-05 00:00:00,0.6211039175767951
2023-10-06 00:00:00,0.6156301424947936
2023-10-10 00:00:00,0.609322057575598
2023-10-11 00:00:00,0.6035686945033999
2023-10-12 00:00:00,0.6063869328555848
2023-10-13 00:00:00,0.6117563939315024
2023-10-16 00:00:00,0.6083475705193964
2023-10-17 00:00:00,0.606393472789128
2023-10-18 00:00:00,0.618442738642809
2023-10-19 00:00:00,0.6196617759672858
2023-10-20 00:00:00,0.6172075773458239
2023-10-23 00:00:00,0.6133108406130771
2023-10-24 00:00:00,0.6194117412267546
2023-10-25 00:00:00,0.6198930696876959
2023-10-26 00:00:00,0.6159964765427093
2023-10-27 00:00:00,0.6112981727208048
2023-10-30 00:00:00,0.6102620496519615
2023-10-31 00:00:00,0.6113455025856844
2023-11-01 00:00:00,0.6075520147349878
2023-11-02 00:00:00,0.5947140859033067
2023-11-03 00:00:00,0.586478974008212
2023-11-06 00:00:00,0.5921622680367292
2023-11-07 00:00:00,0.5900598873098383
2023-11-08 00:00:00,0.5904415598464517
2023-11-09 00:00:00,0.59055479468388
2023-11-13 00:00:00,0.5939920863238594
2023-11-14 00:00:00,0.5874091284107238
2023-11-15 00:00:00,0.5845278260060013
2023-11-16 00:00:00,0.5835925659038553
2023-11-17 00:00:00,0.5800414138917303
2023-11-20 00:00:00,0.5767668468574908
2023-11-21 00:00:00,0.5799584977103756
2023-11-22 00:00:00,0.5796076317631559
2023-11-24 00:00:00,0.5766403628737667
2023-11-27 00:00:00,0.5776311552470903
2023-11-28 00:00:00,0.5762778791212502
2023-11-29 00:00:00,0.5794956108044866
2023-11-30 00:00:00,0.5860681725668412
2023-12-01 00:00:00,0.5794626674651993
2023-12-04 00:00:00,0.5874182079750858
2023-12-05 00:00:00,0.5895888498340336
2023-12-06 00:00:00,0.5816924808020731
2023-12-07 00:00:00,0.5881168547106035
2023-12-08 00:00:00,0.5860461393998438
2023-12-11 00:00:00,0.5875922487197002
2023-12-12 00:00:00,0.5828716955653392
2023-12-13 00:00:00,0.5872058586809044
2023-12-14 00:00:00,0.5822637640732091
2023-12-15 00:00:00,0.5782511142585741
2023-12-18 00:00:00,0.579112303108096
2023-12-19 00:00:00,0.5739905190135216
2023-12-20 00:00:00,0.5741499377246294
2023-12-21 00:00:00,0.5731531762368521
2023-12-22 00:00:00,0.5703517281843461
2023-12-26 00:00:00,0.5697040127720118
2023-12-27 00:00:00,0.567539289659232
2023-12-28 00:00:00,0.5673126315045672
2023-12-29 00:00:00,0.5669106211582295
