date,combined_equity
2017-08-17,1.0
2017-08-18,1.0
2017-08-19,1.0
2017-08-20,1.0
2017-08-21,1.0
2017-08-22,1.0
2017-08-23,1.0
2017-08-24,1.0
2017-08-25,1.0
2017-08-26,1.0
2017-08-27,1.0
2017-08-28,1.0
2017-08-29,1.0
2017-08-30,1.0
2017-08-31,1.0
2017-09-01,1.0
2017-09-02,1.0
2017-09-03,1.0
2017-09-04,1.0
2017-09-05,1.0
2017-09-06,1.0
2017-09-07,1.0
2017-09-08,1.0
2017-09-09,1.0
2017-09-10,1.0
2017-09-11,1.0
2017-09-12,1.0
2017-09-13,1.0
2017-09-14,1.0
2017-09-15,1.0
2017-09-16,1.0
2017-09-17,1.0
2017-09-18,1.0
2017-09-19,1.0
2017-09-20,1.0
2017-09-21,1.0
2017-09-22,1.0
2017-09-23,1.0
2017-09-24,1.0
2017-09-25,1.0
2017-09-26,1.0
2017-09-27,1.0
2017-09-28,1.0
2017-09-29,1.0
2017-09-30,1.0
2017-10-01,1.0
2017-10-02,1.0
2017-10-03,1.0
2017-10-04,1.0
2017-10-05,1.0
2017-10-06,1.0
2017-10-07,1.0
2017-10-08,1.0
2017-10-09,1.0
2017-10-10,1.0
2017-10-11,1.0
2017-10-12,1.0
2017-10-13,1.0
2017-10-14,1.0
2017-10-15,1.0
2017-10-16,1.0
2017-10-17,1.0
2017-10-18,1.0
2017-10-19,1.0
2017-10-20,1.0
2017-10-21,1.0
2017-10-22,1.0
2017-10-23,1.0
2017-10-24,1.0
2017-10-25,1.0
2017-10-26,1.0
2017-10-27,1.0
2017-10-28,1.0
2017-10-29,1.0
2017-10-30,1.0
2017-10-31,1.0
2017-11-01,1.0
2017-11-02,1.0
2017-11-03,1.0
2017-11-04,1.0
2017-11-05,1.0
2017-11-06,1.0
2017-11-07,1.0
2017-11-08,1.0
2017-11-09,1.0
2017-11-10,1.0
2017-11-11,1.0
2017-11-12,1.0
2017-11-13,1.0
2017-11-14,1.0
2017-11-15,1.0100825449689472
2017-11-16,1.0212895277114722
2017-11-17,1.0182326875556038
2017-11-18,1.02573143582006
2017-11-19,1.0337532919819825
2017-11-20,1.0423438810759291
2017-11-21,1.0385025650430375
2017-11-22,1.0477050680329478
2017-11-23,1.0544548210573383
2017-11-24,1.083019714427382
2017-11-25,1.0900782966071914
2017-11-26,1.0981362574863067
2017-11-27,1.1113642400729158
2017-11-28,1.1132290255183093
2017-11-29,1.0911164409317797
2017-11-30,1.0961808542868492
2017-12-01,1.1254595324329024
2017-12-02,1.1274185219963466
2017-12-03,1.1334358763762973
2017-12-04,1.1434484091553343
2017-12-05,1.13964952242255
2017-12-06,1.1556031003575131
2017-12-07,1.208065547870202
2017-12-08,1.210216161590818
2017-12-09,1.1955898314133475
2017-12-10,1.1864430596350308
2017-12-11,1.2501914578726048
2017-12-12,1.2919601988157865
2017-12-13,1.3127651574836472
2017-12-14,1.3163989018957234
2017-12-15,1.3359064246223353
2017-12-16,1.367038925338163
2017-12-17,1.3729753428731473
2017-12-18,1.4044774994227605
2017-12-19,1.3824143084396903
2017-12-20,1.3648096692045764
2017-12-21,1.3438089038372687
2017-12-22,1.244621564303476
2017-12-23,1.2459534903451757
2017-12-24,1.2568229059246705
2017-12-25,1.2839241612941685
2017-12-26,1.3339131785813279
2017-12-27,1.3256473948436645
2017-12-28,1.2896186086895491
2017-12-29,1.3039200921673937
2017-12-30,1.2474449513222883
2017-12-31,1.2920953694260409
2018-01-01,1.2947804006341612
2018-01-02,1.3593496411629737
2018-01-03,1.3962675728903071
2018-01-04,1.4012340625511404
2018-01-05,1.4431269111538763
2018-01-06,1.4636044932992132
2018-01-07,1.496384511480045
2018-01-08,1.4782991385785627
2018-01-09,1.5345804846094886
2018-01-10,1.5254367753878606
2018-01-11,1.4509926784945488
2018-01-12,1.5074547825322404
2018-01-13,1.5713014897492559
2018-01-14,1.5412290940260815
2018-01-15,1.5109671253938566
2018-01-16,1.3518281006641844
2018-01-17,1.353412231507348
2018-01-18,1.350453154873081
2018-01-19,1.3755229370390718
2018-01-20,1.4488767785662386
2018-01-21,1.3833261406445891
2018-01-22,1.3464372067102768
2018-01-23,1.3417607640037033
2018-01-24,1.385075669388907
2018-01-25,1.3828710003745808
2018-01-26,1.3799153358745726
2018-01-27,1.4108933339628669
2018-01-28,1.4656908153874593
2018-01-29,1.4389988199489683
2018-01-30,1.4080860946171265
2018-01-31,1.4240130323887348
2018-02-01,1.396993863191725
2018-02-02,1.3499312327945543
2018-02-03,1.367832924990366
2018-02-04,1.3138084649466921
2018-02-05,1.2703649446103604
2018-02-06,1.2991265234376719
2018-02-07,1.289050289259647
2018-02-08,1.2992224063267162
2018-02-09,1.332494159449202
2018-02-10,1.3228308211642368
2018-02-11,1.3086105217110546
2018-02-12,1.3267234218826527
2018-02-13,1.3188297519402232
2018-02-14,1.344664627368363
2018-02-15,1.3431658499275148
2018-02-16,1.3479117302508845
2018-02-17,1.3548545894698536
2018-02-18,1.3349464341953696
2018-02-19,1.3408998415411855
2018-02-20,1.317783972503178
2018-02-21,1.3035239274978667
2018-02-22,1.2935801483414828
2018-02-23,1.312112093291721
2018-02-24,1.3077915809770437
2018-02-25,1.3080806695831586
2018-02-26,1.3000084601778927
2018-02-27,1.2980895158320294
2018-02-28,1.301660622471921
2018-03-01,1.2956331424737721
2018-03-02,1.2964766126229854
2018-03-03,1.2936014274423426
2018-03-04,1.2920286079537289
2018-03-05,1.2943861638586578
2018-03-06,1.303660652959776
2018-03-07,1.3164618235126087
2018-03-08,1.3271029984754659
2018-03-09,1.3241477211201893
2018-03-10,1.3322438764871796
2018-03-11,1.3223844995897225
2018-03-12,1.327870559056009
2018-03-13,1.3285705737991211
2018-03-14,1.3444756637906905
2018-03-15,1.344137569717986
2018-03-16,1.3451363231921798
2018-03-17,1.3541202774054713
2018-03-18,1.3527749905225952
2018-03-19,1.3476812571689174
2018-03-20,1.345550856840902
2018-03-21,1.3454710006410575
2018-03-22,1.3487992948291918
2018-03-23,1.3472446048792732
2018-03-24,1.3522747022176156
2018-03-25,1.3523922684601026
2018-03-26,1.3591565775869385
2018-03-27,1.365681506771581
2018-03-28,1.3648426082844551
2018-03-29,1.3779411627820224
2018-03-30,1.3786747242107589
2018-03-31,1.377931407195829
2018-04-01,1.3804588881108621
2018-04-02,1.3780531005316412
2018-04-03,1.372211268399957
2018-04-04,1.3806228185226392
2018-04-05,1.3804427134509298
2018-04-06,1.383022071924369
2018-04-07,1.3792092672417056
2018-04-08,1.3765411590128807
2018-04-09,1.378258442538281
2018-04-10,1.3759215837936447
2018-04-11,1.373619107230125
2018-04-12,1.3593675324614887
2018-04-13,1.3597434468749339
2018-04-14,1.3580395724564818
2018-04-15,1.3520083489528671
2018-04-16,1.3565763156235806
2018-04-17,1.358831747526915
2018-04-18,1.3541500245156923
2018-04-19,1.3485804660954543
2018-04-20,1.3389782913847041
2018-04-21,1.3399902137057105
2018-04-22,1.3390139941013828
2018-04-23,1.3352210981019481
2018-04-24,1.3347453548500239
2018-04-25,1.309509629461056
2018-04-26,1.3227703659289372
2018-04-27,1.3146961205030956
2018-04-28,1.3277265706954582
2018-04-29,1.3301379483367937
2018-04-30,1.3241547557509388
2018-05-01,1.3219636264832386
2018-05-02,1.3273646587545302
2018-05-03,1.35049674887338
2018-05-04,1.3512515799731775
2018-05-05,1.3593247840400173
2018-05-06,1.3519809316038573
2018-05-07,1.3404329505486587
2018-05-08,1.3373562289012568
2018-05-09,1.3395410493393136
2018-05-10,1.3300559238937337
2018-05-11,1.3135812435308014
2018-05-12,1.3157723050076098
2018-05-13,1.3267784513544763
2018-05-14,1.3262676486383715
2018-05-15,1.319443467146523
2018-05-16,1.3178681862879755
2018-05-17,1.3069581429923471
2018-05-18,1.3141709153391017
2018-05-19,1.3148717574609612
2018-05-20,1.322355639526955
2018-05-21,1.3184715413652206
2018-05-22,1.317204214505403
2018-05-23,1.3158777047148713
2018-05-24,1.3188006438599769
2018-05-25,1.3183306380651088
2018-05-26,1.3210268174688813
2018-05-27,1.3181257201742151
2018-05-28,1.3126776338290056
2018-05-29,1.3149813678225937
2018-05-30,1.3149737250510423
2018-05-31,1.3124005810287047
2018-06-01,1.3113530235040993
2018-06-02,1.3060120495466288
2018-06-03,1.2976002606208004
2018-06-04,1.3092248293965811
2018-06-05,1.3020144665335627
2018-06-06,1.3016864819901328
2018-06-07,1.3015324597907525
2018-06-08,1.3049325804704872
2018-06-09,1.308685454201152
2018-06-10,1.3404445188621756
2018-06-11,1.3363717086385614
2018-06-12,1.3528193023919846
2018-06-13,1.3620202778280048
2018-06-14,1.3443303244326086
2018-06-15,1.3571281585199877
2018-06-16,1.3529104550401003
2018-06-17,1.3535462097335387
2018-06-18,1.3430223679853937
2018-06-19,1.337662402853494
2018-06-20,1.3375819265060427
2018-06-21,1.3409345636341028
2018-06-22,1.3704613458252295
2018-06-23,1.3655445509634858
2018-06-24,1.3703279691353172
2018-06-25,1.3668650671835216
2018-06-26,1.3776817058514665
2018-06-27,1.373425923997437
2018-06-28,1.3844537188024688
2018-06-29,1.373690958973699
2018-06-30,1.365023486491592
2018-07-01,1.3662025594279608
2018-07-02,1.3549793577476132
2018-07-03,1.3605583874296132
2018-07-04,1.3576851587342664
2018-07-05,1.35879721382482
2018-07-06,1.3564675209471002
2018-07-07,1.349756588983651
2018-07-08,1.3504260025484385
2018-07-09,1.3550607483576453
2018-07-10,1.3721298286494865
2018-07-11,1.3674371269215408
2018-07-12,1.3734327738048313
2018-07-13,1.3738849524305183
2018-07-14,1.3729163218791345
2018-07-15,1.3668336500203293
2018-07-16,1.3521508893523095
2018-07-17,1.334713653235342
2018-07-18,1.3379332388668919
2018-07-19,1.3387122587709186
2018-07-20,1.3460803016488672
2018-07-21,1.3421239533632945
2018-07-22,1.3428634521758192
2018-07-23,1.3376887276336817
2018-07-24,1.3163800267537384
2018-07-25,1.322793904539683
2018-07-26,1.3304722252612486
2018-07-27,1.3229958167514906
2018-07-28,1.322410301459343
2018-07-29,1.3225609531002886
2018-07-30,1.3240678876418577
2018-07-31,1.3189433020827823
2018-08-01,1.3186586268905374
2018-08-02,1.3190544789385714
2018-08-03,1.3148060647372974
2018-08-04,1.307263456846721
2018-08-05,1.3072391685421159
2018-08-06,1.3058889297402283
2018-08-07,1.3070645955928124
2018-08-08,1.301830077056501
2018-08-09,1.305954032818153
2018-08-10,1.304001051309832
2018-08-11,1.3068493344218708
2018-08-12,1.3047169810046997
2018-08-13,1.3143072962289353
2018-08-14,1.317004463777999
2018-08-15,1.3144395773025714
2018-08-16,1.3119207251460772
2018-08-17,1.2980949527719745
2018-08-18,1.3084222273968273
2018-08-19,1.3049856506604023
2018-08-20,1.3172557403689538
2018-08-21,1.3092450784990164
2018-08-22,1.3146093692730363
2018-08-23,1.3093892930722122
2018-08-24,1.3043488919105521
2018-08-25,1.3039484317490286
2018-08-26,1.3055393446615944
2018-08-27,1.2972850156868416
2018-08-28,1.291381021584311
2018-08-29,1.2941419960666982
2018-08-30,1.294709689062711
2018-08-31,1.2960221334202933
2018-09-01,1.297815021296726
2018-09-02,1.3006873393907086
2018-09-03,1.3011157046642947
2018-09-04,1.30465218488682
2018-09-05,1.3000188642372532
2018-09-06,1.294688543629277
2018-09-07,1.294814852994831
2018-09-08,1.2934249308352483
2018-09-09,1.2930632280692356
2018-09-10,1.2909124603486737
2018-09-11,1.2942761250073858
2018-09-12,1.2934236719429986
2018-09-13,1.2823221762155164
2018-09-14,1.2830932000336346
2018-09-15,1.2789592577931377
2018-09-16,1.279530513149632
2018-09-17,1.2930897402551054
2018-09-18,1.2875483220634796
2018-09-19,1.285463068255626
2018-09-20,1.2790208868249267
2018-09-21,1.2651994770454422
2018-09-22,1.2678970950141446
2018-09-23,1.267531014809706
2018-09-24,1.275315219551395
2018-09-25,1.2814239367556433
2018-09-26,1.2821180093284574
2018-09-27,1.2717557819797316
2018-09-28,1.2751586687889112
2018-09-29,1.2740108612716352
2018-09-30,1.2727714775274939
2018-10-01,1.273545953231315
2018-10-02,1.277583284469322
2018-10-03,1.2792347837303613
2018-10-04,1.276215663123775
2018-10-05,1.2735769055779225
2018-10-06,1.2755510004467527
2018-10-07,1.2747314645938168
2018-10-08,1.2720416302118758
2018-10-09,1.272926704123094
2018-10-10,1.2741062152843141
2018-10-11,1.2940537094430087
2018-10-12,1.2913867638117171
2018-10-13,1.2892859040163451
2018-10-14,1.290106835046421
2018-10-15,1.273307860415112
2018-10-16,1.2729341043703593
2018-10-17,1.2740293654901487
2018-10-18,1.2793382775405262
2018-10-19,1.2823962033353593
2018-10-20,1.2798797772414237
2018-10-21,1.279926936938441
2018-10-22,1.2803948158386367
2018-10-23,1.2814388943234283
2018-10-24,1.2811896238649507
2018-10-25,1.2826742487040126
2018-10-26,1.282116034403498
2018-10-27,1.2832409314247846
2018-10-28,1.2835936218921322
2018-10-29,1.289960378365079
2018-10-30,1.2903050350943868
2018-10-31,1.2886989344731896
2018-11-01,1.2872391283306999
2018-11-02,1.285936470096083
2018-11-03,1.28785902177142
2018-11-04,1.2820299190627158
2018-11-05,1.2828911540490138
2018-11-06,1.2789623908556478
2018-11-07,1.2775375692143607
2018-11-08,1.2820530173333784
2018-11-09,1.2843684578939125
2018-11-10,1.2833794939818806
2018-11-11,1.2830336850879027
2018-11-12,1.2828506422597794
2018-11-13,1.283433282309951
2018-11-14,1.305171297697536
2018-11-15,1.3110873716089642
2018-11-16,1.3158471283686284
2018-11-17,1.3168591432339445
2018-11-18,1.315167816434203
2018-11-19,1.344919054014455
2018-11-20,1.3597235700397898
2018-11-21,1.3555415442816527
2018-11-22,1.3672235760952556
2018-11-23,1.3660526790712357
2018-11-24,1.3834333571428314
2018-11-25,1.3778320212589796
2018-11-26,1.3865870530690636
2018-11-27,1.3860099839897642
2018-11-28,1.3713345077531978
2018-11-29,1.3715507239169318
2018-11-30,1.3803679047288968
2018-12-01,1.3747689816340645
2018-12-02,1.3760219737216564
2018-12-03,1.3863733176530313
2018-12-04,1.3840184249109813
2018-12-05,1.3913113073049712
2018-12-06,1.4020995984312377
2018-12-07,1.4048410322801288
2018-12-08,1.4052479337501116
2018-12-09,1.4004399617110546
2018-12-10,1.404685958931085
2018-12-11,1.406806419611307
2018-12-12,1.4044326998705843
2018-12-13,1.4095465336410857
2018-12-14,1.4125340708105234
2018-12-15,1.4129302883230532
2018-12-16,1.4121943814811222
2018-12-17,1.4013731212177185
2018-12-18,1.395447064085062
2018-12-19,1.3955549510610132
2018-12-20,1.3800373429509432
2018-12-21,1.3880185330690535
2018-12-22,1.3828544990959764
2018-12-23,1.380163070920498
2018-12-24,1.3756258805031565
2018-12-25,1.3861452222672983
2018-12-26,1.3847498418061859
2018-12-27,1.3948762550276337
2018-12-28,1.3814509562485373
2018-12-29,1.386438917759006
2018-12-30,1.3820110215024084
2018-12-31,1.386547923537439
2019-01-01,1.3818418928595073
2019-01-02,1.376895144327193
2019-01-03,1.3810655250499908
2019-01-04,1.3789464898575226
2019-01-05,1.3793883422059832
2019-01-06,1.3723303159814741
2019-01-07,1.3689945057239117
2019-01-08,1.3681997244441664
2019-01-09,1.3682538104295934
2019-01-10,1.361067440070731
2019-01-11,1.3603495011994406
2019-01-12,1.360547297687149
2019-01-13,1.3720072159537415
2019-01-14,1.3560178710540303
2019-01-15,1.3653948717715898
2019-01-16,1.3619481777474203
2019-01-17,1.3611469458246195
2019-01-18,1.3639158270100453
2019-01-19,1.358695225032926
2019-01-20,1.3671378840490704
2019-01-21,1.3691590768581348
2019-01-22,1.3658635189740171
2019-01-23,1.367641257886555
2019-01-24,1.3671704098215987
2019-01-25,1.3684450732428626
2019-01-26,1.3682411311087448
2019-01-27,1.3716180667098903
2019-01-28,1.3810411648387864
2019-01-29,1.3826868584483671
2019-01-30,1.3778150931146103
2019-01-31,1.3802041805143046
2019-02-01,1.3790873256007339
2019-02-02,1.3744855924948571
2019-02-03,1.378646838817041
2019-02-04,1.3782046030028878
2019-02-05,1.3783135351455842
2019-02-06,1.3828162208170218
2019-02-07,1.383047912065646
2019-02-08,1.3618756284199685
2019-02-09,1.361740766129456
2019-02-10,1.3559944223449791
2019-02-11,1.3612714581175844
2019-02-12,1.359902976583287
2019-02-13,1.3610704341344486
2019-02-14,1.362933013441162
2019-02-15,1.3614525450659876
2019-02-16,1.3600714402414376
2019-02-17,1.358232728512216
2019-02-18,1.3704884367579968
2019-02-19,1.3665551761349262
2019-02-20,1.374107182507737
2019-02-21,1.367225553819717
2019-02-22,1.3717772384155196
2019-02-23,1.4003210642133506
2019-02-24,1.3307200351439743
2019-02-25,1.346375940238123
2019-02-26,1.342304247635718
2019-02-27,1.3410162588945842
2019-02-28,1.3412088531943245
2019-03-01,1.3418708239422468
2019-03-02,1.3371629101856222
2019-03-03,1.333073726557449
2019-03-04,1.318145088689541
2019-03-05,1.3467332298191954
2019-03-06,1.348143295128199
2019-03-07,1.3480659980480594
2019-03-08,1.3420743335336152
2019-03-09,1.3539889854145273
2019-03-10,1.3489499354261234
2019-03-11,1.3411961949545264
2019-03-12,1.343486147232678
2019-03-13,1.3391224940727606
2019-03-14,1.3408444667955557
2019-03-15,1.3513987159094216
2019-03-16,1.3646068536148068
2019-03-17,1.3591027573553718
2019-03-18,1.357847645601654
2019-03-19,1.3614731487889444
2019-03-20,1.3642715888507815
2019-03-21,1.3528663715401035
2019-03-22,1.355169301030922
2019-03-23,1.3587021039191927
2019-03-24,1.3557394029076324
2019-03-25,1.348133819385819
2019-03-26,1.3493855245840303
2019-03-27,1.3646134195028277
2019-03-28,1.36126937471735
2019-03-29,1.3756432794129627
2019-03-30,1.3746387407482463
2019-03-31,1.3726608583241564
2019-04-01,1.375462739455966
2019-04-02,1.4644399651986273
2019-04-03,1.4646209123838807
2019-04-04,1.457870073607233
2019-04-05,1.4778231127666457
2019-04-06,1.4819122646012979
2019-04-07,1.5054734418788134
2019-04-08,1.5177621516381063
2019-04-09,1.5045944075331537
2019-04-10,1.5204876228277304
2019-04-11,1.4776135532148609
2019-04-12,1.4784709076021914
2019-04-13,1.4779382436075283
2019-04-14,1.4912395603041282
2019-04-15,1.4714930096193743
2019-04-16,1.491385234320049
2019-04-17,1.4941724475285025
2019-04-18,1.5106219207931288
2019-04-19,1.5095200911104636
2019-04-20,1.5123747403758219
2019-04-21,1.5027582993409954
2019-04-22,1.5134238238723396
2019-04-23,1.5213736475469
2019-04-24,1.5084246981725111
2019-04-25,1.4775469634079905
2019-04-26,1.4898149187998218
2019-04-27,1.4906487353876945
2019-04-28,1.4891618410929053
2019-04-29,1.4795403644097012
2019-04-30,1.49661187231833
2019-05-01,1.49860411110402
2019-05-02,1.509413257576366
2019-05-03,1.5404273377666895
2019-05-04,1.537585626043581
2019-05-05,1.5325156628872927
2019-05-06,1.54658668901282
2019-05-07,1.5477383769746746
2019-05-08,1.5609618178282088
2019-05-09,1.5775935856335004
2019-05-10,1.5930992506611452
2019-05-11,1.6735855394055235
2019-05-12,1.6620703654259856
2019-05-13,1.7360314592532005
2019-05-14,1.7810955385585299
2019-05-15,1.849120213676669
2019-05-16,1.8527069591956349
2019-05-17,1.7821923591242943
2019-05-18,1.7575328297177757
2019-05-19,1.8660408812742495
2019-05-20,1.8355201257465492
2019-05-21,1.8380035567414512
2019-05-22,1.801496881005639
2019-05-23,1.8196292450160707
2019-05-24,1.83507895472258
2019-05-25,1.8417853714372798
2019-05-26,1.908812408325538
2019-05-27,1.9292625055528445
2019-05-28,1.9270396107101346
2019-05-29,1.9182511835257579
2019-05-30,1.8670378126355547
2019-05-31,1.9099782196763502
2019-06-01,1.9033695667641213
2019-06-02,1.9243218471805916
2019-06-03,1.8480259257411493
2019-06-04,1.8022165189810666
2019-06-05,1.815770693528292
2019-06-06,1.8216108647838798
2019-06-07,1.836084743858705
2019-06-08,1.8206443356389612
2019-06-09,1.7809298722880866
2019-06-10,1.832582807056789
2019-06-11,1.8216816273037368
2019-06-12,1.8671478294187915
2019-06-13,1.8634122643359583
2019-06-14,1.9082524095391045
2019-06-15,1.9287717104398319
2019-06-16,1.9394135142874884
2019-06-17,1.9751244637995005
2019-06-18,1.9439953669095313
2019-06-19,1.9626167756736925
2019-06-20,1.9871298038608682
2019-06-21,2.0726066885975225
2019-06-22,2.1417745693374313
2019-06-23,2.151261055361359
2019-06-24,2.1675513743227945
2019-06-25,2.2353006940948306
2019-06-26,2.3645381812142325
2019-06-27,2.166377103796802
2019-06-28,2.266844974858348
2019-06-29,2.2403985676190885
2019-06-30,2.121711971643016
2019-07-01,2.1084643663938483
2019-07-02,2.1188930271576547
2019-07-03,2.2164049533910046
2019-07-04,2.1272806811428815
2019-07-05,2.121924088599484
2019-07-06,2.1445694323467506
2019-07-07,2.182401768609952
2019-07-08,2.256252239501714
2019-07-09,2.271668992879974
2019-07-10,2.209636027102647
2019-07-11,2.1191097279938136
2019-07-12,2.15973489216271
2019-07-13,2.120329340550887
2019-07-14,1.9625130949188092
2019-07-15,2.015894269589574
2019-07-16,1.8639536325059725
2019-07-17,1.9003446045456478
2019-07-18,1.9961058367043851
2019-07-19,1.978827051284651
2019-07-20,2.0085479658408727
2019-07-21,1.9927250932708325
2019-07-22,1.9736691684853596
2019-07-23,1.9419797361627216
2019-07-24,1.9315733128101185
2019-07-25,1.938181609732351
2019-07-26,1.934257789143286
2019-07-27,1.9168319704750962
2019-07-28,1.9184943207621097
2019-07-29,1.916504362003583
2019-07-30,1.9224363383370626
2019-07-31,1.9536799473829736
2019-08-01,1.9768093031272034
2019-08-02,1.9873370796615724
2019-08-03,2.005857566296617
2019-08-04,2.0144974123802903
2019-08-05,2.0729261773539114
2019-08-06,2.05239215683906
2019-08-07,2.0893228704407774
2019-08-08,2.0946434147507373
2019-08-09,2.093721995070178
2019-08-10,2.0541435853817887
2019-08-11,2.064760172503752
2019-08-12,2.0569781742217494
2019-08-13,2.0209889723455308
2019-08-14,1.974539333678441
2019-08-15,1.9920201256666077
2019-08-16,1.9971496117143654
2019-08-17,1.988009188523309
2019-08-18,1.9883302364338
2019-08-19,2.027871450498525
2019-08-20,2.0204987700044255
2019-08-21,1.9811582281559592
2019-08-22,1.9758342870966605
2019-08-23,1.9947327247471955
2019-08-24,1.9782209227069865
2019-08-25,1.9803476263165114
2019-08-26,1.971817871944574
2019-08-27,1.9785471728179773
2019-08-28,1.9880901115250713
2019-08-29,1.9979211602018407
2019-08-30,1.9956416677668607
2019-08-31,1.9932861364809105
2019-09-01,1.9896569896272336
2019-09-02,1.9652928795813778
2019-09-03,1.9562852748323554
2019-09-04,1.960747349688203
2019-09-05,1.961541088747749
2019-09-06,1.973184251371236
2019-09-07,1.9620357844915062
2019-09-08,1.9617058635060922
2019-09-09,1.9645932478875359
2019-09-10,1.9714542480427737
2019-09-11,1.970726860196466
2019-09-12,1.9610091464044868
2019-09-13,1.9630896157842508
2019-09-14,1.9580091101132133
2019-09-15,1.9583632648252718
2019-09-16,1.9538842554325635
2019-09-17,1.948006818920884
2019-09-18,1.947209112825865
2019-09-19,1.9371158221632254
2019-09-20,1.9410814344373786
2019-09-21,1.9489002143307455
2019-09-22,1.950430567786575
2019-09-23,1.967817237908009
2019-09-24,2.031291107653507
2019-09-25,2.030175127186692
2019-09-26,2.044455266409849
2019-09-27,2.035126575741635
2019-09-28,2.034703257588361
2019-09-29,2.042619785105069
2019-09-30,2.026480356476308
2019-10-01,2.030214100810681
2019-10-02,2.024752751175363
2019-10-03,2.033042093604311
2019-10-04,2.035085860832108
2019-10-05,2.0349068247528304
2019-10-06,2.04783260811209
2019-10-07,2.0302795971013436
2019-10-08,2.0303955656979276
2019-10-09,2.0094245954075736
2019-10-10,2.0106001826261775
2019-10-11,2.027527547012379
2019-10-12,2.0270120357577492
2019-10-13,2.0268190740343606
2019-10-14,2.0203337035457123
2019-10-15,2.0307574206630923
2019-10-16,2.0403673347578213
2019-10-17,2.035950707016506
2019-10-18,2.043023504249883
2019-10-19,2.043693602363203
2019-10-20,2.0326698566010934
2019-10-21,2.0343892202123945
2019-10-22,2.041908365259186
2019-10-23,2.0655074315362074
2019-10-24,2.068633095828364
2019-10-25,2.014721219873524
2019-10-26,1.9984687841277116
2019-10-27,1.9860741468524088
2019-10-28,1.9975902279684528
2019-10-29,1.9848959723246788
2019-10-30,1.9981051050018555
2019-10-31,1.999233874123907
2019-11-01,1.9959399965332876
2019-11-02,1.9941094696506854
2019-11-03,1.9980447557765935
2019-11-04,1.9888408536335969
2019-11-05,1.9892617792967262
2019-11-06,1.986494556301433
2019-11-07,1.9898022762241723
2019-11-08,1.9990819860634967
2019-11-09,1.9996960024018609
2019-11-10,1.9986678333062788
2019-11-11,2.0021787552222112
2019-11-12,2.0025895756947065
2019-11-13,2.0054928241632846
2019-11-14,2.004760201540762
2019-11-15,2.0028211827151474
2019-11-16,2.0057597007961827
2019-11-17,2.007570541946798
2019-11-18,2.0089148576020737
2019-11-19,2.0071964891154677
2019-11-20,2.0064765647685068
2019-11-21,2.0001594460709367
2019-11-22,2.0307655523877246
2019-11-23,2.0255457737899225
2019-11-24,2.0583717967036046
2019-11-25,2.0422502610155076
2019-11-26,2.037782373554303
2019-11-27,2.0181423994979033
2019-11-28,2.0241243476104187
2019-11-29,2.007691243360712
2019-11-30,2.0192418930982496
2019-12-01,2.024989495443541
2019-12-02,2.031511799475866
2019-12-03,2.0340807311516937
2019-12-04,2.0401640573649926
2019-12-05,2.0295267976916236
2019-12-06,2.024659570753451
2019-12-07,2.028101547930885
2019-12-08,2.0218059901915906
2019-12-09,2.032306363066557
2019-12-10,2.0389380083366357
2019-12-11,2.0430694581887674
2019-12-12,2.0409166308779563
2019-12-13,2.039172782126842
2019-12-14,2.050296213072053
2019-12-15,2.0474728661261334
2019-12-16,2.071041374096339
2019-12-17,2.0977828773228535
2019-12-18,2.05904650684434
2019-12-19,2.07095046360692
2019-12-20,2.0696395620535655
2019-12-21,2.073382178577002
2019-12-22,2.0533242683204365
2019-12-23,2.066316673397729
2019-12-24,2.0682932651335295
2019-12-25,2.074400794341503
2019-12-26,2.073647426403692
2019-12-27,2.0708114794262302
2019-12-28,2.065818033031318
2019-12-29,2.052950058134067
2019-12-30,2.062054937522168
2019-12-31,2.067759353925128
2020-01-01,2.0648441027462203
2020-01-02,2.0781939844865334
2020-01-03,2.05430207722143
2020-01-04,2.0542752983941215
2020-01-05,2.0521396148494326
2020-01-06,2.024871869204564
2020-01-07,2.0152251737673685
2020-01-08,2.021521997969577
2020-01-09,2.033945057412352
2020-01-10,2.0101550243044133
2020-01-11,2.019804454551073
2020-01-12,2.0076312288668303
2020-01-13,2.0149745378892514
2020-01-14,1.9558238010553488
2020-01-15,1.9534871295820229
2020-01-16,1.9534972611980859
2020-01-17,1.9510808385154708
2020-01-18,1.9438744653243476
2020-01-19,1.948422362302074
2020-01-20,1.9453921468554913
2020-01-21,1.9528139585185678
2020-01-22,1.9486918138543752
2020-01-23,1.9304827564461773
2020-01-24,1.9313610367664924
2020-01-25,1.924421639777385
2020-01-26,1.9458719465979322
2020-01-27,1.9600777310109376
2020-01-28,1.9857583956864011
2020-01-29,1.9801806215646525
2020-01-30,2.004477231982887
2020-01-31,1.9914777422019259
2020-02-01,1.99806208115346
2020-02-02,2.0033329350436992
2020-02-03,2.0037436394219936
2020-02-04,1.9990341675220429
2020-02-05,2.036732737349197
2020-02-06,2.0567701411012766
2020-02-07,2.0735028174832513
2020-02-08,2.0761083564615532
2020-02-09,2.0938005810450027
2020-02-10,2.074261239248021
2020-02-11,2.108729880518479
2020-02-12,2.1560656630439334
2020-02-13,2.156326536465272
2020-02-14,2.185790019301588
2020-02-15,2.1390914023652847
2020-02-16,2.1305307378383684
2020-02-17,2.1361463088711496
2020-02-18,2.175305262824433
2020-02-19,2.1178999533777576
2020-02-20,2.1157671097261685
2020-02-21,2.1312070059754564
2020-02-22,2.1246936189383576
2020-02-23,2.1546418358200032
2020-02-24,2.1308031525792757
2020-02-25,2.0899257632964203
2020-02-26,2.03614641271979
2020-02-27,2.0433371236251476
2020-02-28,2.03694856625539
2020-02-29,2.0163541651478294
2020-03-01,2.017560025907804
2020-03-02,2.053018055902355
2020-03-03,2.0351798922927045
2020-03-04,2.035361677465551
2020-03-05,2.052830012657493
2020-03-06,2.0804035140720987
2020-03-07,2.0598297181799126
2020-03-08,1.9714989920386161
2020-03-09,1.9727116780482574
2020-03-10,1.9682394461469603
2020-03-11,1.958138336832984
2020-03-12,1.9537883089042585
2020-03-13,1.9210244663020082
2020-03-14,1.9381318546548452
2020-03-15,1.9301685492681897
2020-03-16,1.951014517610678
2020-03-17,1.9365849475334744
2020-03-18,1.9318937301481935
2020-03-19,1.8897693225094516
2020-03-20,1.8893456880715291
2020-03-21,1.890684924762009
2020-03-22,1.9118306377607626
2020-03-23,1.877141005368201
2020-03-24,1.8641273547829003
2020-03-25,1.8682025720481605
2020-03-26,1.8644477878264503
2020-03-27,1.88415455525547
2020-03-28,1.889495343430131
2020-03-29,1.9079171524745013
2020-03-30,1.8822790650509318
2020-03-31,1.8812494635157144
2020-04-01,1.8698745468418796
2020-04-02,1.8605167552073865
2020-04-03,1.8630250803916608
2020-04-04,1.8563582488529131
2020-04-05,1.8606630273047098
2020-04-06,1.821866847282751
2020-04-07,1.8310320122855606
2020-04-08,1.8195868427980777
2020-04-09,1.8247825774356232
2020-04-10,1.848927862421179
2020-04-11,1.8478954582842064
2020-04-12,1.8466215976156004
2020-04-13,1.8506267605471534
2020-04-14,1.8481732470376409
2020-04-15,1.861652651521069
2020-04-16,1.8309395446640409
2020-04-17,1.8349275810673458
2020-04-18,1.816668391509083
2020-04-19,1.825999447074699
2020-04-20,1.8436366319252073
2020-04-21,1.842820302538772
2020-04-22,1.8409584432025485
2020-04-23,1.8282913546604425
2020-04-24,1.8290913748717932
2020-04-25,1.8332488820064734
2020-04-26,1.8294196886238934
2020-04-27,1.8251135602423976
2020-04-28,1.8265291028996673
2020-04-29,1.7988826351098544
2020-04-30,1.7977411298584796
2020-05-01,1.8017412212410846
2020-05-02,1.8079460532153249
2020-05-03,1.8020848920591015
2020-05-04,1.798537830901263
2020-05-05,1.8022677690850144
2020-05-06,1.800769306532677
2020-05-07,1.8383731114634594
2020-05-08,1.8319070460060736
2020-05-09,1.822634442102024
2020-05-10,1.7778789418463972
2020-05-11,1.7712635498563865
2020-05-12,1.782527419349927
2020-05-13,1.8065384253220511
2020-05-14,1.8249002849664087
2020-05-15,1.8027865557088758
2020-05-16,1.8095411676824715
2020-05-17,1.8244899037610904
2020-05-18,1.832852016952544
2020-05-19,1.8338876139398215
2020-05-20,1.821675536828532
2020-05-21,1.798230644671082
2020-05-22,1.8086891073473128
2020-05-23,1.8083380519171532
2020-05-24,1.7882099274800038
2020-05-25,1.7974722416557274
2020-05-26,1.792858940474633
2020-05-27,1.8105479332967493
2020-05-28,1.8323249365300707
2020-05-29,1.8280134560499812
2020-05-30,1.8559175999936175
2020-05-31,1.8378611423831401
2020-06-01,1.8756489904787756
2020-06-02,1.845234224027212
2020-06-03,1.8556478158147982
2020-06-04,1.8584226352476132
2020-06-05,1.8504436716518158
2020-06-06,1.853477227065591
2020-06-07,1.858231087243733
2020-06-08,1.8608861718115621
2020-06-09,1.8583943700583654
2020-06-10,1.8652999899539278
2020-06-11,1.8316682672217992
2020-06-12,1.8434289232430827
2020-06-13,1.8441596914036114
2020-06-14,1.8346773547896653
2020-06-15,1.8365607700101625
2020-06-16,1.843443271636052
2020-06-17,1.8402884008943934
2020-06-18,1.8356525271840796
2020-06-19,1.83133862349101
2020-06-20,1.8327842768938796
2020-06-21,1.8300395998094197
2020-06-22,1.8550914811048922
2020-06-23,1.8531802106502715
2020-06-24,1.8356034250142794
2020-06-25,1.8323679940968574
2020-06-26,1.827203970696159
2020-06-27,1.8151354452046244
2020-06-28,1.8217899484154354
2020-06-29,1.826722335825739
2020-06-30,1.8230550601854287
2020-07-01,1.8305442751209138
2020-07-02,1.8221370645783967
2020-07-03,1.8199052997901717
2020-07-04,1.8259636073938195
2020-07-05,1.822522456806884
2020-07-06,1.8430209892334377
2020-07-07,1.838419136582811
2020-07-08,1.850426319815356
2020-07-09,1.8398119565955096
2020-07-10,1.8409709769564402
2020-07-11,1.83751316157052
2020-07-12,1.842714289386112
2020-07-13,1.8380454158632258
2020-07-14,1.8392546629640512
2020-07-15,1.8358745380126167
2020-07-16,1.8296136789466408
2020-07-17,1.8280198544632635
2020-07-18,1.829309332185169
2020-07-19,1.829208398344879
2020-07-20,1.8303312779087988
2020-07-21,1.8206480346488176
2020-07-22,1.8260069024028074
2020-07-23,1.8291503292635825
2020-07-24,1.8374619996214174
2020-07-25,1.8468550956916736
2020-07-26,1.8389132697714594
2020-07-27,1.934213594424199
2020-07-28,1.9201735149746955
2020-07-29,1.9361915955047027
2020-07-30,1.9505690230383013
2020-07-31,1.9787053678505169
2020-08-01,2.049454894654507
2020-08-02,1.9799728305874145
2020-08-03,2.002993960034447
2020-08-04,2.0039021105845043
2020-08-05,2.056597998601109
2020-08-06,2.0529634247939192
2020-08-07,2.0267843650607054
2020-08-08,2.054784151227365
2020-08-09,2.042733017362451
2020-08-10,2.06375335839152
2020-08-11,2.010653076422182
2020-08-12,2.0310423870611176
2020-08-13,2.07940601260005
2020-08-14,2.0893072799291996
2020-08-15,2.0916320263193557
2020-08-16,2.0973198941996154
2020-08-17,2.1240327637084575
2020-08-18,2.0901589808030887
2020-08-19,2.0630321415645585
2020-08-20,2.077929423967441
2020-08-21,2.02912177099526
2020-08-22,2.0455601432351953
2020-08-23,2.0405832566758058
2020-08-24,2.0627165288407148
2020-08-25,2.0081886800288524
2020-08-26,2.021823237656409
2020-08-27,2.0094124291888904
2020-08-28,2.0347867580734165
2020-08-29,2.0329807968681726
2020-08-30,2.077715181582093
2020-08-31,2.0769668411582525
2020-09-01,2.1333605033673315
2020-09-02,2.0613194914448387
2020-09-03,1.9145996410346209
2020-09-04,1.9417879155518376
2020-09-05,1.877562446132087
2020-09-06,1.8995584798131289
2020-09-07,1.909413244450005
2020-09-08,1.8764280904003252
2020-09-09,1.8950163396965887
2020-09-10,1.9186217665041243
2020-09-11,1.9274205062343586
2020-09-12,1.9434920979334067
2020-09-13,1.917033609708738
2020-09-14,1.952610434876512
2020-09-15,1.9505128235493254
2020-09-16,1.9646200764206219
2020-09-17,1.9839408136555132
2020-09-18,1.9792385128433685
2020-09-19,1.9915052590217674
2020-09-20,1.9669695828216769
2020-09-21,1.9017045321484685
2020-09-22,1.913755808477831
2020-09-23,1.891640734572392
2020-09-24,1.8986011692153535
2020-09-25,1.9027735281966036
2020-09-26,1.9030318194685059
2020-09-27,1.9044856293557904
2020-09-28,1.9041699640774867
2020-09-29,1.9041702281902793
2020-09-30,1.9063764507974676
2020-10-01,1.9058532893325655
2020-10-02,1.9014054772770015
2020-10-03,1.9019378733530203
2020-10-04,1.8938063667903275
2020-10-05,1.8887787896040953
2020-10-06,1.9031235525479038
2020-10-07,1.9003515885496522
2020-10-08,1.8858615681500144
2020-10-09,1.8730844084373617
2020-10-10,1.861503478663862
2020-10-11,1.8567206721496805
2020-10-12,1.843823974665681
2020-10-13,1.8507998764759859
2020-10-14,1.8523144024656686
2020-10-15,1.851905775143584
2020-10-16,1.849956120733253
2020-10-17,1.8502947428608172
2020-10-18,1.8515213772290098
2020-10-19,1.8632357733937064
2020-10-20,1.8777048090546276
2020-10-21,1.920684609348975
2020-10-22,1.9498870123112146
2020-10-23,1.9435352064739364
2020-10-24,1.9555184298263852
2020-10-25,1.9461112079182357
2020-10-26,1.9361163169575228
2020-10-27,1.9745073070997643
2020-10-28,1.9432526423351264
2020-10-29,1.9518113877855008
2020-10-30,1.9531559514112238
2020-10-31,1.968041096712282
2020-11-01,1.975108926447171
2020-11-02,1.9530622105037365
2020-11-03,1.9808736907997395
2020-11-04,1.999134403605209
2020-11-05,2.083429096763381
2020-11-06,2.115747777700891
2020-11-07,2.060284483429972
2020-11-08,2.109151361240603
2020-11-09,2.0934531509710386
2020-11-10,2.096929109291152
2020-11-11,2.126980863838118
2020-11-12,2.1568221368871665
2020-11-13,2.1700168423447357
2020-11-14,2.144479432420999
2020-11-15,2.1280772297034947
2020-11-16,2.176399695594684
2020-11-17,2.241839710115788
2020-11-18,2.2445554486993986
2020-11-19,2.2399000470384864
2020-11-20,2.3151388093345924
2020-11-21,2.352892573935681
2020-11-22,2.3448297403773783
2020-11-23,2.3831377329881285
2020-11-24,2.4197770330172212
2020-11-25,2.368012608824152
2020-11-26,2.247841075731783
2020-11-27,2.246380349362925
2020-11-28,2.2912086894271155
2020-11-29,2.3469571964771503
2020-11-30,2.4563944381535583
2020-12-01,2.383498627452523
2020-12-02,2.415221973844038
2020-12-03,2.4419972264423206
2020-12-04,2.3626864372376373
2020-12-05,2.4123208663688853
2020-12-06,2.4268909943579224
2020-12-07,2.4086644658302787
2020-12-08,2.3360469035194287
2020-12-09,2.362112193139344
2020-12-10,2.3359572012053067
2020-12-11,2.312849924543048
2020-12-12,2.371276489150346
2020-12-13,2.408584159765311
2020-12-14,2.4098082431587917
2020-12-15,2.419451168222282
2020-12-16,2.555675236849701
2020-12-17,2.633488052357511
2020-12-18,2.658354886781804
2020-12-19,2.6976184769346587
2020-12-20,2.662673099360997
2020-12-21,2.6002166439630976
2020-12-22,2.6790156769954763
2020-12-23,2.607478861684676
2020-12-24,2.6547264605782694
2020-12-25,2.716108475434666
2020-12-26,2.8141778776791178
2020-12-27,2.8434718226240845
2020-12-28,2.9213328708236688
2020-12-29,2.937966289293131
2020-12-30,3.029487342938079
2020-12-31,3.0187138246954355
2021-01-01,3.0328624464512073
2021-01-02,3.213616453757273
2021-01-03,3.4252644863756454
2021-01-04,3.4274729295204907
2021-01-05,3.574313596688723
2021-01-06,3.8066274996028246
2021-01-07,3.95374316506629
2021-01-08,4.004711767924343
2021-01-09,4.029382258121739
2021-01-10,3.914121870655873
2021-01-11,3.6366675540569875
2021-01-12,3.538062408784386
2021-01-13,3.7710499803999253
2021-01-14,3.944981606048703
2021-01-15,3.7718832477364512
2021-01-16,3.7840945532499193
2021-01-17,3.7796300467971866
2021-01-18,3.8415841926197043
2021-01-19,3.894015366112442
2021-01-20,3.882553747682168
2021-01-21,3.428649335787137
2021-01-22,3.635381440532246
2021-01-23,3.59277730558151
2021-01-24,3.7348828749751677
2021-01-25,3.67213725545954
2021-01-26,3.7230799964884764
2021-01-27,3.511599394709257
2021-01-28,3.737638725957297
2021-01-29,3.8237606354155123
2021-01-30,3.8230818956833224
2021-01-31,3.7096790839165665
2021-02-01,3.782953192881666
2021-02-02,3.9953393974198432
2021-02-03,4.23086676854278
2021-02-04,4.139106865684882
2021-02-05,4.310266377831555
2021-02-06,4.319315308023921
2021-02-07,4.245548541439456
2021-02-08,4.741022984233146
2021-02-09,4.759188899042698
2021-02-10,4.654697463029792
2021-02-11,4.8505619898957235
2021-02-12,4.862144654568066
2021-02-13,4.834264626122627
2021-02-14,4.893408749006884
2021-02-15,4.842305803224395
2021-02-16,4.905809284847751
2021-02-17,5.112168244112546
2021-02-18,5.158867544511745
2021-02-19,5.3897483886406405
2021-02-20,5.35135185205637
2021-02-21,5.447022033983555
2021-02-22,5.150205497002169
2021-02-23,4.722850691236472
2021-02-24,4.800250673024422
2021-02-25,4.551386660379846
2021-02-26,4.4803828009488385
2021-02-27,4.4831799132013055
2021-02-28,4.401969244980851
2021-03-01,4.750984468757837
2021-03-02,4.624046189242295
2021-03-03,4.787343197657149
2021-03-04,4.664610186040177
2021-03-05,4.674380561156022
2021-03-06,4.783054069009174
2021-03-07,4.951137954499612
2021-03-08,5.110983882733523
2021-03-09,5.2678835156745265
2021-03-10,5.2532151737189405
2021-03-11,5.375099857135279
2021-03-12,5.297537933709089
2021-03-13,5.626943071093591
2021-03-14,5.453628389859851
2021-03-15,5.239504402608567
2021-03-16,5.314122129947177
2021-03-17,5.430335632190522
2021-03-18,5.327244880059656
2021-03-19,5.374001839899486
2021-03-20,5.375110031925017
2021-03-21,5.318167191210565
2021-03-22,5.0691282235286135
2021-03-23,5.071241736087728
2021-03-24,4.89704812749307
2021-03-25,4.8497419996022355
2021-03-26,5.131272720694671
2021-03-27,5.182451591335042
2021-03-28,5.15903091084809
2021-03-29,5.3606390455352075
2021-03-30,5.436130401839858
2021-03-31,5.50187119786737
2021-04-01,5.541605989529441
2021-04-02,5.6917312255979375
2021-04-03,5.491924943980907
2021-04-04,5.605732425792408
2021-04-05,5.678724224166606
2021-04-06,5.625738152201552
2021-04-07,5.399213299168103
2021-04-08,5.603490638192022
2021-04-09,5.595372676842325
2021-04-10,5.732582019483578
2021-04-11,5.75922069276805
2021-04-12,5.740647529188976
2021-04-13,6.061843951670883
2021-04-14,6.142678742486968
2021-04-15,6.220876148164329
2021-04-16,6.053008179402842
2021-04-17,5.898563981880311
2021-04-18,5.636843826379245
2021-04-19,5.548592965925327
2021-04-20,5.729612151469379
2021-04-21,5.620165700728733
2021-04-22,5.5493867942543
2021-04-23,5.495484589521993
2021-04-24,5.312616905172725
2021-04-25,5.35315775632963
2021-04-26,5.77778485703345
2021-04-27,5.94014601456986
2021-04-28,6.000566365672887
2021-04-29,5.943272343869921
2021-04-30,6.163422063879125
2021-05-01,6.312980236599871
2021-05-02,6.255788362482532
2021-05-03,6.688357947015834
2021-05-04,6.328871700126852
2021-05-05,6.779732934640416
2021-05-06,6.698633063220381
2021-05-07,6.736219782701568
2021-05-08,7.17419368105752
2021-05-09,7.1545436146456005
2021-05-10,7.051478457984359
2021-05-11,7.28469774465079
2021-05-12,6.639101593594461
2021-05-13,6.5529582320637
2021-05-14,6.860363359270161
2021-05-15,6.3477238643893035
2021-05-16,6.291946448061571
2021-05-17,6.080081915748286
2021-05-18,6.166809549564684
2021-05-19,5.466201422229383
2021-05-20,5.690512842148521
2021-05-21,5.451994958064624
2021-05-22,5.335419699520416
2021-05-23,5.206908255222539
2021-05-24,5.6132057563105136
2021-05-25,5.666988499567426
2021-05-26,5.805152100995839
2021-05-27,5.695293400492666
2021-05-28,5.457568914541953
2021-05-29,5.360196835922707
2021-05-30,5.4360072612723425
2021-05-31,5.682269137373509
2021-06-01,5.6299066731300975
2021-06-02,5.67809081296036
2021-06-03,5.781911806277471
2021-06-04,5.6740588685136455
2021-06-05,5.6400587332972085
2021-06-06,5.706710438706059
2021-06-07,5.636576417203841
2021-06-08,5.56790207309678
2021-06-09,5.60014249399919
2021-06-10,5.493318867415396
2021-06-11,5.386500270759758
2021-06-12,5.409618011086884
2021-06-13,5.347290605700507
2021-06-14,5.319141407913958
2021-06-15,5.328331348856821
2021-06-16,5.372210845080177
2021-06-17,5.375050838603684
2021-06-18,5.421269225361227
2021-06-19,5.433587930334479
2021-06-20,5.423171880228141
2021-06-21,5.517079203113482
2021-06-22,5.505657653742887
2021-06-23,5.479955150332843
2021-06-24,5.464299691793192
2021-06-25,5.526018635308912
2021-06-26,5.514272075738408
2021-06-27,5.464611504316663
2021-06-28,5.455906870361588
2021-06-29,5.42775448421307
2021-06-30,5.427024969015751
2021-07-01,5.46676046473397
2021-07-02,5.457608791852846
2021-07-03,5.437550576929757
2021-07-04,5.41849598103326
2021-07-05,5.454144577869983
2021-07-06,5.432868205975801
2021-07-07,5.438349933266898
2021-07-08,5.474110043045817
2021-07-09,5.45801688831276
2021-07-10,5.466304311497396
2021-07-11,5.452787872526175
2021-07-12,5.480789301334372
2021-07-13,5.495858804215835
2021-07-14,5.488531915139767
2021-07-15,5.509611228769321
2021-07-16,5.521144151390504
2021-07-17,5.516691481022752
2021-07-18,5.514106007713103
2021-07-19,5.534927817486629
2021-07-20,5.552719465620195
2021-07-21,5.497518302378781
2021-07-22,5.492326346846932
2021-07-23,5.463015821632293
2021-07-24,5.447824427776997
2021-07-25,5.432148896004478
2021-07-26,5.40286668372435
2021-07-27,5.3649712666697535
2021-07-28,5.357254789578072
2021-07-29,5.3480854023136715
2021-07-30,5.309758777644674
2021-07-31,5.312001712425081
2021-08-01,5.330984885453038
2021-08-02,5.334617858810931
2021-08-03,5.33195906560255
2021-08-04,5.425251437619252
2021-08-05,5.479484501799719
2021-08-06,5.5438538514328
2021-08-07,5.6562193438097825
2021-08-08,5.598478462687977
2021-08-09,5.696602628280466
2021-08-10,5.675602367113969
2021-08-11,5.678785339617091
2021-08-12,5.6219618690801045
2021-08-13,5.776290785252188
2021-08-14,5.743171211037357
2021-08-15,5.7524605463284395
2021-08-16,5.684472843854064
2021-08-17,5.62007540011388
2021-08-18,5.621044269205042
2021-08-19,5.7149829792584885
2021-08-20,5.802949650109219
2021-08-21,5.774782826602728
2021-08-22,5.788630521397617
2021-08-23,5.816536803635248
2021-08-24,5.7333446467079785
2021-08-25,5.779321804020052
2021-08-26,5.6930526766354665
2021-08-27,5.793897591145479
2021-08-28,5.7820855837775245
2021-08-29,5.773496799312138
2021-08-30,5.732295899164585
2021-08-31,5.787645311492026
2021-09-01,5.933306390828248
2021-09-02,5.932979908201375
2021-09-03,5.991112854181338
2021-09-04,5.975269219877874
2021-09-05,6.036490860621546
2021-09-06,6.052062703730867
2021-09-07,5.7833684906829
2021-09-08,5.780760761912591
2021-09-09,5.7695888629139365
2021-09-10,5.675675176403621
2021-09-11,5.698775609657753
2021-09-12,5.7552610986494495
2021-09-13,5.697960274880563
2021-09-14,5.789260955415935
2021-09-15,5.86064604713281
2021-09-16,5.839449979809267
2021-09-17,5.784687325798641
2021-09-18,5.817935595002963
2021-09-19,5.7645549663271005
2021-09-20,5.570696424268368
2021-09-21,5.4603343128456014
2021-09-22,5.6095867644380215
2021-09-23,5.661187045603741
2021-09-24,5.5529470865292225
2021-09-25,5.547800241757887
2021-09-26,5.595785914368747
2021-09-27,5.5362610585061525
2021-09-28,5.477610332693146
2021-09-29,5.501537247660899
2021-09-30,5.596233696364084
2021-10-01,5.781220884714356
2021-10-02,5.78955165773081
2021-10-03,5.810997345196165
2021-10-04,5.82731907721577
2021-10-05,5.91517017729889
2021-10-06,6.0230639261596535
2021-10-07,5.989671408234169
2021-10-08,5.987253572443279
2021-10-09,6.0142815270014935
2021-10-10,5.965040866882537
2021-10-11,6.0661759587984285
2021-10-12,6.017468612766132
2021-10-13,6.0808575308940735
2021-10-14,6.128666138670527
2021-10-15,6.252993408868367
2021-10-16,6.223603355357049
2021-10-17,6.243709683484709
2021-10-18,6.228447623865531
2021-10-19,6.317685813612448
2021-10-20,6.433745247994301
2021-10-21,6.313910827002905
2021-10-22,6.256542071453416
2021-10-23,6.322199953133877
2021-10-24,6.289460068302233
2021-10-25,6.3792091719220245
2021-10-26,6.2898476322213694
2021-10-27,6.188753154966534
2021-10-28,6.336435905522916
2021-10-29,6.4116587659682995
2021-10-30,6.3768733865017975
2021-10-31,6.354117485290278
2021-11-01,6.3532712739454205
2021-11-02,6.4798447910695565
2021-11-03,6.475625287206929
2021-11-04,6.420908112902623
2021-11-05,6.394637110885281
2021-11-06,6.418953309689414
2021-11-07,6.487104812764429
2021-11-08,6.640547989432699
2021-11-09,6.606767223262027
2021-11-10,6.529965660532422
2021-11-11,6.551113849273378
2021-11-12,6.521379749919781
2021-11-13,6.521990292865248
2021-11-14,6.544640925533695
2021-11-15,6.482252443227663
2021-11-16,6.303961744715953
2021-11-17,6.331361607998543
2021-11-18,6.171952550626514
2021-11-19,6.2781873868908535
2021-11-20,6.348800564072619
2021-11-21,6.282265177156589
2021-11-22,6.179931637497789
2021-11-23,6.277686507745214
2021-11-24,6.249574858941125
2021-11-25,6.360528893707392
2021-11-26,6.107672715978785
2021-11-27,6.145768268752658
2021-11-28,6.259541847662279
2021-11-29,6.310981100321579
2021-11-30,6.340049837995725
2021-12-01,6.333201615978215
2021-12-02,6.297437358584571
2021-12-03,6.150593699508018
2021-12-04,6.017943920173615
2021-12-05,6.044635388694193
2021-12-06,6.081663682139459
2021-12-07,6.068296159048433
2021-12-08,6.104666996687995
2021-12-09,6.06777310083921
2021-12-10,6.0200743950403215
2021-12-11,6.0317883639032495
2021-12-12,6.031069300489946
2021-12-13,5.997068769226431
2021-12-14,5.989150225070691
2021-12-15,6.02231420378868
2021-12-16,6.0274553962406925
2021-12-17,6.0314970260396334
2021-12-18,6.041649267490259
2021-12-19,6.034864485008278
2021-12-20,6.0362794409411
2021-12-21,6.000336154059334
2021-12-22,6.011449965920027
2021-12-23,5.950361440129566
2021-12-24,5.961733241642432
2021-12-25,5.960725922261105
2021-12-26,5.9595769615812895
2021-12-27,5.965321832640344
2021-12-28,6.061122667091505
2021-12-29,6.107280857209416
2021-12-30,6.082570012877622
2021-12-31,6.103719314947567
2022-01-01,6.062668938636683
2022-01-02,6.059516869912626
2022-01-03,6.084551780152603
2022-01-04,6.091842774429619
2022-01-05,6.174291050922549
2022-01-06,6.203359392104193
2022-01-07,6.264669532713472
2022-01-08,6.282813817386502
2022-01-09,6.267573501091091
2022-01-10,6.280066291023514
2022-01-11,6.237806927078138
2022-01-12,6.195296632988715
2022-01-13,6.240563755392358
2022-01-14,6.220624552868041
2022-01-15,6.217043818563023
2022-01-16,6.213721322048127
2022-01-17,6.251980781993842
2022-01-18,6.257855603386309
2022-01-19,6.282631524078512
2022-01-20,6.313480108170674
2022-01-21,6.4598841009570815
2022-01-22,6.509990418837745
2022-01-23,6.468284224633117
2022-01-24,6.478074187604207
2022-01-25,6.46963366784472
2022-01-26,6.47148788721695
2022-01-27,6.4720385977837065
2022-01-28,6.441966546675644
2022-01-29,6.424640692912897
2022-01-30,6.429498397765136
2022-01-31,6.4049595090881
2022-02-01,6.384011950815125
2022-02-02,6.43302004905395
2022-02-03,6.423370402149901
2022-02-04,6.29922701852421
2022-02-05,6.299521932581432
2022-02-06,6.275171477008676
2022-02-07,6.235691498348562
2022-02-08,6.236122229201732
2022-02-09,6.208841684032599
2022-02-10,6.253041116973377
2022-02-11,6.296941075343006
2022-02-12,6.301090978775897
2022-02-13,6.31202368773134
2022-02-14,6.293777530003235
2022-02-15,6.216144908500452
2022-02-16,6.2380816816545135
2022-02-17,6.33493667846728
2022-02-18,6.363329246738317
2022-02-19,6.364221128723855
2022-02-20,6.417366276965476
2022-02-21,6.450231497936699
2022-02-22,6.4176285487135605
2022-02-23,6.444088901312916
2022-02-24,6.422772428981511
2022-02-25,6.378177994692589
2022-02-26,6.378074072321477
2022-02-27,6.430072236073997
2022-02-28,6.284545368817925
2022-03-01,6.253460857764733
2022-03-02,6.267470923583939
2022-03-03,6.311450426933003
2022-03-04,6.404253726504384
2022-03-05,6.392656703685182
2022-03-06,6.428791345965871
2022-03-07,6.446450437941532
2022-03-08,6.419274131262643
2022-03-09,6.338431265974256
2022-03-10,6.402170984138998
2022-03-11,6.422538108091755
2022-03-12,6.419173034857188
2022-03-13,6.445905096168648
2022-03-14,6.4008212648114355
2022-03-15,6.402732711899496
2022-03-16,6.344704671520214
2022-03-17,6.341602553205856
2022-03-18,6.305600274157154
2022-03-19,6.295950440640016
2022-03-20,6.327285434196492
2022-03-21,6.326886013035809
2022-03-22,6.289955571312153
2022-03-23,6.269769994920651
2022-03-24,6.238015151725012
2022-03-25,6.2368781252976095
2022-03-26,6.238469934465084
2022-03-27,6.319350194466933
2022-03-28,6.334246771067502
2022-03-29,6.357199010749246
2022-03-30,6.346718204752381
2022-03-31,6.291572051453336
2022-04-01,6.35000337348786
2022-04-02,6.3384186312229795
2022-04-03,6.369265454024639
2022-04-04,6.37182934243838
2022-04-05,6.323298184412856
2022-04-06,6.219849970195727
2022-04-07,6.239819434635478
2022-04-08,6.209077344928835
2022-04-09,6.2351456586658855
2022-04-10,6.210080371899806
2022-04-11,6.1049689780792615
2022-04-12,6.127166797911485
2022-04-13,6.169936849326712
2022-04-14,6.14296858610323
2022-04-15,6.12866703291038
2022-04-16,6.138848548463615
2022-04-17,6.142580709003374
2022-04-18,6.12470485700498
2022-04-19,6.114864019697496
2022-04-20,6.112525752347828
2022-04-21,6.116398669287541
2022-04-22,6.135072413382085
2022-04-23,6.135949995226849
2022-04-24,6.132619479764643
2022-04-25,6.0997373613839265
2022-04-26,6.241898828066012
2022-04-27,6.1786810201489555
2022-04-28,6.145840099633789
2022-04-29,6.224153392623013
2022-04-30,6.286413565519816
2022-05-01,6.2254166743328465
2022-05-02,6.212378777563114
2022-05-03,6.263809885074767
2022-05-04,6.146149093665805
2022-05-05,6.312506540216582
2022-05-06,6.348911467439413
2022-05-07,6.386232899153441
2022-05-08,6.4720603090242275
2022-05-09,6.699145313435354
2022-05-10,6.629475391343245
2022-05-11,6.780472429690933
2022-05-12,6.8270814313761825
2022-05-13,6.801485209705975
2022-05-14,6.759902931372543
2022-05-15,6.6895870485905675
2022-05-16,6.778196745618217
2022-05-17,6.736562691254103
2022-05-18,6.852913913534044
2022-05-19,6.765752693295104
2022-05-20,6.8221381156583005
2022-05-21,6.808840759382534
2022-05-22,6.758150444627271
2022-05-23,6.819951591824802
2022-05-24,6.8007573318383425
2022-05-25,6.8173248020293995
2022-05-26,6.881357764545098
2022-05-27,6.922266010850372
2022-05-28,6.886670598052398
2022-05-29,6.865427494349376
2022-05-30,6.728939391137849
2022-05-31,6.747044670024704
2022-06-01,6.853351050793936
2022-06-02,6.827427470204162
2022-06-03,6.871853558546428
2022-06-04,6.856279534581798
2022-06-05,6.853970983257087
2022-06-06,6.789538696460474
2022-06-07,6.81378654727317
2022-06-08,6.850147807538131
2022-06-09,6.854199237437378
2022-06-10,6.930683678656764
2022-06-11,6.997673923235807
2022-06-12,7.090256811343218
2022-06-13,7.2977670665294445
2022-06-14,7.3090544779119275
2022-06-15,7.284926301377437
2022-06-16,7.4130779017738355
2022-06-17,7.4044240158443815
2022-06-18,7.483795028362916
2022-06-19,7.386375124849235
2022-06-20,7.386481507284946
2022-06-21,7.382657379246186
2022-06-22,7.432484700459476
2022-06-23,7.3638858695592955
2022-06-24,7.33139671573581
2022-06-25,7.317325022477315
2022-06-26,7.3472967383984615
2022-06-27,7.358399102239401
2022-06-28,7.39000623692707
2022-06-29,7.41051172090631
2022-06-30,7.4265233762657425
2022-07-01,7.451213022070814
2022-07-02,7.449471514504172
2022-07-03,7.444929877841798
2022-07-04,7.388931166500189
2022-07-05,7.397399626467251
2022-07-06,7.366067789082788
2022-07-07,7.314875914497602
2022-07-08,7.324144460445403
2022-07-09,7.323177770972511
2022-07-10,7.363227659200447
2022-07-11,7.416841885566779
2022-07-12,7.457192502452317
2022-07-13,7.401768304779953
2022-07-14,7.362876337207755
2022-07-15,7.341914973262426
2022-07-16,7.286267590730975
2022-07-17,7.3047844580779255
2022-07-18,7.167699466464625
2022-07-19,7.1513402534884865
2022-07-20,7.164115103084484
2022-07-21,7.147212313002182
2022-07-22,7.176070296227342
2022-07-23,7.178613133858594
2022-07-24,7.15719176317489
2022-07-25,7.252514126170542
2022-07-26,7.251312967297812
2022-07-27,7.132047261267914
2022-07-28,7.072723770145313
2022-07-29,7.075892256847744
2022-07-30,7.088720494747765
2022-07-31,7.09645403937658
2022-08-01,7.078841108535666
2022-08-02,7.0878340033947715
2022-08-03,7.088219825834516
2022-08-04,7.090397568954931
2022-08-05,7.11843471696929
2022-08-06,7.1118444250354695
2022-08-07,7.108657897098585
2022-08-08,7.1183762800873875
2022-08-09,7.086025591402587
2022-08-10,7.186390712741904
2022-08-11,7.195593775173446
2022-08-12,7.250392838735005
2022-08-13,7.262102808697639
2022-08-14,7.236363087366108
2022-08-15,7.211316824431479
2022-08-16,7.19003746671645
2022-08-17,7.146702552798894
2022-08-18,7.143381807744592
2022-08-19,6.927723535650755
2022-08-20,6.931167732909963
2022-08-21,6.967172046461081
2022-08-22,6.963575648154627
2022-08-23,6.986072687970552
2022-08-24,6.974171992585303
2022-08-25,6.9990763477026405
2022-08-26,6.8576320512416356
2022-08-27,6.840312526000044
2022-08-28,6.811913034769423
2022-08-29,6.810051107445472
2022-08-30,6.8320249381394795
2022-08-31,6.827065755351981
2022-09-01,6.833825712042049
2022-09-02,6.841957484760432
2022-09-03,6.843284467091288
2022-09-04,6.840154495762826
2022-09-05,6.8688955085324395
2022-09-06,6.915137257103849
2022-09-07,6.90807788735693
2022-09-08,6.90830079482486
2022-09-09,6.800553202453605
2022-09-10,6.802329336657554
2022-09-11,6.7870310267625475
2022-09-12,6.728968479843452
2022-09-13,6.826420194826815
2022-09-14,6.8473997185982665
2022-09-15,6.81959526107341
2022-09-16,6.797710003037997
2022-09-17,6.789911513424758
2022-09-18,6.785967245026738
2022-09-19,6.793650898991053
2022-09-20,6.818546096463946
2022-09-21,6.817173507549495
2022-09-22,6.783866207719423
2022-09-23,6.789578528108691
2022-09-24,6.820156472276677
2022-09-25,6.83969006733885
2022-09-26,6.789147026474471
2022-09-27,6.803593604127144
2022-09-28,6.775947446465274
2022-09-29,6.764505687373356
2022-09-30,6.779722036493285
2022-10-01,6.796236379102707
2022-10-02,6.832008976512169
2022-10-03,6.768543875589713
2022-10-04,6.699917907577202
2022-10-05,6.717074446326681
2022-10-06,6.73066910682258
2022-10-07,6.771119667866147
2022-10-08,6.786979577080698
2022-10-09,6.781528909127802
2022-10-10,6.819895835666171
2022-10-11,6.830013233651712
2022-10-12,6.815965392839991
2022-10-13,6.804795458714661
2022-10-14,6.813541831282173
2022-10-15,6.8320908443716695
2022-10-16,6.802579870109368
2022-10-17,6.769609551023752
2022-10-18,6.79567400028766
2022-10-19,6.823025588832708
2022-10-20,6.829961133471947
2022-10-21,6.812577390468531
2022-10-22,6.802577228379155
2022-10-23,6.75101287279427
2022-10-24,6.77827446044648
2022-10-25,6.666061303319052
2022-10-26,6.562994585910454
2022-10-27,6.622880992073539
2022-10-28,6.581422012300598
2022-10-29,6.532374569090399
2022-10-30,6.560099121207733
2022-10-31,6.57875949124985
2022-11-01,6.576212070693688
2022-11-02,6.630436632508319
2022-11-03,6.6199652758969805
2022-11-04,6.495963196461022
2022-11-05,6.483553482823368
2022-11-06,6.440293799227625
2022-11-07,6.408397714812789
2022-11-08,5.997458845468925
2022-11-09,5.653479271353454
2022-11-10,5.556267782166341
2022-11-11,5.582423586399943
2022-11-12,5.608041679088655
2022-11-13,5.644441833028932
2022-11-14,5.622431951827805
2022-11-15,5.606395001046915
2022-11-16,5.63358418035908
2022-11-17,5.639871731969784
2022-11-18,5.633775896402774
2022-11-19,5.631345842080116
2022-11-20,5.68414286494721
2022-11-21,5.720791720845306
2022-11-22,5.687527217985329
2022-11-23,5.651035727805233
2022-11-24,5.642066740948725
2022-11-25,5.647262533948341
2022-11-26,5.646822695488191
2022-11-27,5.653594722923728
2022-11-28,5.674693771631169
2022-11-29,5.642288451766718
2022-11-30,5.576206747908224
2022-12-01,5.592282106648007
2022-12-02,5.5785205355138885
2022-12-03,5.613062734001373
2022-12-04,5.585694565233144
2022-12-05,5.600810474860079
2022-12-06,5.590215363327255
2022-12-07,5.619452905206838
2022-12-08,5.580566943313091
2022-12-09,5.592532298342123
2022-12-10,5.590997196182948
2022-12-11,5.595347846938327
2022-12-12,5.580521948685428
2022-12-13,5.521954375463494
2022-12-14,5.5312989647618505
2022-12-15,5.581643678852753
2022-12-16,5.607768492870624
2022-12-17,5.586487946037439
2022-12-18,5.59114762301858
2022-12-19,5.614778818833951
2022-12-20,5.559045807088754
2022-12-21,5.564300575569383
2022-12-22,5.561441142299031
2022-12-23,5.561433056450122
2022-12-24,5.558796377665303
2022-12-25,5.560403054114929
2022-12-26,5.5495899691454085
2022-12-27,5.570754827807611
2022-12-28,5.593430908574911
2022-12-29,5.582099912525884
2022-12-30,5.5835254628250155
2022-12-31,5.589079106058524
2023-01-01,5.5828864125769195
2023-01-02,5.570237789361576
2023-01-03,5.569726483757726
2023-01-04,5.530464129561016
2023-01-05,5.535514319772296
2023-01-06,5.517119485213398
2023-01-07,5.521261182773754
2023-01-08,5.494003396747424
2023-01-09,5.468978046825634
2023-01-10,5.4468395839940325
2023-01-11,5.385722452233061
2023-01-12,5.311875459806986
2023-01-13,5.2968934533304965
2023-01-14,5.335627452332335
2023-01-15,5.341104444109334
2023-01-16,5.358701927338126
2023-01-17,5.345655878786735
2023-01-18,5.267293579017453
2023-01-19,5.329156533052018
2023-01-20,5.536570653389772
2023-01-21,5.5195410160637755
2023-01-22,5.514463415869457
2023-01-23,5.529268828385883
2023-01-24,5.450912167245984
2023-01-25,5.528546850247875
2023-01-26,5.515888066125106
2023-01-27,5.51794463442922
2023-01-28,5.493382279771728
2023-01-29,5.606509503721799
2023-01-30,5.47378060170142
2023-01-31,5.511835087565407
2023-02-01,5.6033196464511805
2023-02-02,5.5860970181315235
2023-02-03,5.598317949085718
2023-02-04,5.592707695455276
2023-02-05,5.532722155404979
2023-02-06,5.507934147349307
2023-02-07,5.58995683956946
2023-02-08,5.552335323351857
2023-02-09,5.379191279160089
2023-02-10,5.340120976520222
2023-02-11,5.378645546224602
2023-02-12,5.353502506184065
2023-02-13,5.345012207915005
2023-02-14,5.418027219381845
2023-02-15,5.6748665301940955
2023-02-16,5.583991537300225
2023-02-17,5.7087717451469935
2023-02-18,5.711625662228984
2023-02-19,5.674833627331475
2023-02-20,5.736926268557605
2023-02-21,5.672252526424229
2023-02-22,5.638421587400627
2023-02-23,5.626147683632467
2023-02-24,5.534575722792441
2023-02-25,5.5217378277924745
2023-02-26,5.589644376869706
2023-02-27,5.578501662190112
2023-02-28,5.529195189106664
2023-03-01,5.61456426443686
2023-03-02,5.588154411147664
2023-03-03,5.4408143669987705
2023-03-04,5.4380248151980775
2023-03-05,5.442596282067184
2023-03-06,5.442089783401446
2023-03-07,5.422948082689374
2023-03-08,5.3618258284295415
2023-03-09,5.1834758261326686
2023-03-10,5.158702367856073
2023-03-11,5.218598988001416
2023-03-12,5.422673942201113
2023-03-13,5.657787925322751
2023-03-14,5.720829597283331
2023-03-15,5.651751492860447
2023-03-16,5.724812084662624
2023-03-17,5.999211984027651
2023-03-18,5.937769404953427
2023-03-19,6.035845231012712
2023-03-20,5.977739542691961
2023-03-21,6.062496318844607
2023-03-22,5.943831606258646
2023-03-23,6.087001632996248
2023-03-24,5.971530935931678
2023-03-25,5.965941604603404
2023-03-26,6.029973322926516
2023-03-27,5.918840421189033
2023-03-28,5.975909581904139
2023-03-29,6.074231002296006
2023-03-30,6.050518609558889
2023-03-31,6.10608620441552
2023-04-01,6.104541925207389
2023-04-02,6.06206288031847
2023-04-03,6.046965217310349
2023-04-04,6.12302916797602
2023-04-05,6.154412220866347
2023-04-06,6.114748426980311
2023-04-07,6.098089900188217
2023-04-08,6.088438619313404
2023-04-09,6.125697521233629
2023-04-10,6.266347848541009
2023-04-11,6.292357074923333
2023-04-12,6.291089986266497
2023-04-13,6.404387552366396
2023-04-14,6.4826781370621465
2023-04-15,6.462106305597397
2023-04-16,6.4855652774280195
2023-04-17,6.383407641477493
2023-04-18,6.478963098537767
2023-04-19,6.222010449986064
2023-04-20,6.187744546122767
2023-04-21,6.037435607200743
2023-04-22,6.099795240957333
2023-04-23,6.072874290821677
2023-04-24,6.050532772323024
2023-04-25,6.129780440753326
2023-04-26,6.138346752146999
2023-04-27,6.252699518082238
2023-04-28,6.226176517146902
2023-04-29,6.233703243229399
2023-04-30,6.2033651081497165
2023-05-01,6.083584765390542
2023-05-02,6.160851318187018
2023-05-03,6.216118333624823
2023-05-04,6.179211969225873
2023-05-05,6.3237224263919005
2023-05-06,6.195570758426024
2023-05-07,6.143020240354266
2023-05-08,6.067076964924406
2023-05-09,6.063177228533346
2023-05-10,6.0563489026436965
2023-05-11,5.971105569775398
2023-05-12,5.968658354946957
2023-05-13,5.957173874403086
2023-05-14,5.971234802266173
2023-05-15,6.003446718288277
2023-05-16,6.000254643237358
2023-05-17,6.026612333837942
2023-05-18,5.9650593357436685
2023-05-19,5.979035474018454
2023-05-20,6.001549809429548
2023-05-21,5.963037286973118
2023-05-22,5.980771698196345
2023-05-23,6.038442711283103
2023-05-24,5.927374026959072
2023-05-25,5.927203089468513
2023-05-26,5.928453284139932
2023-05-27,5.9194656015638545
2023-05-28,5.896021567934122
2023-05-29,5.906704555022074
2023-05-30,5.916202865208032
2023-05-31,5.9292405966379125
2023-06-01,5.947915915831047
2023-06-02,5.953689298251766
2023-06-03,5.954338069324491
2023-06-04,5.949363877850882
2023-06-05,5.9848934217884615
2023-06-06,5.93673750618664
2023-06-07,5.958381257814168
2023-06-08,5.943456801814548
2023-06-09,5.9495980147003245
2023-06-10,6.073580114233934
2023-06-11,6.06642183566051
2023-06-12,6.076848569424616
2023-06-13,6.076908984979752
2023-06-14,6.213361452110946
2023-06-15,6.165428307992037
2023-06-16,6.066833897968056
2023-06-17,6.045789828279039
2023-06-18,6.064532121314975
2023-06-19,6.013982050241372
2023-06-20,5.860271019665223
2023-06-21,5.595494404435798
2023-06-22,5.61052994784513
2023-06-23,5.592399368599491
2023-06-24,5.6079360967891345
2023-06-25,5.586974263170509
2023-06-26,5.614785494825016
2023-06-27,5.603590891391788
2023-06-28,5.634940642459389
2023-06-29,5.627564092349802
2023-06-30,5.556554097015857
2023-07-01,5.555895213627017
2023-07-02,5.564558453212852
2023-07-03,5.59497674491784
2023-07-04,5.569353967136042
2023-07-05,5.54471047576969
2023-07-06,5.485000777955957
2023-07-07,5.515954630798593
2023-07-08,5.510449184403065
2023-07-09,5.504447892880758
2023-07-10,5.523922197980761
2023-07-11,5.530504297892499
2023-07-12,5.517788530800548
2023-07-13,5.634337345635733
2023-07-14,5.553464267487957
2023-07-15,5.5489166763604025
2023-07-16,5.541404959939859
2023-07-17,5.531611357355483
2023-07-18,5.513188445132018
2023-07-19,5.510078761261674
2023-07-20,5.507746742826977
2023-07-21,5.511595042057541
2023-07-22,5.493018864525654
2023-07-23,5.516600872324243
2023-07-24,5.460590602657643
2023-07-25,5.466963780624397
2023-07-26,5.479818267194402
2023-07-27,5.468831305613065
2023-07-28,5.47968471653761
2023-07-29,5.484748091209813
2023-07-30,5.471285959693945
2023-07-31,5.466207998869032
2023-08-01,5.493780647293568
2023-08-02,5.471187908742396
2023-08-03,5.475053046589795
2023-08-04,5.476990824580556
2023-08-05,5.469965938187032
2023-08-06,5.472012064720484
2023-08-07,5.4633448380791165
2023-08-08,5.395270557561096
2023-08-09,5.411008719578912
2023-08-10,5.4235177963436225
2023-08-11,5.419793383848489
2023-08-12,5.418527249574937
2023-08-13,5.436064225736026
2023-08-14,5.422350597435321
2023-08-15,5.454147420051113
2023-08-16,5.507916247739869
2023-08-17,5.776657440932679
2023-08-18,5.836810740338332
2023-08-19,5.82628113920561
2023-08-20,5.805891794910543
2023-08-21,5.826119079048036
2023-08-22,5.859960420472719
2023-08-23,5.792611479184486
2023-08-24,5.827729978297627
2023-08-25,5.843183310508209
2023-08-26,5.852303836125514
2023-08-27,5.83608213437615
2023-08-28,5.839312987313738
2023-08-29,5.652672614323221
2023-08-30,5.705099706840972
2023-08-31,5.859171501593128
2023-09-01,5.883930670104949
2023-09-02,5.8721656910731355
2023-09-03,5.865577593243813
2023-09-04,5.881139768182093
2023-09-05,5.880233589374603
2023-09-06,5.883784482392688
2023-09-07,5.833537437502422
2023-09-08,5.869607048956452
2023-09-09,5.8710623942325295
2023-09-10,5.891435989085683
2023-09-11,5.999822198370092
2023-09-12,5.912965771671725
2023-09-13,5.8714798022641155
2023-09-14,5.832405034931183
2023-09-15,5.813626257387673
2023-09-16,5.822687336797118
2023-09-17,5.8355413568005154
2023-09-18,5.805488842165909
2023-09-19,5.766236076488578
2023-09-20,5.790904953407674
2023-09-21,5.866255770724215
2023-09-22,5.857344920081257
2023-09-23,5.856975316109663
2023-09-24,5.893071812425125
2023-09-25,5.882163336379634
2023-09-26,5.8834259692726025
2023-09-27,5.868017017254731
2023-09-28,5.77176138426173
2023-09-29,5.7676810106984995
2023-09-30,5.760496196203084
2023-10-01,5.628119525281864
2023-10-02,5.728021138020915
2023-10-03,5.737961998626364
2023-10-04,5.7205655983863455
2023-10-05,5.778663399586824
2023-10-06,5.7104798589618095
2023-10-07,5.71859877372613
2023-10-08,5.722210853654008
2023-10-09,5.7929103722390956
2023-10-10,5.797236078238532
2023-10-11,5.758679111649821
2023-10-12,5.77372385910744
2023-10-13,5.756467934788324
2023-10-14,5.7548413279194905
2023-10-15,5.726743357130487
2023-10-16,5.568379484175598
2023-10-17,5.591938095121344
2023-10-18,5.588548377735771
2023-10-19,5.610520188100979
2023-10-20,5.637797259092656
2023-10-21,5.630967897717506
2023-10-22,5.605709200657506
2023-10-23,5.709753423808191
2023-10-24,5.746182397895878
2023-10-25,5.780269355162673
2023-10-26,5.744435393128301
2023-10-27,5.749142397666956
2023-10-28,5.763807789699632
2023-10-29,5.786890237717808
2023-10-30,5.7947593040227865
2023-10-31,5.8096069560930825
2023-11-01,5.884436303401418
2023-11-02,5.817495920114979
2023-11-03,5.828821559966007
2023-11-04,5.868694659977188
2023-11-05,5.8943771969353715
2023-11-06,5.9038902720270094
2023-11-07,5.913550880297564
2023-11-08,5.9299838453247435
2023-11-09,6.183444325657593
2023-11-10,6.186384827973432
2023-11-11,6.156041394046291
2023-11-12,6.1451388613340825
2023-11-13,6.114551544143932
2023-11-14,5.998124407981071
2023-11-15,6.205983931945768
2023-11-16,6.022514367989325
2023-11-17,6.050029645967465
2023-11-18,6.0485724214811105
2023-11-19,6.137228624882619
2023-11-20,6.150725922738442
2023-11-21,5.973107798297846
2023-11-22,6.181516413794907
2023-11-23,6.1735516583673675
2023-11-24,6.214729725366187
2023-11-25,6.220735235380689
2023-11-26,6.1832686282683404
2023-11-27,6.142652756327108
2023-11-28,6.195272603028567
2023-11-29,6.1821089576005
2023-11-30,6.192360153322335
2023-12-01,6.280653216977573
2023-12-02,6.390629788401974
2023-12-03,6.445878137658508
2023-12-04,6.612794656977428
2023-12-05,6.783322896235388
2023-12-06,6.715493071201098
2023-12-07,6.782837306081947
2023-12-08,6.8415795079497865
2023-12-09,6.79833670790973
2023-12-10,6.812587748477396
2023-12-11,6.5519406454484965
2023-12-12,6.549675906483926
2023-12-13,6.68128716808968
2023-12-14,6.7348764539476855
2023-12-15,6.591375028523774
2023-12-16,6.619318502284218
2023-12-17,6.536753041215964
2023-12-18,6.635560087368723
2023-12-19,6.578495822048092
2023-12-20,6.6852706243353115
2023-12-21,6.727222602858419
2023-12-22,6.8016562877218165
2023-12-23,6.771878560888563
2023-12-24,6.692075624302942
2023-12-25,6.734592499070036
2023-12-26,6.635342800583562
2023-12-27,6.810642925644747
2023-12-28,6.729077968375707
2023-12-29,6.662060834416221
2023-12-30,6.660669227648188
2023-12-31,6.661844211233808
