date,combined_equity
2003-04-14 00:00:00,1.0
2003-04-15 00:00:00,1.0
2003-04-16 00:00:00,1.0
2003-04-17 00:00:00,1.0
2003-04-21 00:00:00,1.0
2003-04-22 00:00:00,1.0
2003-04-23 00:00:00,1.0
2003-04-24 00:00:00,1.0
2003-04-25 00:00:00,1.0
2003-04-28 00:00:00,1.0
2003-04-29 00:00:00,1.0
2003-04-30 00:00:00,1.0
2003-05-01 00:00:00,1.0
2003-05-02 00:00:00,1.0
2003-05-05 00:00:00,1.0
2003-05-06 00:00:00,1.0
2003-05-07 00:00:00,1.0
2003-05-08 00:00:00,1.0
2003-05-09 00:00:00,1.0
2003-05-12 00:00:00,1.0
2003-05-13 00:00:00,1.0
2003-05-14 00:00:00,1.0
2003-05-15 00:00:00,1.0
2003-05-16 00:00:00,1.0
2003-05-19 00:00:00,1.0
2003-05-20 00:00:00,1.0
2003-05-21 00:00:00,1.0
2003-05-22 00:00:00,1.0
2003-05-23 00:00:00,1.0
2003-05-27 00:00:00,1.0
2003-05-28 00:00:00,1.0
2003-05-29 00:00:00,1.0
2003-05-30 00:00:00,1.0
2003-06-02 00:00:00,1.0
2003-06-03 00:00:00,1.0
2003-06-04 00:00:00,1.0
2003-06-05 00:00:00,1.0
2003-06-06 00:00:00,1.0
2003-06-09 00:00:00,1.0
2003-06-10 00:00:00,1.0
2003-06-11 00:00:00,1.0
2003-06-12 00:00:00,1.0
2003-06-13 00:00:00,1.0
2003-06-16 00:00:00,1.0
2003-06-17 00:00:00,1.0
2003-06-18 00:00:00,1.0
2003-06-19 00:00:00,1.0
2003-06-20 00:00:00,1.0
2003-06-23 00:00:00,1.0
2003-06-24 00:00:00,1.0
2003-06-25 00:00:00,1.0
2003-06-26 00:00:00,1.0
2003-06-27 00:00:00,1.0
2003-06-30 00:00:00,1.0
2003-07-01 00:00:00,1.0
2003-07-02 00:00:00,1.0
2003-07-03 00:00:00,1.0
2003-07-07 00:00:00,1.0
2003-07-08 00:00:00,1.0
2003-07-09 00:00:00,1.0
2003-07-10 00:00:00,1.0
2003-07-11 00:00:00,1.0
2003-07-14 00:00:00,1.0
2003-07-15 00:00:00,1.0
2003-07-16 00:00:00,1.0
2003-07-17 00:00:00,1.0
2003-07-18 00:00:00,1.0
2003-07-21 00:00:00,1.0
2003-07-22 00:00:00,1.0
2003-07-23 00:00:00,1.0
2003-07-24 00:00:00,1.0
2003-07-25 00:00:00,1.0
2003-07-28 00:00:00,1.0
2003-07-29 00:00:00,1.0
2003-07-30 00:00:00,1.0
2003-07-31 00:00:00,1.0
2003-08-01 00:00:00,1.0
2003-08-04 00:00:00,1.0
2003-08-05 00:00:00,1.0
2003-08-06 00:00:00,1.0
2003-08-07 00:00:00,1.0
2003-08-08 00:00:00,1.0
2003-08-11 00:00:00,1.0
2003-08-12 00:00:00,1.0
2003-08-13 00:00:00,1.0
2003-08-14 00:00:00,1.0
2003-08-15 00:00:00,1.0
2003-08-18 00:00:00,1.0
2003-08-19 00:00:00,1.0
2003-08-20 00:00:00,1.0
2003-08-21 00:00:00,1.0
2003-08-22 00:00:00,1.0
2003-08-25 00:00:00,1.0
2003-08-26 00:00:00,1.0
2003-08-27 00:00:00,1.0
2003-08-28 00:00:00,1.0
2003-08-29 00:00:00,1.0
2003-09-02 00:00:00,1.0
2003-09-03 00:00:00,1.0
2003-09-04 00:00:00,1.0
2003-09-05 00:00:00,1.0
2003-09-08 00:00:00,1.0
2003-09-09 00:00:00,1.0
2003-09-10 00:00:00,1.0
2003-09-11 00:00:00,1.0
2003-09-12 00:00:00,1.0
2003-09-15 00:00:00,1.0
2003-09-16 00:00:00,1.0
2003-09-17 00:00:00,1.0
2003-09-18 00:00:00,1.0
2003-09-19 00:00:00,1.0
2003-09-22 00:00:00,1.0
2003-09-23 00:00:00,1.0
2003-09-24 00:00:00,1.0
2003-09-25 00:00:00,1.0
2003-09-26 00:00:00,1.0
2003-09-29 00:00:00,1.0
2003-09-30 00:00:00,1.0
2003-10-01 00:00:00,1.0
2003-10-02 00:00:00,1.0
2003-10-03 00:00:00,1.0
2003-10-06 00:00:00,1.0
2003-10-07 00:00:00,1.0
2003-10-08 00:00:00,1.0
2003-10-09 00:00:00,1.0
2003-10-10 00:00:00,1.0
2003-10-13 00:00:00,1.0
2003-10-14 00:00:00,1.0
2003-10-15 00:00:00,1.0
2003-10-16 00:00:00,1.0
2003-10-17 00:00:00,1.0
2003-10-20 00:00:00,1.0
2003-10-21 00:00:00,1.0
2003-10-22 00:00:00,1.0
2003-10-23 00:00:00,1.0
2003-10-24 00:00:00,1.0
2003-10-27 00:00:00,1.0
2003-10-28 00:00:00,1.0
2003-10-29 00:00:00,1.0
2003-10-30 00:00:00,1.0
2003-10-31 00:00:00,1.0
2003-11-03 00:00:00,1.0
2003-11-04 00:00:00,1.0
2003-11-05 00:00:00,1.0
2003-11-06 00:00:00,1.0
2003-11-07 00:00:00,1.0
2003-11-10 00:00:00,1.0
2003-11-11 00:00:00,1.0
2003-11-12 00:00:00,1.0
2003-11-13 00:00:00,1.0
2003-11-14 00:00:00,1.0
2003-11-17 00:00:00,1.0
2003-11-18 00:00:00,1.0
2003-11-19 00:00:00,1.0
2003-11-20 00:00:00,1.0
2003-11-21 00:00:00,1.0
2003-11-24 00:00:00,1.0
2003-11-25 00:00:00,1.0
2003-11-26 00:00:00,1.0
2003-11-28 00:00:00,1.0
2003-12-01 00:00:00,1.0
2003-12-02 00:00:00,1.0
2003-12-03 00:00:00,1.0
2003-12-04 00:00:00,1.0
2003-12-05 00:00:00,1.0
2003-12-08 00:00:00,1.0
2003-12-09 00:00:00,1.0
2003-12-10 00:00:00,1.0
2003-12-11 00:00:00,1.0
2003-12-12 00:00:00,1.0
2003-12-15 00:00:00,1.0
2003-12-16 00:00:00,1.0
2003-12-17 00:00:00,1.0
2003-12-18 00:00:00,1.0
2003-12-19 00:00:00,1.0
2003-12-22 00:00:00,1.0
2003-12-23 00:00:00,1.0
2003-12-24 00:00:00,1.0
2003-12-26 00:00:00,1.0
2003-12-29 00:00:00,1.0
2003-12-30 00:00:00,1.0
2003-12-31 00:00:00,1.0
2004-01-02 00:00:00,1.0
2004-01-05 00:00:00,1.0
2004-01-06 00:00:00,1.0
2004-01-07 00:00:00,1.0
2004-01-08 00:00:00,1.0
2004-01-09 00:00:00,1.0
2004-01-12 00:00:00,1.0
2004-01-13 00:00:00,1.0
2004-01-14 00:00:00,1.0
2004-01-15 00:00:00,1.0
2004-01-16 00:00:00,1.0
2004-01-20 00:00:00,1.0
2004-01-21 00:00:00,1.0
2004-01-22 00:00:00,1.0
2004-01-23 00:00:00,1.0
2004-01-26 00:00:00,1.0
2004-01-27 00:00:00,1.0
2004-01-28 00:00:00,1.0
2004-01-29 00:00:00,1.0
2004-01-30 00:00:00,1.0
2004-02-02 00:00:00,1.0
2004-02-03 00:00:00,1.0
2004-02-04 00:00:00,1.0
2004-02-05 00:00:00,1.0
2004-02-06 00:00:00,1.0
2004-02-09 00:00:00,1.0
2004-02-10 00:00:00,1.0
2004-02-11 00:00:00,1.0
2004-02-12 00:00:00,1.0
2004-02-13 00:00:00,1.0
2004-02-17 00:00:00,1.0
2004-02-18 00:00:00,1.0
2004-02-19 00:00:00,1.0
2004-02-20 00:00:00,1.0
2004-02-23 00:00:00,1.0
2004-02-24 00:00:00,1.0
2004-02-25 00:00:00,1.0
2004-02-26 00:00:00,1.0
2004-02-27 00:00:00,1.0
2004-03-01 00:00:00,1.0
2004-03-02 00:00:00,1.0
2004-03-03 00:00:00,1.0
2004-03-04 00:00:00,1.0
2004-03-05 00:00:00,1.0
2004-03-08 00:00:00,1.0
2004-03-09 00:00:00,1.0
2004-03-10 00:00:00,1.0
2004-03-11 00:00:00,1.0
2004-03-12 00:00:00,1.0
2004-03-15 00:00:00,1.0
2004-03-16 00:00:00,1.0
2004-03-17 00:00:00,1.0
2004-03-18 00:00:00,1.0
2004-03-19 00:00:00,1.0
2004-03-22 00:00:00,1.0
2004-03-23 00:00:00,1.0
2004-03-24 00:00:00,1.0
2004-03-25 00:00:00,1.0
2004-03-26 00:00:00,1.0
2004-03-29 00:00:00,1.0
2004-03-30 00:00:00,1.0
2004-03-31 00:00:00,1.0
2004-04-01 00:00:00,1.0
2004-04-02 00:00:00,1.0
2004-04-05 00:00:00,1.0
2004-04-06 00:00:00,1.0
2004-04-07 00:00:00,1.0
2004-04-08 00:00:00,1.0
2004-04-12 00:00:00,1.0
2004-04-13 00:00:00,1.0
2004-04-14 00:00:00,1.0
2004-04-15 00:00:00,1.0
2004-04-16 00:00:00,1.0
2004-04-19 00:00:00,1.0
2004-04-20 00:00:00,1.0
2004-04-21 00:00:00,1.0
2004-04-22 00:00:00,1.0
2004-04-23 00:00:00,1.0
2004-04-26 00:00:00,1.0
2004-04-27 00:00:00,1.0
2004-04-28 00:00:00,1.0
2004-04-29 00:00:00,1.0
2004-04-30 00:00:00,1.0
2004-05-03 00:00:00,1.0
2004-05-04 00:00:00,1.0
2004-05-05 00:00:00,1.0
2004-05-06 00:00:00,1.0
2004-05-07 00:00:00,1.0
2004-05-10 00:00:00,1.0
2004-05-11 00:00:00,1.0
2004-05-12 00:00:00,1.0
2004-05-13 00:00:00,1.0
2004-05-14 00:00:00,1.0
2004-05-17 00:00:00,1.0
2004-05-18 00:00:00,1.0
2004-05-19 00:00:00,1.0
2004-05-20 00:00:00,1.0
2004-05-21 00:00:00,1.0
2004-05-24 00:00:00,1.0
2004-05-25 00:00:00,1.0
2004-05-26 00:00:00,1.0
2004-05-27 00:00:00,1.0
2004-05-28 00:00:00,1.0
2004-06-01 00:00:00,1.0
2004-06-02 00:00:00,1.0
2004-06-03 00:00:00,1.0
2004-06-04 00:00:00,1.0
2004-06-07 00:00:00,1.0
2004-06-08 00:00:00,1.0
2004-06-09 00:00:00,1.0
2004-06-10 00:00:00,1.0
2004-06-14 00:00:00,1.0
2004-06-15 00:00:00,1.0
2004-06-16 00:00:00,1.0
2004-06-17 00:00:00,1.0
2004-06-18 00:00:00,1.0
2004-06-21 00:00:00,1.0
2004-06-22 00:00:00,1.0
2004-06-23 00:00:00,1.0
2004-06-24 00:00:00,1.0
2004-06-25 00:00:00,1.0
2004-06-28 00:00:00,1.0
2004-06-29 00:00:00,1.0
2004-06-30 00:00:00,1.0
2004-07-01 00:00:00,1.0
2004-07-02 00:00:00,1.0
2004-07-06 00:00:00,1.0
2004-07-07 00:00:00,1.0
2004-07-08 00:00:00,1.0
2004-07-09 00:00:00,1.0
2004-07-12 00:00:00,1.0
2004-07-13 00:00:00,1.0
2004-07-14 00:00:00,1.0
2004-07-15 00:00:00,1.0
2004-07-16 00:00:00,1.0
2004-07-19 00:00:00,1.0
2004-07-20 00:00:00,1.0
2004-07-21 00:00:00,1.0
2004-07-22 00:00:00,1.0
2004-07-23 00:00:00,1.0
2004-07-26 00:00:00,1.0
2004-07-27 00:00:00,1.0
2004-07-28 00:00:00,1.0
2004-07-29 00:00:00,1.0
2004-07-30 00:00:00,1.0
2004-08-02 00:00:00,1.0
2004-08-03 00:00:00,1.0
2004-08-04 00:00:00,1.0
2004-08-05 00:00:00,1.0
2004-08-06 00:00:00,1.0
2004-08-09 00:00:00,1.0
2004-08-10 00:00:00,1.0
2004-08-11 00:00:00,1.0
2004-08-12 00:00:00,1.0
2004-08-13 00:00:00,1.0
2004-08-16 00:00:00,1.0
2004-08-17 00:00:00,1.0
2004-08-18 00:00:00,1.0
2004-08-19 00:00:00,1.0
2004-08-20 00:00:00,1.0
2004-08-23 00:00:00,1.0
2004-08-24 00:00:00,1.0
2004-08-25 00:00:00,1.0
2004-08-26 00:00:00,1.0
2004-08-27 00:00:00,1.0
2004-08-30 00:00:00,1.0
2004-08-31 00:00:00,1.0
2004-09-01 00:00:00,1.0
2004-09-02 00:00:00,1.0
2004-09-03 00:00:00,1.0
2004-09-07 00:00:00,1.0
2004-09-08 00:00:00,1.0
2004-09-09 00:00:00,1.0
2004-09-10 00:00:00,1.0
2004-09-13 00:00:00,1.0
2004-09-14 00:00:00,1.0
2004-09-15 00:00:00,1.0
2004-09-16 00:00:00,1.0
2004-09-17 00:00:00,1.0
2004-09-20 00:00:00,1.0
2004-09-21 00:00:00,1.0
2004-09-22 00:00:00,1.0
2004-09-23 00:00:00,1.0
2004-09-24 00:00:00,1.0
2004-09-27 00:00:00,1.0
2004-09-28 00:00:00,1.0
2004-09-29 00:00:00,1.0
2004-09-30 00:00:00,1.0
2004-10-01 00:00:00,1.0
2004-10-04 00:00:00,1.0
2004-10-05 00:00:00,1.0
2004-10-06 00:00:00,1.0
2004-10-07 00:00:00,1.0
2004-10-08 00:00:00,1.0
2004-10-11 00:00:00,1.0
2004-10-12 00:00:00,1.0
2004-10-13 00:00:00,1.0
2004-10-14 00:00:00,1.0
2004-10-15 00:00:00,1.0
2004-10-18 00:00:00,1.0
2004-10-19 00:00:00,1.0
2004-10-20 00:00:00,1.0
2004-10-21 00:00:00,1.0
2004-10-22 00:00:00,1.0
2004-10-25 00:00:00,1.0
2004-10-26 00:00:00,1.0
2004-10-27 00:00:00,1.0
2004-10-28 00:00:00,1.0
2004-10-29 00:00:00,1.0
2004-11-01 00:00:00,1.0
2004-11-02 00:00:00,1.0
2004-11-03 00:00:00,1.0
2004-11-04 00:00:00,1.0
2004-11-05 00:00:00,1.0
2004-11-08 00:00:00,1.0
2004-11-09 00:00:00,1.0
2004-11-10 00:00:00,1.0
2004-11-11 00:00:00,1.0
2004-11-12 00:00:00,1.0
2004-11-15 00:00:00,1.0
2004-11-16 00:00:00,1.0
2004-11-17 00:00:00,1.0
2004-11-18 00:00:00,1.0
2004-11-19 00:00:00,1.0
2004-11-22 00:00:00,1.0
2004-11-23 00:00:00,1.0
2004-11-24 00:00:00,1.0
2004-11-26 00:00:00,1.0
2004-11-29 00:00:00,1.0
2004-11-30 00:00:00,1.0
2004-12-01 00:00:00,1.0
2004-12-02 00:00:00,1.0
2004-12-03 00:00:00,1.0
2004-12-06 00:00:00,1.0
2004-12-07 00:00:00,1.0
2004-12-08 00:00:00,1.0
2004-12-09 00:00:00,1.0
2004-12-10 00:00:00,1.0
2004-12-13 00:00:00,1.0
2004-12-14 00:00:00,1.0
2004-12-15 00:00:00,1.0
2004-12-16 00:00:00,1.0
2004-12-17 00:00:00,1.0
2004-12-20 00:00:00,1.0
2004-12-21 00:00:00,1.0
2004-12-22 00:00:00,1.0
2004-12-23 00:00:00,1.0
2004-12-27 00:00:00,1.0
2004-12-28 00:00:00,1.0
2004-12-29 00:00:00,1.0
2004-12-30 00:00:00,1.0
2004-12-31 00:00:00,1.0
2005-01-03 00:00:00,1.0
2005-01-04 00:00:00,1.0
2005-01-05 00:00:00,1.0
2005-01-06 00:00:00,1.0
2005-01-07 00:00:00,1.0
2005-01-10 00:00:00,1.0
2005-01-11 00:00:00,1.0
2005-01-12 00:00:00,1.0
2005-01-13 00:00:00,1.0
2005-01-14 00:00:00,1.0
2005-01-18 00:00:00,1.0
2005-01-19 00:00:00,1.0
2005-01-20 00:00:00,1.0
2005-01-21 00:00:00,1.0
2005-01-24 00:00:00,1.0
2005-01-25 00:00:00,1.0
2005-01-26 00:00:00,1.0
2005-01-27 00:00:00,1.0
2005-01-28 00:00:00,1.0
2005-01-31 00:00:00,1.0
2005-02-01 00:00:00,1.0
2005-02-02 00:00:00,1.0
2005-02-03 00:00:00,1.0
2005-02-04 00:00:00,1.0
2005-02-07 00:00:00,1.0
2005-02-08 00:00:00,1.0
2005-02-09 00:00:00,1.0
2005-02-10 00:00:00,1.0
2005-02-11 00:00:00,1.0
2005-02-14 00:00:00,1.0
2005-02-15 00:00:00,1.0
2005-02-16 00:00:00,1.0
2005-02-17 00:00:00,1.0
2005-02-18 00:00:00,1.0
2005-02-22 00:00:00,1.0
2005-02-23 00:00:00,1.0
2005-02-24 00:00:00,1.0
2005-02-25 00:00:00,1.0
2005-02-28 00:00:00,1.0
2005-03-01 00:00:00,1.0
2005-03-02 00:00:00,1.0
2005-03-03 00:00:00,1.0
2005-03-04 00:00:00,1.0
2005-03-07 00:00:00,1.0
2005-03-08 00:00:00,1.0
2005-03-09 00:00:00,1.0
2005-03-10 00:00:00,1.0
2005-03-11 00:00:00,1.0
2005-03-14 00:00:00,1.0
2005-03-15 00:00:00,1.0
2005-03-16 00:00:00,1.0
2005-03-17 00:00:00,1.0182275298554366
2005-03-18 00:00:00,1.0136343857274088
2005-03-21 00:00:00,0.998984673403278
2005-03-22 00:00:00,0.9805153991200501
2005-03-23 00:00:00,0.9680897355315958
2005-03-24 00:00:00,0.9670260600493157
2005-03-28 00:00:00,0.9736982062563456
2005-03-29 00:00:00,0.9581566252809387
2005-03-30 00:00:00,0.9661011400131677
2005-03-31 00:00:00,0.9631178543597804
2005-04-01 00:00:00,0.9631178543597804
2005-04-04 00:00:00,0.9612456581009545
2005-04-05 00:00:00,0.9610116335686014
2005-04-06 00:00:00,0.9741170073803816
2005-04-07 00:00:00,0.9779459295591192
2005-04-08 00:00:00,0.9756461312399062
2005-04-11 00:00:00,0.9664469379630539
2005-04-12 00:00:00,0.9784058892229617
2005-04-13 00:00:00,0.959271567207109
2005-04-14 00:00:00,0.9351696808217559
2005-04-15 00:00:00,0.9287126380360645
2005-04-18 00:00:00,0.9447794709783315
2005-04-19 00:00:00,0.9495078375483769
2005-04-20 00:00:00,0.9495078375483769
2005-04-21 00:00:00,0.9495078375483769
2005-04-22 00:00:00,0.9495078375483769
2005-04-25 00:00:00,0.9495078375483769
2005-04-26 00:00:00,0.9495078375483769
2005-04-27 00:00:00,0.9495078375483769
2005-04-28 00:00:00,0.9495078375483769
2005-04-29 00:00:00,0.9495078375483769
2005-05-02 00:00:00,0.9495078375483769
2005-05-03 00:00:00,0.9495078375483769
2005-05-04 00:00:00,0.9495078375483769
2005-05-05 00:00:00,0.9495078375483769
2005-05-06 00:00:00,0.9495078375483769
2005-05-09 00:00:00,0.9495078375483769
2005-05-10 00:00:00,0.9495078375483769
2005-05-11 00:00:00,0.9495078375483769
2005-05-12 00:00:00,0.9495078375483769
2005-05-13 00:00:00,0.9495078375483769
2005-05-16 00:00:00,0.9495078375483769
2005-05-17 00:00:00,0.9495078375483769
2005-05-18 00:00:00,0.9495078375483769
2005-05-19 00:00:00,0.9495078375483769
2005-05-20 00:00:00,0.9495078375483769
2005-05-23 00:00:00,0.9495078375483769
2005-05-24 00:00:00,0.9495078375483769
2005-05-25 00:00:00,0.9495078375483769
2005-05-26 00:00:00,0.9495078375483769
2005-05-27 00:00:00,0.9495078375483769
2005-05-31 00:00:00,0.9495078375483769
2005-06-01 00:00:00,0.9495078375483769
2005-06-02 00:00:00,0.9495078375483769
2005-06-03 00:00:00,0.9495078375483769
2005-06-06 00:00:00,0.9495078375483769
2005-06-07 00:00:00,0.946720720517414
2005-06-08 00:00:00,0.9431244404774618
2005-06-09 00:00:00,0.9480702736017215
2005-06-10 00:00:00,0.9507674863288959
2005-06-13 00:00:00,0.9545435841469396
2005-06-14 00:00:00,0.9584545426013421
2005-06-15 00:00:00,0.9656021563283536
2005-06-16 00:00:00,0.9742332370553111
2005-06-17 00:00:00,0.9859661124185188
2005-06-20 00:00:00,0.977065310418844
2005-06-21 00:00:00,0.9723451881462891
2005-06-22 00:00:00,0.9815157114186812
2005-06-23 00:00:00,0.9642535499647665
2005-06-24 00:00:00,0.9608820340557989
2005-06-27 00:00:00,0.9669507626919409
2005-06-28 00:00:00,0.9742332370553111
2005-06-29 00:00:00,0.9685690903282451
2005-06-30 00:00:00,0.9656021563283536
2005-07-01 00:00:00,0.96910853287368
2005-07-05 00:00:00,0.973424073237159
2005-07-06 00:00:00,0.9687039509646039
2005-07-07 00:00:00,0.9715360243281368
2005-07-08 00:00:00,0.9816505720550401
2005-07-11 00:00:00,0.9966201026908568
2005-07-12 00:00:00,1.008487838690423
2005-07-13 00:00:00,1.0078135355086295
2005-07-14 00:00:00,1.013612542872054
2005-07-15 00:00:00,1.008083256781347
2005-07-18 00:00:00,1.0049814621450965
2005-07-19 00:00:00,1.016444616235587
2005-07-20 00:00:00,1.0165794768719454
2005-07-21 00:00:00,1.0276380490533599
2005-07-22 00:00:00,1.0252105575989028
2005-07-25 00:00:00,1.016309755599228
2005-07-26 00:00:00,1.0221087629626526
2005-07-27 00:00:00,1.0276380490533599
2005-07-28 00:00:00,1.040449809507437
2005-07-29 00:00:00,1.0397755063256433
2005-08-01 00:00:00,1.0567679465068407
2005-08-02 00:00:00,1.0755135749607012
2005-08-03 00:00:00,1.072816362233527
2005-08-04 00:00:00,1.063376117688417
2005-08-05 00:00:00,1.0438213254164046
2005-08-08 00:00:00,1.0509689391434163
2005-08-09 00:00:00,1.0721420590517334
2005-08-10 00:00:00,1.0836052131422238
2005-08-11 00:00:00,1.077536484506082
2005-08-12 00:00:00,1.0660733304155916
2005-08-15 00:00:00,1.0734906654153205
2005-08-16 00:00:00,1.0548798975978189
2005-08-17 00:00:00,1.0555542007796122
2005-08-18 00:00:00,1.0361342691439581
2005-08-19 00:00:00,1.032088450053197
2005-08-22 00:00:00,1.0449002105072744
2005-08-23 00:00:00,1.0350553840530887
2005-08-24 00:00:00,1.0215693204172178
2005-08-25 00:00:00,1.033032474507708
2005-08-26 00:00:00,1.031683868144121
2005-08-29 00:00:00,1.0430121615982526
2005-08-30 00:00:00,1.032088450053197
2005-08-31 00:00:00,1.0535312912342318
2005-09-01 00:00:00,1.0680962399609724
2005-09-02 00:00:00,1.077536484506082
2005-09-06 00:00:00,1.0910225481419529
2005-09-07 00:00:00,1.09237115450554
2005-09-08 00:00:00,1.0906179662328768
2005-09-09 00:00:00,1.1066663819595628
2005-09-12 00:00:00,1.1050480543232584
2005-09-13 00:00:00,1.092640875778257
2005-09-14 00:00:00,1.0887299173238547
2005-09-15 00:00:00,1.095068367232714
2005-09-16 00:00:00,1.1119259467775526
2005-09-19 00:00:00,1.110307619141248
2005-09-20 00:00:00,1.1132745531411397
2005-09-21 00:00:00,1.1237936827771189
2005-09-22 00:00:00,1.112600249959346
2005-09-23 00:00:00,1.1116562255048352
2005-09-26 00:00:00,1.1215010519590207
2005-09-27 00:00:00,1.1140837169592919
2005-09-28 00:00:00,1.1267606167770106
2005-09-29 00:00:00,1.1465851303217407
2005-09-30 00:00:00,1.1446970814127189
2005-10-03 00:00:00,1.151979555776089
2005-10-04 00:00:00,1.1411907048673924
2005-10-05 00:00:00,1.106531521323204
2005-10-06 00:00:00,1.0678265186882547
2005-10-07 00:00:00,1.0942592034145617
2005-10-10 00:00:00,1.0906179662328768
2005-10-11 00:00:00,1.0953380885054314
2005-10-12 00:00:00,1.061757790052113
2005-10-13 00:00:00,1.055149618870536
2005-10-14 00:00:00,1.0511037997797748
2005-10-17 00:00:00,1.0627018145066238
2005-10-18 00:00:00,1.035729687234882
2005-10-19 00:00:00,1.0559587826886885
2005-10-20 00:00:00,1.0134776822356952
2005-10-21 00:00:00,1.040449809507437
2005-10-24 00:00:00,1.0685008218700485
2005-10-25 00:00:00,1.0474625625980898
2005-10-26 00:00:00,1.0512386604161337
2005-10-27 00:00:00,1.0262894426897724
2005-10-28 00:00:00,1.0532615699615142
2005-10-31 00:00:00,1.0721420590517334
2005-11-01 00:00:00,1.0910225481419529
2005-11-02 00:00:00,1.1078801276867913
2005-11-03 00:00:00,1.1090938734140197
2005-11-04 00:00:00,1.1068012425959215
2005-11-07 00:00:00,1.1076104064140737
2005-11-08 00:00:00,1.0972261374144532
2005-11-09 00:00:00,1.1136791350502158
2005-11-10 00:00:00,1.115432323322879
2005-11-11 00:00:00,1.1178598147773358
2005-11-14 00:00:00,1.114892880777444
2005-11-15 00:00:00,1.1085544308685849
2005-11-16 00:00:00,1.1179946754136945
2005-11-17 00:00:00,1.1344476730494568
2005-11-18 00:00:00,1.137549467685707
2005-11-21 00:00:00,1.1382237708675007
2005-11-22 00:00:00,1.137684328322066
2005-11-23 00:00:00,1.1496869249579909
2005-11-25 00:00:00,1.1488777611398389
2005-11-28 00:00:00,1.1415952867764685
2005-11-29 00:00:00,1.1314807390495654
2005-11-30 00:00:00,1.1341779517767394
2005-12-01 00:00:00,1.1638472917756553
2005-12-02 00:00:00,1.1624986854120685
2005-12-05 00:00:00,1.1719389299571779
2005-12-06 00:00:00,1.1827277808658745
2005-12-07 00:00:00,1.1715343480481017
2005-12-08 00:00:00,1.1627684066847856
2005-12-09 00:00:00,1.174636142684352
2005-12-12 00:00:00,1.1813791745022875
2005-12-13 00:00:00,1.196888147683539
2005-12-14 00:00:00,1.188931370138375
2005-12-15 00:00:00,1.1840763872294615
2005-12-16 00:00:00,1.1800305681387004
2005-12-19 00:00:00,1.177333355411526
2005-12-20 00:00:00,1.1874479031384293
2005-12-21 00:00:00,1.2067329741377246
2005-12-22 00:00:00,1.207002695410442
2005-12-23 00:00:00,1.2007991061379415
2005-12-27 00:00:00,1.1874479031384293
2005-12-28 00:00:00,1.1906845584110384
2005-12-29 00:00:00,1.190819419047397
2005-12-30 00:00:00,1.1901451158656036
2006-01-03 00:00:00,1.2346491258639773
2006-01-04 00:00:00,1.24584255868175
2006-01-05 00:00:00,1.2521810085906093
2006-01-06 00:00:00,1.2783439720441991
2006-01-09 00:00:00,1.2908860112255587
2006-01-10 00:00:00,1.2753770380443075
2006-01-11 00:00:00,1.290346568680124
2006-01-12 00:00:00,1.2724101040444158
2006-01-13 00:00:00,1.273758710408003
2006-01-17 00:00:00,1.2515067054088158
2006-01-18 00:00:00,1.2428756246818584
2006-01-19 00:00:00,1.2912905931346348
2006-01-20 00:00:00,1.2528553117724033
2006-01-23 00:00:00,1.2892676835892543
2006-01-24 00:00:00,1.3094967790430607
2006-01-25 00:00:00,1.3101710822248542
2006-01-26 00:00:00,1.3411890285873573
2006-01-27 00:00:00,1.3565631411322499
2006-01-30 00:00:00,1.3502246912233908
2006-01-31 00:00:00,1.3591254932230654
2006-02-01 00:00:00,1.358451190041272
2006-02-02 00:00:00,1.3235222852243662
2006-02-03 00:00:00,1.3054509599522994
2006-02-06 00:00:00,1.3364689063148025
2006-02-07 00:00:00,1.3014051408615381
2006-02-08 00:00:00,1.3054509599522994
2006-02-09 00:00:00,1.308822475861267
2006-02-10 00:00:00,1.3067995663158867
2006-02-13 00:00:00,1.274567874226155
2006-02-14 00:00:00,1.3067995663158867
2006-02-15 00:00:00,1.300056534497951
2006-02-16 00:00:00,1.3337716935876285
2006-02-17 00:00:00,1.332018505314965
2006-02-21 00:00:00,1.3202856299517574
2006-02-22 00:00:00,1.3274332436787692
2006-02-23 00:00:00,1.327028661769693
2006-02-24 00:00:00,1.329591013860508
2006-02-27 00:00:00,1.341728471132792
2006-02-28 00:00:00,1.3067995663158867
2006-03-01 00:00:00,1.3429422168600205
2006-03-02 00:00:00,1.34402110195089
2006-03-03 00:00:00,1.3216342363153444
2006-03-06 00:00:00,1.3014051408615381
2006-03-07 00:00:00,1.255552524499577
2006-03-08 00:00:00,1.2629698594993064
2006-03-09 00:00:00,1.2501580990452288
2006-03-10 00:00:00,1.276455923135177
2006-03-13 00:00:00,1.2751073167715898
2006-03-14 00:00:00,1.3148912044974088
2006-03-15 00:00:00,1.3301304564059429
2006-03-16 00:00:00,1.3182627204063766
2006-03-17 00:00:00,1.3275681043151275
2006-03-20 00:00:00,1.3351202999512155
2006-03-21 00:00:00,1.3081481726794737
2006-03-22 00:00:00,1.322578260769855
2006-03-23 00:00:00,1.310305942861213
2006-03-24 00:00:00,1.3216342363153444
2006-03-27 00:00:00,1.3297258744968667
2006-03-28 00:00:00,1.3054509599522994
2006-03-29 00:00:00,1.3304001776786605
2006-03-30 00:00:00,1.337143209496596
2006-03-31 00:00:00,1.3351202999512155
2006-04-03 00:00:00,1.3728812781316535
2006-04-04 00:00:00,1.3809729163131763
2006-04-05 00:00:00,1.3951332831308407
2006-04-06 00:00:00,1.387985669403829
2006-04-07 00:00:00,1.3668125494955117
2006-04-10 00:00:00,1.362092427222957
2006-04-11 00:00:00,1.350494412496108
2006-04-12 00:00:00,1.358316329404913
2006-04-13 00:00:00,1.3647896399501311
2006-04-17 00:00:00,1.3809729163131763
2006-04-18 00:00:00,1.4268255326751371
2006-04-19 00:00:00,1.4355914740384532
2006-04-20 00:00:00,1.4304667698568223
2006-04-21 00:00:00,1.441660202674595
2006-04-24 00:00:00,1.4227797135843758
2006-04-25 00:00:00,1.4032249213123629
2006-04-26 00:00:00,1.4308713517658984
2006-04-27 00:00:00,1.408349625493994
2006-04-28 00:00:00,1.4221054104025825
2006-05-01 00:00:00,1.4217008284935062
2006-05-02 00:00:00,1.4467849068562262
2006-05-03 00:00:00,1.4484032344925306
2006-05-04 00:00:00,1.462563601310195
2006-05-05 00:00:00,1.486164212672969
2006-05-08 00:00:00,1.4969530635816657
2006-05-09 00:00:00,1.4983016699452527
2006-05-10 00:00:00,1.482118393582208
2006-05-11 00:00:00,1.444357415401769
2006-05-12 00:00:00,1.4065964372213307
2006-05-15 00:00:00,1.3728812781316535
2006-05-16 00:00:00,1.379759170585948
2006-05-17 00:00:00,1.3324230872240412
2006-05-18 00:00:00,1.3067995663158867
2006-05-19 00:00:00,1.3349854393148564
2006-05-22 00:00:00,1.2721403827716984
2006-05-23 00:00:00,1.2582497372267514
2006-05-24 00:00:00,1.2494837958634353
2006-05-25 00:00:00,1.3026188865887667
2006-05-26 00:00:00,1.3118141886352155
2006-05-30 00:00:00,1.3118141886352155
2006-05-31 00:00:00,1.3118141886352155
2006-06-01 00:00:00,1.3118141886352155
2006-06-02 00:00:00,1.3118141886352155
2006-06-05 00:00:00,1.3118141886352155
2006-06-06 00:00:00,1.3118141886352155
2006-06-07 00:00:00,1.3118141886352155
2006-06-08 00:00:00,1.3118141886352155
2006-06-09 00:00:00,1.3118141886352155
2006-06-12 00:00:00,1.3118141886352155
2006-06-13 00:00:00,1.3118141886352155
2006-06-14 00:00:00,1.3118141886352155
2006-06-15 00:00:00,1.3118141886352155
2006-06-16 00:00:00,1.3118141886352155
2006-06-19 00:00:00,1.3118141886352155
2006-06-20 00:00:00,1.3118141886352155
2006-06-21 00:00:00,1.3118141886352155
2006-06-22 00:00:00,1.3118141886352155
2006-06-23 00:00:00,1.3118141886352155
2006-06-26 00:00:00,1.3118141886352155
2006-06-27 00:00:00,1.3118141886352155
2006-06-28 00:00:00,1.3118141886352155
2006-06-29 00:00:00,1.3118141886352155
2006-06-30 00:00:00,1.3118141886352155
2006-07-03 00:00:00,1.3118141886352155
2006-07-05 00:00:00,1.3118141886352155
2006-07-06 00:00:00,1.3118141886352155
2006-07-07 00:00:00,1.3118141886352155
2006-07-10 00:00:00,1.3118141886352155
2006-07-11 00:00:00,1.3118141886352155
2006-07-12 00:00:00,1.3118141886352155
2006-07-13 00:00:00,1.3118141886352155
2006-07-14 00:00:00,1.3118141886352155
2006-07-17 00:00:00,1.3118141886352155
2006-07-18 00:00:00,1.3118141886352155
2006-07-19 00:00:00,1.3118141886352155
2006-07-20 00:00:00,1.3118141886352155
2006-07-21 00:00:00,1.3118141886352155
2006-07-24 00:00:00,1.3118141886352155
2006-07-25 00:00:00,1.3118141886352155
2006-07-26 00:00:00,1.3118141886352155
2006-07-27 00:00:00,1.3118141886352155
2006-07-28 00:00:00,1.3118141886352155
2006-07-31 00:00:00,1.3118141886352155
2006-08-01 00:00:00,1.3118141886352155
2006-08-02 00:00:00,1.3118141886352155
2006-08-03 00:00:00,1.3118141886352155
2006-08-04 00:00:00,1.3118141886352155
2006-08-07 00:00:00,1.3118141886352155
2006-08-08 00:00:00,1.3118141886352155
2006-08-09 00:00:00,1.3118141886352155
2006-08-10 00:00:00,1.3118141886352155
2006-08-11 00:00:00,1.3118141886352155
2006-08-14 00:00:00,1.3118141886352155
2006-08-15 00:00:00,1.3118141886352155
2006-08-16 00:00:00,1.3118141886352155
2006-08-17 00:00:00,1.3118141886352155
2006-08-18 00:00:00,1.3118141886352155
2006-08-21 00:00:00,1.3118141886352155
2006-08-22 00:00:00,1.3118141886352155
2006-08-23 00:00:00,1.3118141886352155
2006-08-24 00:00:00,1.3118141886352155
2006-08-25 00:00:00,1.3118141886352155
2006-08-28 00:00:00,1.3118141886352155
2006-08-29 00:00:00,1.3118141886352155
2006-08-30 00:00:00,1.3118141886352155
2006-08-31 00:00:00,1.3118141886352155
2006-09-01 00:00:00,1.3118141886352155
2006-09-05 00:00:00,1.3118141886352155
2006-09-06 00:00:00,1.3118141886352155
2006-09-07 00:00:00,1.3118141886352155
2006-09-08 00:00:00,1.3118141886352155
2006-09-11 00:00:00,1.3118141886352155
2006-09-12 00:00:00,1.3118141886352155
2006-09-13 00:00:00,1.3118141886352155
2006-09-14 00:00:00,1.3118141886352155
2006-09-15 00:00:00,1.3118141886352155
2006-09-18 00:00:00,1.3118141886352155
2006-09-19 00:00:00,1.3118141886352155
2006-09-20 00:00:00,1.3118141886352155
2006-09-21 00:00:00,1.3118141886352155
2006-09-22 00:00:00,1.3118141886352155
2006-09-25 00:00:00,1.3118141886352155
2006-09-26 00:00:00,1.3118141886352155
2006-09-27 00:00:00,1.3118141886352155
2006-09-28 00:00:00,1.3118141886352155
2006-09-29 00:00:00,1.3118141886352155
2006-10-02 00:00:00,1.3118141886352155
2006-10-03 00:00:00,1.3118141886352155
2006-10-04 00:00:00,1.3118141886352155
2006-10-05 00:00:00,1.3118141886352155
2006-10-06 00:00:00,1.3118141886352155
2006-10-09 00:00:00,1.3118141886352155
2006-10-10 00:00:00,1.3118141886352155
2006-10-11 00:00:00,1.3118141886352155
2006-10-12 00:00:00,1.3118141886352155
2006-10-13 00:00:00,1.3118141886352155
2006-10-16 00:00:00,1.3118141886352155
2006-10-17 00:00:00,1.3118141886352155
2006-10-18 00:00:00,1.3118141886352155
2006-10-19 00:00:00,1.3118141886352155
2006-10-20 00:00:00,1.3118141886352155
2006-10-23 00:00:00,1.3118141886352155
2006-10-24 00:00:00,1.3118141886352155
2006-10-25 00:00:00,1.3118141886352155
2006-10-26 00:00:00,1.3118141886352155
2006-10-27 00:00:00,1.3118141886352155
2006-10-30 00:00:00,1.3118141886352155
2006-10-31 00:00:00,1.3118141886352155
2006-11-01 00:00:00,1.3118141886352155
2006-11-02 00:00:00,1.3118141886352155
2006-11-03 00:00:00,1.3118141886352155
2006-11-06 00:00:00,1.3118141886352155
2006-11-07 00:00:00,1.3118141886352155
2006-11-08 00:00:00,1.3118141886352155
2006-11-09 00:00:00,1.3118141886352155
2006-11-10 00:00:00,1.3118141886352155
2006-11-13 00:00:00,1.3118141886352155
2006-11-14 00:00:00,1.3118141886352155
2006-11-15 00:00:00,1.3118141886352155
2006-11-16 00:00:00,1.3118141886352155
2006-11-17 00:00:00,1.3118141886352155
2006-11-20 00:00:00,1.3118141886352155
2006-11-21 00:00:00,1.3118141886352155
2006-11-22 00:00:00,1.3118141886352155
2006-11-24 00:00:00,1.3118141886352155
2006-11-27 00:00:00,1.3118141886352155
2006-11-28 00:00:00,1.3118141886352155
2006-11-29 00:00:00,1.3118141886352155
2006-11-30 00:00:00,1.3118141886352155
2006-12-01 00:00:00,1.3118141886352155
2006-12-04 00:00:00,1.3118141886352155
2006-12-05 00:00:00,1.3118141886352155
2006-12-06 00:00:00,1.3118141886352155
2006-12-07 00:00:00,1.3118141886352155
2006-12-08 00:00:00,1.3118141886352155
2006-12-11 00:00:00,1.3100588618886029
2006-12-12 00:00:00,1.2942609211690888
2006-12-13 00:00:00,1.3012822281555394
2006-12-14 00:00:00,1.3235163669459666
2006-12-15 00:00:00,1.3293674561013424
2006-12-18 00:00:00,1.3201227352358489
2006-12-19 00:00:00,1.3118141886352155
2006-12-20 00:00:00,1.3077184262264525
2006-12-21 00:00:00,1.3053779905643021
2006-12-22 00:00:00,1.3100588618886029
2006-12-26 00:00:00,1.322229127331784
2006-12-27 00:00:00,1.3410696344120936
2006-12-28 00:00:00,1.3384951551837283
2006-12-29 00:00:00,1.3360376977384707
2007-01-03 00:00:00,1.3473888106998992
2007-01-04 00:00:00,1.3287823471858047
2007-01-05 00:00:00,1.2899311151941106
2007-01-08 00:00:00,1.2992928578427116
2007-01-09 00:00:00,1.2702714556320485
2007-01-10 00:00:00,1.2556293786624584
2007-01-11 00:00:00,1.2640432711392677
2007-01-12 00:00:00,1.2897459837739038
2007-01-16 00:00:00,1.2943563358159913
2007-01-17 00:00:00,1.2889391721665386
2007-01-18 00:00:00,1.2753386336423815
2007-01-19 00:00:00,1.2982751350517652
2007-01-22 00:00:00,1.2967767706380868
2007-01-23 00:00:00,1.326283023707445
2007-01-24 00:00:00,1.337808903812663
2007-01-25 00:00:00,1.2966615118370346
2007-01-26 00:00:00,1.3046143691096352
2007-01-29 00:00:00,1.2873255489518083
2007-01-30 00:00:00,1.307265321533835
2007-01-31 00:00:00,1.3174080960264272
2007-02-01 00:00:00,1.3335443281737327
2007-02-02 00:00:00,1.329510270136906
2007-02-05 00:00:00,1.33077811694848
2007-02-06 00:00:00,1.3439176202684286
2007-02-07 00:00:00,1.338730974221081
2007-02-08 00:00:00,1.3315849285558456
2007-02-09 00:00:00,1.3156792140106446
2007-02-12 00:00:00,1.3066890275285745
2007-02-13 00:00:00,1.327435611717967
2007-02-14 00:00:00,1.3560197943789079
2007-02-15 00:00:00,1.3568266059862728
2007-02-16 00:00:00,1.359938593614682
2007-02-20 00:00:00,1.3635116164472993
2007-02-21 00:00:00,1.3673151568820214
2007-02-22 00:00:00,1.365816792468343
2007-02-23 00:00:00,1.354290912363125
2007-02-26 00:00:00,1.353714618357864
2007-02-27 00:00:00,1.2436424633530316
2007-02-28 00:00:00,1.2649653415476847
2007-03-01 00:00:00,1.2564361902698233
2007-03-02 00:00:00,1.2447950513635533
2007-03-05 00:00:00,1.195240000615714
2007-03-06 00:00:00,1.2153397672930455
2007-03-07 00:00:00,1.2099609564920693
2007-03-08 00:00:00,1.228928341948143
2007-03-09 00:00:00,1.2318300688276167
2007-03-12 00:00:00,1.236005724581006
2007-03-13 00:00:00,1.2099609564920693
2007-03-14 00:00:00,1.218949232435806
2007-03-15 00:00:00,1.2253188768053827
2007-03-16 00:00:00,1.218099946519862
2007-03-19 00:00:00,1.2361472722336633
2007-03-20 00:00:00,1.2400398326817381
2007-03-21 00:00:00,1.2650229933757453
2007-03-22 00:00:00,1.2614843020593136
2007-03-23 00:00:00,1.2660846007706748
2007-03-26 00:00:00,1.2632536477175293
2007-03-27 00:00:00,1.2611304329276705
2007-03-28 00:00:00,1.2481080488832021
2007-03-29 00:00:00,1.2624751356279145
2007-03-30 00:00:00,1.262333587975257
2007-04-02 00:00:00,1.2690571014764773
2007-04-03 00:00:00,1.2807347828207014
2007-04-04 00:00:00,1.2870336533639497
2007-04-05 00:00:00,1.2892276419801374
2007-04-09 00:00:00,1.2925540118175831
2007-04-10 00:00:00,1.2965881199183151
2007-04-11 00:00:00,1.2886614513695083
2007-04-12 00:00:00,1.3028869904615634
2007-04-13 00:00:00,1.3081242536098823
2007-04-16 00:00:00,1.3178910416432335
2007-04-17 00:00:00,1.3127245523212432
2007-04-18 00:00:00,1.3060718126463517
2007-04-19 00:00:00,1.2992067514924743
2007-04-20 00:00:00,1.309468956310126
2007-04-23 00:00:00,1.3048686575987651
2007-04-24 00:00:00,1.3061425864726803
2007-04-25 00:00:00,1.3156970530270458
2007-04-26 00:00:00,1.314281576500473
2007-04-27 00:00:00,1.3101766945734123
2007-04-30 00:00:00,1.2930494286018834
2007-05-01 00:00:00,1.2964465722656577
2007-05-02 00:00:00,1.313503064410858
2007-05-03 00:00:00,1.3212881853070075
2007-05-04 00:00:00,1.3205804470437215
2007-05-07 00:00:00,1.3263131269763404
2007-05-08 00:00:00,1.3147769932847735
2007-05-09 00:00:00,1.3289317585505
2007-05-10 00:00:00,1.3071334200412812
2007-05-11 00:00:00,1.3292148538558144
2007-05-14 00:00:00,1.3203681255647355
2007-05-15 00:00:00,1.3216420544386507
2007-05-16 00:00:00,1.3342397955251473
2007-05-17 00:00:00,1.330630330382387
2007-05-18 00:00:00,1.3355844982253913
2007-05-21 00:00:00,1.336787653272978
2007-05-22 00:00:00,1.337353843883607
2007-05-23 00:00:00,1.3359383673570344
2007-05-24 00:00:00,1.3143523503268015
2007-05-25 00:00:00,1.3277993773292418
2007-05-29 00:00:00,1.3247561027971104
2007-05-30 00:00:00,1.333744378740847
2007-05-31 00:00:00,1.3352306290937481
2007-06-01 00:00:00,1.3587983132611825
2007-06-04 00:00:00,1.354693431334122
2007-06-05 00:00:00,1.3515086091493336
2007-06-06 00:00:00,1.328507115592528
2007-06-07 00:00:00,1.3147769932847735
2007-06-08 00:00:00,1.3302764612507438
2007-06-11 00:00:00,1.3379200344942364
2007-06-12 00:00:00,1.322774435659909
2007-06-13 00:00:00,1.3399724754577664
2007-06-14 00:00:00,1.3541272407234928
2007-06-15 00:00:00,1.3750055194904394
2007-06-18 00:00:00,1.3758548054063828
2007-06-19 00:00:00,1.3769164128013123
2007-06-20 00:00:00,1.3748639718377822
2007-06-21 00:00:00,1.3805258779440726
2007-06-22 00:00:00,1.3680696845102334
2007-06-25 00:00:00,1.3609923018773702
2007-06-26 00:00:00,1.3529240856759062
2007-06-27 00:00:00,1.36566337441506
2007-06-28 00:00:00,1.3661587911993602
2007-06-29 00:00:00,1.3695559348631345
2007-07-02 00:00:00,1.3883109988402222
2007-07-03 00:00:00,1.3958837982573857
2007-07-05 00:00:00,1.4001302278371037
2007-07-06 00:00:00,1.416620529371675
2007-07-09 00:00:00,1.4261042220997115
2007-07-10 00:00:00,1.4065706460330092
2007-07-11 00:00:00,1.4146388622344732
2007-07-12 00:00:00,1.4360833316120487
2007-07-13 00:00:00,1.4481148820879164
2007-07-16 00:00:00,1.4379942249229218
2007-07-17 00:00:00,1.4377819034439359
2007-07-18 00:00:00,1.4255380314890826
2007-07-19 00:00:00,1.4350217242171193
2007-07-20 00:00:00,1.428510532194885
2007-07-23 00:00:00,1.457173931857981
2007-07-24 00:00:00,1.4222824354779655
2007-07-25 00:00:00,1.427944341584256
2007-07-26 00:00:00,1.3774826034119414
2007-07-27 00:00:00,1.3692020657314914
2007-07-30 00:00:00,1.3956714767784
2007-07-31 00:00:00,1.3760671268853688
2007-08-01 00:00:00,1.3723868879162802
2007-08-02 00:00:00,1.3827198665602602
2007-08-03 00:00:00,1.3419541425949681
2007-08-06 00:00:00,1.3580905749978962
2007-08-07 00:00:00,1.3649556361517736
2007-08-08 00:00:00,1.3960961197363717
2007-08-09 00:00:00,1.3564627769923379
2007-08-10 00:00:00,1.3405386660683956
2007-08-13 00:00:00,1.3494561681858033
2007-08-14 00:00:00,1.325888484018369
2007-08-15 00:00:00,1.2909969876383531
2007-08-16 00:00:00,1.2764883532409836
2007-08-17 00:00:00,1.3080336064931204
2007-08-20 00:00:00,1.3080336064931204
2007-08-21 00:00:00,1.3080336064931204
2007-08-22 00:00:00,1.3080336064931204
2007-08-23 00:00:00,1.3080336064931204
2007-08-24 00:00:00,1.3080336064931204
2007-08-27 00:00:00,1.3080336064931204
2007-08-28 00:00:00,1.3080336064931204
2007-08-29 00:00:00,1.3080336064931204
2007-08-30 00:00:00,1.3080336064931204
2007-08-31 00:00:00,1.3080336064931204
2007-09-04 00:00:00,1.3080336064931204
2007-09-05 00:00:00,1.3080336064931204
2007-09-06 00:00:00,1.3080336064931204
2007-09-07 00:00:00,1.3080336064931204
2007-09-10 00:00:00,1.3080336064931204
2007-09-11 00:00:00,1.3080336064931204
2007-09-12 00:00:00,1.3080336064931204
2007-09-13 00:00:00,1.3080336064931204
2007-09-14 00:00:00,1.3080336064931204
2007-09-17 00:00:00,1.3080336064931204
2007-09-18 00:00:00,1.3080336064931204
2007-09-19 00:00:00,1.3080336064931204
2007-09-20 00:00:00,1.3080336064931204
2007-09-21 00:00:00,1.3080336064931204
2007-09-24 00:00:00,1.3080336064931204
2007-09-25 00:00:00,1.3080336064931204
2007-09-26 00:00:00,1.3080336064931204
2007-09-27 00:00:00,1.3080336064931204
2007-09-28 00:00:00,1.3080336064931204
2007-10-01 00:00:00,1.3080336064931204
2007-10-02 00:00:00,1.3080336064931204
2007-10-03 00:00:00,1.3080336064931204
2007-10-04 00:00:00,1.3080336064931204
2007-10-05 00:00:00,1.3080336064931204
2007-10-08 00:00:00,1.3080336064931204
2007-10-09 00:00:00,1.3080336064931204
2007-10-10 00:00:00,1.3080336064931204
2007-10-11 00:00:00,1.3080336064931204
2007-10-12 00:00:00,1.3080336064931204
2007-10-15 00:00:00,1.3080336064931204
2007-10-16 00:00:00,1.3080336064931204
2007-10-17 00:00:00,1.3080336064931204
2007-10-18 00:00:00,1.3080336064931204
2007-10-19 00:00:00,1.3080336064931204
2007-10-22 00:00:00,1.3080336064931204
2007-10-23 00:00:00,1.3080336064931204
2007-10-24 00:00:00,1.3080336064931204
2007-10-25 00:00:00,1.3080336064931204
2007-10-26 00:00:00,1.3080336064931204
2007-10-29 00:00:00,1.3080336064931204
2007-10-30 00:00:00,1.3080336064931204
2007-10-31 00:00:00,1.3080336064931204
2007-11-01 00:00:00,1.3080336064931204
2007-11-02 00:00:00,1.3080336064931204
2007-11-05 00:00:00,1.3080336064931204
2007-11-06 00:00:00,1.3080336064931204
2007-11-07 00:00:00,1.3080336064931204
2007-11-08 00:00:00,1.3080336064931204
2007-11-09 00:00:00,1.3080336064931204
2007-11-12 00:00:00,1.3080336064931204
2007-11-13 00:00:00,1.3080336064931204
2007-11-14 00:00:00,1.3080336064931204
2007-11-15 00:00:00,1.3080336064931204
2007-11-16 00:00:00,1.3080336064931204
2007-11-19 00:00:00,1.3080336064931204
2007-11-20 00:00:00,1.3080336064931204
2007-11-21 00:00:00,1.3080336064931204
2007-11-23 00:00:00,1.3080336064931204
2007-11-26 00:00:00,1.3080336064931204
2007-11-27 00:00:00,1.3080336064931204
2007-11-28 00:00:00,1.3080336064931204
2007-11-29 00:00:00,1.3080336064931204
2007-11-30 00:00:00,1.3080336064931204
2007-12-03 00:00:00,1.3080336064931204
2007-12-04 00:00:00,1.3080336064931204
2007-12-05 00:00:00,1.3080336064931204
2007-12-06 00:00:00,1.3080336064931204
2007-12-07 00:00:00,1.3080336064931204
2007-12-10 00:00:00,1.3080336064931204
2007-12-11 00:00:00,1.3080336064931204
2007-12-12 00:00:00,1.3080336064931204
2007-12-13 00:00:00,1.3080336064931204
2007-12-14 00:00:00,1.3080336064931204
2007-12-17 00:00:00,1.3080336064931204
2007-12-18 00:00:00,1.3080336064931204
2007-12-19 00:00:00,1.3080336064931204
2007-12-20 00:00:00,1.3080336064931204
2007-12-21 00:00:00,1.3080336064931204
2007-12-24 00:00:00,1.3080336064931204
2007-12-26 00:00:00,1.3080336064931204
2007-12-27 00:00:00,1.3080336064931204
2007-12-28 00:00:00,1.3080336064931204
2007-12-31 00:00:00,1.3080336064931204
2008-01-02 00:00:00,1.3080336064931204
2008-01-03 00:00:00,1.3080336064931204
2008-01-04 00:00:00,1.3080336064931204
2008-01-07 00:00:00,1.3080336064931204
2008-01-08 00:00:00,1.3080336064931204
2008-01-09 00:00:00,1.3080336064931204
2008-01-10 00:00:00,1.3080336064931204
2008-01-11 00:00:00,1.3080336064931204
2008-01-14 00:00:00,1.3080336064931204
2008-01-15 00:00:00,1.3080336064931204
2008-01-16 00:00:00,1.3080336064931204
2008-01-17 00:00:00,1.3080336064931204
2008-01-18 00:00:00,1.3080336064931204
2008-01-22 00:00:00,1.3080336064931204
2008-01-23 00:00:00,1.3080336064931204
2008-01-24 00:00:00,1.3080336064931204
2008-01-25 00:00:00,1.3080336064931204
2008-01-28 00:00:00,1.3080336064931204
2008-01-29 00:00:00,1.3080336064931204
2008-01-30 00:00:00,1.3080336064931204
2008-01-31 00:00:00,1.3080336064931204
2008-02-01 00:00:00,1.3080336064931204
2008-02-04 00:00:00,1.3080336064931204
2008-02-05 00:00:00,1.3080336064931204
2008-02-06 00:00:00,1.3080336064931204
2008-02-07 00:00:00,1.3080336064931204
2008-02-08 00:00:00,1.3080336064931204
2008-02-11 00:00:00,1.3080336064931204
2008-02-12 00:00:00,1.3080336064931204
2008-02-13 00:00:00,1.3080336064931204
2008-02-14 00:00:00,1.3080336064931204
2008-02-15 00:00:00,1.3080336064931204
2008-02-19 00:00:00,1.3080336064931204
2008-02-20 00:00:00,1.3080336064931204
2008-02-21 00:00:00,1.3080336064931204
2008-02-22 00:00:00,1.3080336064931204
2008-02-25 00:00:00,1.3080336064931204
2008-02-26 00:00:00,1.3080336064931204
2008-02-27 00:00:00,1.3080336064931204
2008-02-28 00:00:00,1.3080336064931204
2008-02-29 00:00:00,1.3080336064931204
2008-03-03 00:00:00,1.3080336064931204
2008-03-04 00:00:00,1.3080336064931204
2008-03-05 00:00:00,1.3080336064931204
2008-03-06 00:00:00,1.3080336064931204
2008-03-07 00:00:00,1.3080336064931204
2008-03-10 00:00:00,1.3080336064931204
2008-03-11 00:00:00,1.3080336064931204
2008-03-12 00:00:00,1.3080336064931204
2008-03-13 00:00:00,1.3080336064931204
2008-03-14 00:00:00,1.3080336064931204
2008-03-17 00:00:00,1.3080336064931204
2008-03-18 00:00:00,1.3080336064931204
2008-03-19 00:00:00,1.3080336064931204
2008-03-20 00:00:00,1.3080336064931204
2008-03-24 00:00:00,1.3080336064931204
2008-03-25 00:00:00,1.3080336064931204
2008-03-26 00:00:00,1.3080336064931204
2008-03-27 00:00:00,1.3080336064931204
2008-03-28 00:00:00,1.3080336064931204
2008-03-31 00:00:00,1.3080336064931204
2008-04-01 00:00:00,1.3080336064931204
2008-04-02 00:00:00,1.3080336064931204
2008-04-03 00:00:00,1.3080336064931204
2008-04-04 00:00:00,1.3080336064931204
2008-04-07 00:00:00,1.3080336064931204
2008-04-08 00:00:00,1.3080336064931204
2008-04-09 00:00:00,1.3080336064931204
2008-04-10 00:00:00,1.3080336064931204
2008-04-11 00:00:00,1.3080336064931204
2008-04-14 00:00:00,1.3080336064931204
2008-04-15 00:00:00,1.3080336064931204
2008-04-16 00:00:00,1.3080336064931204
2008-04-17 00:00:00,1.3080336064931204
2008-04-18 00:00:00,1.3080336064931204
2008-04-21 00:00:00,1.3080336064931204
2008-04-22 00:00:00,1.3080336064931204
2008-04-23 00:00:00,1.3080336064931204
2008-04-24 00:00:00,1.3080336064931204
2008-04-25 00:00:00,1.3080336064931204
2008-04-28 00:00:00,1.3080336064931204
2008-04-29 00:00:00,1.3080336064931204
2008-04-30 00:00:00,1.3080336064931204
2008-05-01 00:00:00,1.3080336064931204
2008-05-02 00:00:00,1.3080336064931204
2008-05-05 00:00:00,1.3080336064931204
2008-05-06 00:00:00,1.3080336064931204
2008-05-07 00:00:00,1.3080336064931204
2008-05-08 00:00:00,1.3080336064931204
2008-05-09 00:00:00,1.3080336064931204
2008-05-12 00:00:00,1.3080336064931204
2008-05-13 00:00:00,1.3080336064931204
2008-05-14 00:00:00,1.3080336064931204
2008-05-15 00:00:00,1.3080336064931204
2008-05-16 00:00:00,1.3080336064931204
2008-05-19 00:00:00,1.3080336064931204
2008-05-20 00:00:00,1.3080336064931204
2008-05-21 00:00:00,1.3080336064931204
2008-05-22 00:00:00,1.3080336064931204
2008-05-23 00:00:00,1.3080336064931204
2008-05-27 00:00:00,1.3080336064931204
2008-05-28 00:00:00,1.3080336064931204
2008-05-29 00:00:00,1.3080336064931204
2008-05-30 00:00:00,1.3080336064931204
2008-06-02 00:00:00,1.3080336064931204
2008-06-03 00:00:00,1.3080336064931204
2008-06-04 00:00:00,1.3080336064931204
2008-06-05 00:00:00,1.3080336064931204
2008-06-06 00:00:00,1.3080336064931204
2008-06-09 00:00:00,1.3080336064931204
2008-06-10 00:00:00,1.3080336064931204
2008-06-11 00:00:00,1.3080336064931204
2008-06-12 00:00:00,1.3080336064931204
2008-06-13 00:00:00,1.3178269211312947
2008-06-16 00:00:00,1.3164698915958413
2008-06-17 00:00:00,1.3101260412878175
2008-06-18 00:00:00,1.3091534296740865
2008-06-19 00:00:00,1.3156189428015663
2008-06-20 00:00:00,1.2800477149156348
2008-06-23 00:00:00,1.2772518818380718
2008-06-24 00:00:00,1.268668798549202
2008-06-25 00:00:00,1.268668798549202
2008-06-26 00:00:00,1.268668798549202
2008-06-27 00:00:00,1.268668798549202
2008-06-30 00:00:00,1.268668798549202
2008-07-01 00:00:00,1.268668798549202
2008-07-02 00:00:00,1.268668798549202
2008-07-03 00:00:00,1.268668798549202
2008-07-07 00:00:00,1.268668798549202
2008-07-08 00:00:00,1.268668798549202
2008-07-09 00:00:00,1.268668798549202
2008-07-10 00:00:00,1.268668798549202
2008-07-11 00:00:00,1.268668798549202
2008-07-14 00:00:00,1.268668798549202
2008-07-15 00:00:00,1.268668798549202
2008-07-16 00:00:00,1.268668798549202
2008-07-17 00:00:00,1.268668798549202
2008-07-18 00:00:00,1.268668798549202
2008-07-21 00:00:00,1.268668798549202
2008-07-22 00:00:00,1.268668798549202
2008-07-23 00:00:00,1.268668798549202
2008-07-24 00:00:00,1.268668798549202
2008-07-25 00:00:00,1.268668798549202
2008-07-28 00:00:00,1.268668798549202
2008-07-29 00:00:00,1.268668798549202
2008-07-30 00:00:00,1.268668798549202
2008-07-31 00:00:00,1.268668798549202
2008-08-01 00:00:00,1.268668798549202
2008-08-04 00:00:00,1.268668798549202
2008-08-05 00:00:00,1.268668798549202
2008-08-06 00:00:00,1.268668798549202
2008-08-07 00:00:00,1.268668798549202
2008-08-08 00:00:00,1.268668798549202
2008-08-11 00:00:00,1.268668798549202
2008-08-12 00:00:00,1.268668798549202
2008-08-13 00:00:00,1.268668798549202
2008-08-14 00:00:00,1.268668798549202
2008-08-15 00:00:00,1.268668798549202
2008-08-18 00:00:00,1.268668798549202
2008-08-19 00:00:00,1.268668798549202
2008-08-20 00:00:00,1.268668798549202
2008-08-21 00:00:00,1.268668798549202
2008-08-22 00:00:00,1.268668798549202
2008-08-25 00:00:00,1.268668798549202
2008-08-26 00:00:00,1.268668798549202
2008-08-27 00:00:00,1.268668798549202
2008-08-28 00:00:00,1.268668798549202
2008-08-29 00:00:00,1.268668798549202
2008-09-02 00:00:00,1.268668798549202
2008-09-03 00:00:00,1.268668798549202
2008-09-04 00:00:00,1.268668798549202
2008-09-05 00:00:00,1.268668798549202
2008-09-08 00:00:00,1.268668798549202
2008-09-09 00:00:00,1.268668798549202
2008-09-10 00:00:00,1.268668798549202
2008-09-11 00:00:00,1.268668798549202
2008-09-12 00:00:00,1.268668798549202
2008-09-15 00:00:00,1.268668798549202
2008-09-16 00:00:00,1.268668798549202
2008-09-17 00:00:00,1.268668798549202
2008-09-18 00:00:00,1.268668798549202
2008-09-19 00:00:00,1.268668798549202
2008-09-22 00:00:00,1.268668798549202
2008-09-23 00:00:00,1.268668798549202
2008-09-24 00:00:00,1.268668798549202
2008-09-25 00:00:00,1.268668798549202
2008-09-26 00:00:00,1.268668798549202
2008-09-29 00:00:00,1.268668798549202
2008-09-30 00:00:00,1.268668798549202
2008-10-01 00:00:00,1.268668798549202
2008-10-02 00:00:00,1.268668798549202
2008-10-03 00:00:00,1.268668798549202
2008-10-06 00:00:00,1.268668798549202
2008-10-07 00:00:00,1.268668798549202
2008-10-08 00:00:00,1.268668798549202
2008-10-09 00:00:00,1.268668798549202
2008-10-10 00:00:00,1.268668798549202
2008-10-13 00:00:00,1.268668798549202
2008-10-14 00:00:00,1.268668798549202
2008-10-15 00:00:00,1.268668798549202
2008-10-16 00:00:00,1.268668798549202
2008-10-17 00:00:00,1.268668798549202
2008-10-20 00:00:00,1.268668798549202
2008-10-21 00:00:00,1.268668798549202
2008-10-22 00:00:00,1.268668798549202
2008-10-23 00:00:00,1.268668798549202
2008-10-24 00:00:00,1.268668798549202
2008-10-27 00:00:00,1.268668798549202
2008-10-28 00:00:00,1.268668798549202
2008-10-29 00:00:00,1.268668798549202
2008-10-30 00:00:00,1.268668798549202
2008-10-31 00:00:00,1.268668798549202
2008-11-03 00:00:00,1.268668798549202
2008-11-04 00:00:00,1.268668798549202
2008-11-05 00:00:00,1.268668798549202
2008-11-06 00:00:00,1.268668798549202
2008-11-07 00:00:00,1.268668798549202
2008-11-10 00:00:00,1.268668798549202
2008-11-11 00:00:00,1.268668798549202
2008-11-12 00:00:00,1.268668798549202
2008-11-13 00:00:00,1.268668798549202
2008-11-14 00:00:00,1.268668798549202
2008-11-17 00:00:00,1.268668798549202
2008-11-18 00:00:00,1.268668798549202
2008-11-19 00:00:00,1.268668798549202
2008-11-20 00:00:00,1.268668798549202
2008-11-21 00:00:00,1.268668798549202
2008-11-24 00:00:00,1.268668798549202
2008-11-25 00:00:00,1.268668798549202
2008-11-26 00:00:00,1.268668798549202
2008-11-28 00:00:00,1.268668798549202
2008-12-01 00:00:00,1.268668798549202
2008-12-02 00:00:00,1.268668798549202
2008-12-03 00:00:00,1.268668798549202
2008-12-04 00:00:00,1.268668798549202
2008-12-05 00:00:00,1.268668798549202
2008-12-08 00:00:00,1.268668798549202
2008-12-09 00:00:00,1.268668798549202
2008-12-10 00:00:00,1.268668798549202
2008-12-11 00:00:00,1.268668798549202
2008-12-12 00:00:00,1.268668798549202
2008-12-15 00:00:00,1.268668798549202
2008-12-16 00:00:00,1.268668798549202
2008-12-17 00:00:00,1.268668798549202
2008-12-18 00:00:00,1.268668798549202
2008-12-19 00:00:00,1.268668798549202
2008-12-22 00:00:00,1.268668798549202
2008-12-23 00:00:00,1.268668798549202
2008-12-24 00:00:00,1.268668798549202
2008-12-26 00:00:00,1.268668798549202
2008-12-29 00:00:00,1.268668798549202
2008-12-30 00:00:00,1.268668798549202
2008-12-31 00:00:00,1.268668798549202
2009-01-02 00:00:00,1.268668798549202
2009-01-05 00:00:00,1.268668798549202
2009-01-06 00:00:00,1.268668798549202
2009-01-07 00:00:00,1.268668798549202
2009-01-08 00:00:00,1.268668798549202
2009-01-09 00:00:00,1.268668798549202
2009-01-12 00:00:00,1.268668798549202
2009-01-13 00:00:00,1.268668798549202
2009-01-14 00:00:00,1.268668798549202
2009-01-15 00:00:00,1.268668798549202
2009-01-16 00:00:00,1.268668798549202
2009-01-20 00:00:00,1.268668798549202
2009-01-21 00:00:00,1.268668798549202
2009-01-22 00:00:00,1.268668798549202
2009-01-23 00:00:00,1.268668798549202
2009-01-26 00:00:00,1.268668798549202
2009-01-27 00:00:00,1.268668798549202
2009-01-28 00:00:00,1.268668798549202
2009-01-29 00:00:00,1.268668798549202
2009-01-30 00:00:00,1.268668798549202
2009-02-02 00:00:00,1.268668798549202
2009-02-03 00:00:00,1.268668798549202
2009-02-04 00:00:00,1.268668798549202
2009-02-05 00:00:00,1.268668798549202
2009-02-06 00:00:00,1.268668798549202
2009-02-09 00:00:00,1.268668798549202
2009-02-10 00:00:00,1.268668798549202
2009-02-11 00:00:00,1.268668798549202
2009-02-12 00:00:00,1.268668798549202
2009-02-13 00:00:00,1.268668798549202
2009-02-17 00:00:00,1.268668798549202
2009-02-18 00:00:00,1.268668798549202
2009-02-19 00:00:00,1.268668798549202
2009-02-20 00:00:00,1.268668798549202
2009-02-23 00:00:00,1.268668798549202
2009-02-24 00:00:00,1.268668798549202
2009-02-25 00:00:00,1.268668798549202
2009-02-26 00:00:00,1.268668798549202
2009-02-27 00:00:00,1.268668798549202
2009-03-02 00:00:00,1.268668798549202
2009-03-03 00:00:00,1.268668798549202
2009-03-04 00:00:00,1.268668798549202
2009-03-05 00:00:00,1.268668798549202
2009-03-06 00:00:00,1.268668798549202
2009-03-09 00:00:00,1.268668798549202
2009-03-10 00:00:00,1.268668798549202
2009-03-11 00:00:00,1.268668798549202
2009-03-12 00:00:00,1.268668798549202
2009-03-13 00:00:00,1.268668798549202
2009-03-16 00:00:00,1.268668798549202
2009-03-17 00:00:00,1.268668798549202
2009-03-18 00:00:00,1.268668798549202
2009-03-19 00:00:00,1.268668798549202
2009-03-20 00:00:00,1.268668798549202
2009-03-23 00:00:00,1.268668798549202
2009-03-24 00:00:00,1.268668798549202
2009-03-25 00:00:00,1.268668798549202
2009-03-26 00:00:00,1.268668798549202
2009-03-27 00:00:00,1.268668798549202
2009-03-30 00:00:00,1.268668798549202
2009-03-31 00:00:00,1.268668798549202
2009-04-01 00:00:00,1.268668798549202
2009-04-02 00:00:00,1.268668798549202
2009-04-03 00:00:00,1.268668798549202
2009-04-06 00:00:00,1.268668798549202
2009-04-07 00:00:00,1.268668798549202
2009-04-08 00:00:00,1.268668798549202
2009-04-09 00:00:00,1.268668798549202
2009-04-13 00:00:00,1.268668798549202
2009-04-14 00:00:00,1.268668798549202
2009-04-15 00:00:00,1.268668798549202
2009-04-16 00:00:00,1.268668798549202
2009-04-17 00:00:00,1.268668798549202
2009-04-20 00:00:00,1.268668798549202
2009-04-21 00:00:00,1.268668798549202
2009-04-22 00:00:00,1.268668798549202
2009-04-23 00:00:00,1.268668798549202
2009-04-24 00:00:00,1.268668798549202
2009-04-27 00:00:00,1.268668798549202
2009-04-28 00:00:00,1.268668798549202
2009-04-29 00:00:00,1.268668798549202
2009-04-30 00:00:00,1.268668798549202
2009-05-01 00:00:00,1.268668798549202
2009-05-04 00:00:00,1.268668798549202
2009-05-05 00:00:00,1.268668798549202
2009-05-06 00:00:00,1.268668798549202
2009-05-07 00:00:00,1.268668798549202
2009-05-08 00:00:00,1.268668798549202
2009-05-11 00:00:00,1.268668798549202
2009-05-12 00:00:00,1.268668798549202
2009-05-13 00:00:00,1.268668798549202
2009-05-14 00:00:00,1.268668798549202
2009-05-15 00:00:00,1.268668798549202
2009-05-18 00:00:00,1.2816961806966858
2009-05-19 00:00:00,1.288802025504404
2009-05-20 00:00:00,1.2907758712843258
2009-05-21 00:00:00,1.2789327966047952
2009-05-22 00:00:00,1.2816961806966858
2009-05-26 00:00:00,1.2891967946603884
2009-05-27 00:00:00,1.281893565274678
2009-05-28 00:00:00,1.3012372539179111
2009-05-29 00:00:00,1.31110648281752
2009-06-01 00:00:00,1.3387403237364248
2009-06-02 00:00:00,1.3288710948368159
2009-06-03 00:00:00,1.3049875608997625
2009-06-04 00:00:00,1.3170280201572853
2009-06-05 00:00:00,1.3184097122032306
2009-06-08 00:00:00,1.3081457141476376
2009-06-09 00:00:00,1.3093300216155905
2009-06-10 00:00:00,1.3175806969756634
2009-06-11 00:00:00,1.3318318635066986
2009-06-12 00:00:00,1.320975711717129
2009-06-15 00:00:00,1.2970921777800755
2009-06-16 00:00:00,1.2874203334584589
2009-06-17 00:00:00,1.2803144886507405
2009-06-18 00:00:00,1.2785380274488107
2009-06-19 00:00:00,1.2816961806966858
2009-06-22 00:00:00,1.2589969542275854
2009-06-23 00:00:00,1.2580100313376246
2009-06-24 00:00:00,1.2712347980631002
2009-06-25 00:00:00,1.2895915638163726
2009-06-26 00:00:00,1.2929471016422398
2009-06-29 00:00:00,1.297684331514052
2009-06-30 00:00:00,1.29117064044031
2009-07-01 00:00:00,1.3028163305418485
2009-07-02 00:00:00,1.2850517185225527
2009-07-06 00:00:00,1.2836700264766074
2009-07-07 00:00:00,1.2688661831271943
2009-07-08 00:00:00,1.2617603383194758
2009-07-09 00:00:00,1.2726362285668447
2009-07-10 00:00:00,1.265313260723335
2009-07-13 00:00:00,1.269655721439163
2009-07-14 00:00:00,1.276366797090897
2009-07-15 00:00:00,1.3097247907715748
2009-07-16 00:00:00,1.3109090982395277
2009-07-17 00:00:00,1.3176201738912618
2009-07-20 00:00:00,1.3413063232503233
2009-07-21 00:00:00,1.3392337851814053
2009-07-22 00:00:00,1.337753400846464
2009-07-23 00:00:00,1.3570970894896974
2009-07-24 00:00:00,1.3537415516638303
2009-07-27 00:00:00,1.3598604735815878
2009-07-28 00:00:00,1.356702320333713
2009-07-29 00:00:00,1.3409115540943388
2009-07-30 00:00:00,1.357886627801666
2009-07-31 00:00:00,1.361242165627533
2009-08-03 00:00:00,1.3876916990784847
2009-08-04 00:00:00,1.3809806234267508
2009-08-05 00:00:00,1.3748617015089932
2009-08-06 00:00:00,1.368940164169228
2009-08-07 00:00:00,1.3760460089769462
2009-08-10 00:00:00,1.367953241279267
2009-08-11 00:00:00,1.354531089975799
2009-08-12 00:00:00,1.3608473964715486
2009-08-13 00:00:00,1.3730852403070637
2009-08-14 00:00:00,1.36005785815958
2009-08-17 00:00:00,1.3324240172406752
2009-08-18 00:00:00,1.3472278605900885
2009-08-19 00:00:00,1.349004321792018
2009-08-20 00:00:00,1.361044781049541
2009-08-21 00:00:00,1.3717035482611184
2009-08-24 00:00:00,1.3748617015089932
2009-08-25 00:00:00,1.3732826248850558
2009-08-26 00:00:00,1.3711113945271418
2009-08-27 00:00:00,1.3697297024811967
2009-08-28 00:00:00,1.3659793954993453
2009-08-31 00:00:00,1.3519650904619007
2009-09-01 00:00:00,1.3387403237364248
2009-09-02 00:00:00,1.3460435531221353
2009-09-03 00:00:00,1.3598604735815878
2009-09-04 00:00:00,1.373480009463048
2009-09-08 00:00:00,1.3882838528124612
2009-09-09 00:00:00,1.3922315443723048
2009-09-10 00:00:00,1.4019033886939214
2009-09-11 00:00:00,1.4022981578499059
2009-09-14 00:00:00,1.3995347737580153
2009-09-15 00:00:00,1.4084170797676634
2009-09-16 00:00:00,1.4273659992549124
2009-09-17 00:00:00,1.4232209231170765
2009-09-18 00:00:00,1.4253921534749905
2009-09-21 00:00:00,1.4186810778232566
2009-09-22 00:00:00,1.430326767924795
2009-09-23 00:00:00,1.4186810778232566
2009-09-24 00:00:00,1.403679849895851
2009-09-25 00:00:00,1.406838003143726
2009-09-28 00:00:00,1.4165098474653424
2009-09-29 00:00:00,1.4182665702094728
2009-09-30 00:00:00,1.4230235385390844
2009-10-01 00:00:00,1.4021007732719135
2009-10-02 00:00:00,1.4022981578499059
2009-10-05 00:00:00,1.4196680007132174
2009-10-06 00:00:00,1.4323006137047167
2009-10-07 00:00:00,1.431511075392748
2009-10-08 00:00:00,1.4409855351363725
2009-10-09 00:00:00,1.4415776888703489
2009-10-12 00:00:00,1.4480913799440909
2009-10-13 00:00:00,1.4494730719900362
2009-10-14 00:00:00,1.475133067129019
2009-10-15 00:00:00,1.4705932218351991
2009-10-16 00:00:00,1.459342300889645
2009-10-19 00:00:00,1.4747382979730348
2009-10-20 00:00:00,1.463882146183465
2009-10-21 00:00:00,1.459539685467637
2009-10-22 00:00:00,1.4662507611193711
2009-10-23 00:00:00,1.459539685467637
2009-10-26 00:00:00,1.4494730719900362
2009-10-27 00:00:00,1.4356561515305837
2009-10-28 00:00:00,1.3999295429139997
2009-10-29 00:00:00,1.432892767438693
2009-10-30 00:00:00,1.3965740050881328
2009-11-02 00:00:00,1.4076275414556947
2009-11-03 00:00:00,1.4088118489236476
2009-11-04 00:00:00,1.4228261539610922
2009-11-05 00:00:00,1.4386169202004664
2009-11-06 00:00:00,1.4376299973105053
2009-11-09 00:00:00,1.4664481456973633
2009-11-10 00:00:00,1.4626978387155118
2009-11-11 00:00:00,1.4696062989452383
2009-11-12 00:00:00,1.451446917769958
2009-11-13 00:00:00,1.465066453651418
2009-11-16 00:00:00,1.4853970651846122
2009-11-17 00:00:00,1.4824362965147297
2009-11-18 00:00:00,1.4759226054409877
2009-11-19 00:00:00,1.4607239929355902
2009-11-20 00:00:00,1.4573684551097232
2009-11-23 00:00:00,1.4741461442390582
2009-11-24 00:00:00,1.4696062989452383
2009-11-25 00:00:00,1.4790807586888626
2009-11-27 00:00:00,1.44710445705413
2009-11-30 00:00:00,1.454802455595825
2009-12-01 00:00:00,1.4776990666429173
2009-12-02 00:00:00,1.4810546044687845
2009-12-03 00:00:00,1.4733566059270895
2009-12-04 00:00:00,1.4808572198907923
2009-12-07 00:00:00,1.4737513750830737
2009-12-08 00:00:00,1.4585527625776762
2009-12-09 00:00:00,1.4634873770274806
2009-12-10 00:00:00,1.468224606899293
2009-12-11 00:00:00,1.4711853755691755
2009-12-14 00:00:00,1.4767121437529567
2009-12-15 00:00:00,1.468224606899293
2009-12-16 00:00:00,1.472961836771105
2009-12-17 00:00:00,1.4494730719900362
2009-12-18 00:00:00,1.4516443023479502
2009-12-21 00:00:00,1.4506573794579891
2009-12-22 00:00:00,1.4522364560819265
2009-12-23 00:00:00,1.4601318392016136
2009-12-24 00:00:00,1.468224606899293
2009-12-28 00:00:00,1.4705932218351991
2009-12-29 00:00:00,1.4678298377433086
2009-12-30 00:00:00,1.4713827601471676
2009-12-31 00:00:00,1.4741461442390582
2010-01-04 00:00:00,1.4980296781761115
2010-01-05 00:00:00,1.5041486000938693
2010-01-06 00:00:00,1.5059250612957986
2010-01-07 00:00:00,1.5009904468459943
2010-01-08 00:00:00,1.5077015224977284
2010-01-11 00:00:00,1.5059250612957986
2010-01-12 00:00:00,1.4923055254143385
2010-01-13 00:00:00,1.4948715249282367
2010-01-14 00:00:00,1.492700294570323
2010-01-15 00:00:00,1.4830146333282468
2010-01-19 00:00:00,1.499806139378041
2010-01-20 00:00:00,1.479475527844847
2010-01-21 00:00:00,1.4545557248733345
2010-01-22 00:00:00,1.4368404589985366
2010-01-25 00:00:00,1.44256461176031
2010-01-26 00:00:00,1.4261816917869592
2010-01-27 00:00:00,1.4242078460070373
2010-01-28 00:00:00,1.4188784624012487
2010-01-29 00:00:00,1.4105883101255772
2010-02-01 00:00:00,1.4174486874721046
2010-02-02 00:00:00,1.4174486874721046
2010-02-03 00:00:00,1.4174486874721046
2010-02-04 00:00:00,1.4174486874721046
2010-02-05 00:00:00,1.4174486874721046
2010-02-08 00:00:00,1.4174486874721046
2010-02-09 00:00:00,1.4174486874721046
2010-02-10 00:00:00,1.4174486874721046
2010-02-11 00:00:00,1.4174486874721046
2010-02-12 00:00:00,1.4174486874721046
2010-02-16 00:00:00,1.4174486874721046
2010-02-17 00:00:00,1.4174486874721046
2010-02-18 00:00:00,1.4174486874721046
2010-02-19 00:00:00,1.4174486874721046
2010-02-22 00:00:00,1.4174486874721046
2010-02-23 00:00:00,1.4174486874721046
2010-02-24 00:00:00,1.4174486874721046
2010-02-25 00:00:00,1.4174486874721046
2010-02-26 00:00:00,1.4174486874721046
2010-03-01 00:00:00,1.4174486874721046
2010-03-02 00:00:00,1.4174486874721046
2010-03-03 00:00:00,1.4174486874721046
2010-03-04 00:00:00,1.4174486874721046
2010-03-05 00:00:00,1.4174486874721046
2010-03-08 00:00:00,1.4174486874721046
2010-03-09 00:00:00,1.4174486874721046
2010-03-10 00:00:00,1.4225583793647967
2010-03-11 00:00:00,1.4228138639594312
2010-03-12 00:00:00,1.419237079634547
2010-03-15 00:00:00,1.411572541795509
2010-03-16 00:00:00,1.4251132253111427
2010-03-17 00:00:00,1.4366100320697
2010-03-18 00:00:00,1.4284345250413926
2010-03-19 00:00:00,1.414638356931124
2010-03-22 00:00:00,1.4184706258506432
2010-03-23 00:00:00,1.4258796790950468
2010-03-24 00:00:00,1.410039634227701
2010-03-25 00:00:00,1.4072293036867205
2010-03-26 00:00:00,1.4123389955794126
2010-03-29 00:00:00,1.4312448555823734
2010-03-30 00:00:00,1.435332609096527
2010-03-31 00:00:00,1.4384622953808008
2010-04-01 00:00:00,1.4665017296419485
2010-04-05 00:00:00,1.476465628832698
2010-04-06 00:00:00,1.479786928562948
2010-04-07 00:00:00,1.470078513966833
2010-04-08 00:00:00,1.4739746540350107
2010-04-09 00:00:00,1.4808088669414863
2010-04-12 00:00:00,1.471866906129275
2010-04-13 00:00:00,1.469567544777564
2010-04-14 00:00:00,1.4859185588341783
2010-04-15 00:00:00,1.479786928562948
2010-04-16 00:00:00,1.4470849004497188
2010-04-19 00:00:00,1.4427416623409304
2010-04-20 00:00:00,1.4555158920726605
2010-04-21 00:00:00,1.4519391077477761
2010-04-22 00:00:00,1.4565378304511991
2010-04-23 00:00:00,1.462413976127795
2010-04-26 00:00:00,1.462413976127795
2010-04-27 00:00:00,1.4229416062567488
2010-04-28 00:00:00,1.432011309366277
2010-04-29 00:00:00,1.4496397463960649
2010-04-30 00:00:00,1.4366100320697
2010-05-03 00:00:00,1.4424861777462958
2010-05-04 00:00:00,1.392922166387183
2010-05-05 00:00:00,1.3742717909788567
2010-05-06 00:00:00,1.357323245869322
2010-05-07 00:00:00,1.352921133623748
2010-05-10 00:00:00,1.4241317728903866
2010-05-11 00:00:00,1.4049696372331824
2010-05-12 00:00:00,1.4179170261907528
2010-05-13 00:00:00,1.417519696718423
2010-05-14 00:00:00,1.417519696718423
2010-05-17 00:00:00,1.417519696718423
2010-05-18 00:00:00,1.417519696718423
2010-05-19 00:00:00,1.417519696718423
2010-05-20 00:00:00,1.417519696718423
2010-05-21 00:00:00,1.417519696718423
2010-05-24 00:00:00,1.417519696718423
2010-05-25 00:00:00,1.417519696718423
2010-05-26 00:00:00,1.417519696718423
2010-05-27 00:00:00,1.417519696718423
2010-05-28 00:00:00,1.417519696718423
2010-06-01 00:00:00,1.417519696718423
2010-06-02 00:00:00,1.417519696718423
2010-06-03 00:00:00,1.417519696718423
2010-06-04 00:00:00,1.417519696718423
2010-06-07 00:00:00,1.417519696718423
2010-06-08 00:00:00,1.417519696718423
2010-06-09 00:00:00,1.417519696718423
2010-06-10 00:00:00,1.417519696718423
2010-06-11 00:00:00,1.417519696718423
2010-06-14 00:00:00,1.417519696718423
2010-06-15 00:00:00,1.417519696718423
2010-06-16 00:00:00,1.417519696718423
2010-06-17 00:00:00,1.417519696718423
2010-06-18 00:00:00,1.417519696718423
2010-06-21 00:00:00,1.417519696718423
2010-06-22 00:00:00,1.417519696718423
2010-06-23 00:00:00,1.417519696718423
2010-06-24 00:00:00,1.417519696718423
2010-06-25 00:00:00,1.417519696718423
2010-06-28 00:00:00,1.417519696718423
2010-06-29 00:00:00,1.417519696718423
2010-06-30 00:00:00,1.417519696718423
2010-07-01 00:00:00,1.417519696718423
2010-07-02 00:00:00,1.417519696718423
2010-07-06 00:00:00,1.417519696718423
2010-07-07 00:00:00,1.417519696718423
2010-07-08 00:00:00,1.417519696718423
2010-07-09 00:00:00,1.417519696718423
2010-07-12 00:00:00,1.417519696718423
2010-07-13 00:00:00,1.417519696718423
2010-07-14 00:00:00,1.417519696718423
2010-07-15 00:00:00,1.417519696718423
2010-07-16 00:00:00,1.417519696718423
2010-07-19 00:00:00,1.417519696718423
2010-07-20 00:00:00,1.417519696718423
2010-07-21 00:00:00,1.417519696718423
2010-07-22 00:00:00,1.417519696718423
2010-07-23 00:00:00,1.417519696718423
2010-07-26 00:00:00,1.417519696718423
2010-07-27 00:00:00,1.417519696718423
2010-07-28 00:00:00,1.4180513521144587
2010-07-29 00:00:00,1.4199121460005841
2010-07-30 00:00:00,1.425228699960942
2010-08-02 00:00:00,1.4538051774978658
2010-08-03 00:00:00,1.448355709688499
2010-08-04 00:00:00,1.4499506758766063
2010-08-05 00:00:00,1.4448999496142663
2010-08-06 00:00:00,1.4433049834261589
2010-08-09 00:00:00,1.4491531927825527
2010-08-10 00:00:00,1.4337351862975145
2010-08-11 00:00:00,1.3983801024611344
2010-08-12 00:00:00,1.4002408963472597
2010-08-13 00:00:00,1.4060891057036533
2010-08-16 00:00:00,1.4161905582283334
2010-08-17 00:00:00,1.4276211492431032
2010-08-18 00:00:00,1.4268236661490492
2010-08-19 00:00:00,1.4183171798124765
2010-08-20 00:00:00,1.415127247436262
2010-08-23 00:00:00,1.4052916226095997
2010-08-24 00:00:00,1.3914685823126691
2010-08-25 00:00:00,1.3845570621642038
2010-08-26 00:00:00,1.3779113697137564
2010-08-27 00:00:00,1.4010383794413135
2010-08-30 00:00:00,1.3832279236741143
2010-08-31 00:00:00,1.3896077884265439
2010-09-01 00:00:00,1.427089493847067
2010-09-02 00:00:00,1.4289502877331923
2010-09-03 00:00:00,1.4419758449360693
2010-09-07 00:00:00,1.4257603553569778
2010-09-08 00:00:00,1.4376694362281794
2010-09-09 00:00:00,1.4441556320598161
2010-09-10 00:00:00,1.448089881990481
2010-09-13 00:00:00,1.4749384794902884
2010-09-14 00:00:00,1.4744068240942527
2010-09-15 00:00:00,1.4760017902823601
2010-09-16 00:00:00,1.4701535809259665
2010-09-17 00:00:00,1.4682927870398412
2010-09-20 00:00:00,1.4863690705050583
2010-09-21 00:00:00,1.4829133104308254
2010-09-22 00:00:00,1.483710793524879
2010-09-23 00:00:00,1.476267617980378
2010-09-24 00:00:00,1.4975338338218098
2010-09-27 00:00:00,1.4953407553131621
2010-09-28 00:00:00,1.5039136985742394
2010-09-29 00:00:00,1.5079011140445078
2010-09-30 00:00:00,1.514812634192973
2010-10-01 00:00:00,1.5323572622621542
2010-10-04 00:00:00,1.5286356744899035
2010-10-05 00:00:00,1.550433545727371
2010-10-06 00:00:00,1.5499018903313355
2010-10-07 00:00:00,1.5390029547126016
2010-10-08 00:00:00,1.5536234781035858
2010-10-11 00:00:00,1.5528259950095324
2010-10-12 00:00:00,1.5477752687471922
2010-10-13 00:00:00,1.5702377092297044
2010-10-14 00:00:00,1.5681110876455613
2010-10-15 00:00:00,1.5666490353064628
2010-10-18 00:00:00,1.5671806907024988
2010-10-19 00:00:00,1.5278381913958499
2010-10-20 00:00:00,1.5469777856531384
2010-10-21 00:00:00,1.5469777856531384
2010-10-22 00:00:00,1.548306924143228
2010-10-25 00:00:00,1.5615983090441228
2010-10-26 00:00:00,1.5605349982520513
2010-10-27 00:00:00,1.5395346101086373
2010-10-28 00:00:00,1.5472436133511565
2010-10-29 00:00:00,1.5506993734253889
2010-11-01 00:00:00,1.5642565860243018
2010-11-02 00:00:00,1.5795416786603307
2010-11-03 00:00:00,1.5873835957518587
2010-11-04 00:00:00,1.6160929871377916
2010-11-05 00:00:00,1.6137005378556304
2010-11-08 00:00:00,1.6085168977442816
2010-11-09 00:00:00,1.592168494316181
2010-11-10 00:00:00,1.6014724637468074
2010-11-11 00:00:00,1.5889785619399661
2010-11-12 00:00:00,1.558408376667908
2010-11-15 00:00:00,1.5578767212718723
2010-11-16 00:00:00,1.5253792851891843
2010-11-17 00:00:00,1.5315597791681006
2010-11-18 00:00:00,1.5602691705540332
2010-11-19 00:00:00,1.5610666536480868
2010-11-22 00:00:00,1.5573450658758365
2010-11-23 00:00:00,1.5182683942672055
2010-11-24 00:00:00,1.545781561012058
2010-11-26 00:00:00,1.5156101172870267
2010-11-29 00:00:00,1.524914086717653
2010-11-30 00:00:00,1.515078461890991
2010-12-01 00:00:00,1.5492373210862904
2010-12-02 00:00:00,1.5732947277569103
2010-12-03 00:00:00,1.5778137986232146
2010-12-06 00:00:00,1.5756871770390715
2010-12-07 00:00:00,1.5698389676826776
2010-12-08 00:00:00,1.5618641367421409
2010-12-09 00:00:00,1.5577438074228631
2010-12-10 00:00:00,1.5631932752322302
2010-12-13 00:00:00,1.5711681061727671
2010-12-14 00:00:00,1.5730289000588924
2010-12-15 00:00:00,1.5528259950095324
2010-12-16 00:00:00,1.5562817550837649
2010-12-17 00:00:00,1.5582754628188993
2010-12-20 00:00:00,1.5524272534625054
2010-12-21 00:00:00,1.5608008259500692
2010-12-22 00:00:00,1.5651205260428598
2010-12-23 00:00:00,1.5637249306282661
2010-12-27 00:00:00,1.5597375151579973
2010-12-28 00:00:00,1.5608008259500692
2010-12-29 00:00:00,1.575953004737089
2010-12-30 00:00:00,1.5823328694895187
2010-12-31 00:00:00,1.591158349063713
2011-01-03 00:00:00,1.6033332576329327
2011-01-04 00:00:00,1.609181466989326
2011-01-05 00:00:00,1.6059915346131115
2011-01-06 00:00:00,1.5923014081651898
2011-01-07 00:00:00,1.5807379033014113
2011-01-10 00:00:00,1.5677123460985343
2011-01-11 00:00:00,1.5808708171504204
2011-01-12 00:00:00,1.6062573623111294
2011-01-13 00:00:00,1.5950925989943778
2011-01-14 00:00:00,1.5988141867666283
2011-01-18 00:00:00,1.596953392880503
2011-01-19 00:00:00,1.5871177680538409
2011-01-20 00:00:00,1.5732947277569103
2011-01-21 00:00:00,1.5602691705540332
2011-01-24 00:00:00,1.5699054246071822
2011-01-25 00:00:00,1.5622628782891674
2011-01-26 00:00:00,1.5732947277569103
2011-01-27 00:00:00,1.569041484588624
2011-01-28 00:00:00,1.5296989852819753
2011-01-31 00:00:00,1.5424587147868345
2011-02-01 00:00:00,1.5526546956409295
2011-02-02 00:00:00,1.5463457907612936
2011-02-03 00:00:00,1.5443535050098296
2011-02-04 00:00:00,1.5439384454782747
2011-02-07 00:00:00,1.5460137431360497
2011-02-08 00:00:00,1.5407440145043774
2011-02-09 00:00:00,1.5263225968675274
2011-02-10 00:00:00,1.5035711000981888
2011-02-11 00:00:00,1.5035711000981888
2011-02-14 00:00:00,1.5035711000981888
2011-02-15 00:00:00,1.5035711000981888
2011-02-16 00:00:00,1.5035711000981888
2011-02-17 00:00:00,1.5035711000981888
2011-02-18 00:00:00,1.5035711000981888
2011-02-22 00:00:00,1.5035711000981888
2011-02-23 00:00:00,1.5035711000981888
2011-02-24 00:00:00,1.5035711000981888
2011-02-25 00:00:00,1.5035711000981888
2011-02-28 00:00:00,1.5035711000981888
2011-03-01 00:00:00,1.5035711000981888
2011-03-02 00:00:00,1.5035711000981888
2011-03-03 00:00:00,1.5035711000981888
2011-03-04 00:00:00,1.5035711000981888
2011-03-07 00:00:00,1.5035711000981888
2011-03-08 00:00:00,1.5035711000981888
2011-03-09 00:00:00,1.5035711000981888
2011-03-10 00:00:00,1.5035711000981888
2011-03-11 00:00:00,1.5035711000981888
2011-03-14 00:00:00,1.5035711000981888
2011-03-15 00:00:00,1.5035711000981888
2011-03-16 00:00:00,1.5035711000981888
2011-03-17 00:00:00,1.5035711000981888
2011-03-18 00:00:00,1.5035711000981888
2011-03-21 00:00:00,1.5035711000981888
2011-03-22 00:00:00,1.5035711000981888
2011-03-23 00:00:00,1.5035711000981888
2011-03-24 00:00:00,1.5035711000981888
2011-03-25 00:00:00,1.5035711000981888
2011-03-28 00:00:00,1.5035711000981888
2011-03-29 00:00:00,1.5035711000981888
2011-03-30 00:00:00,1.5035711000981888
2011-03-31 00:00:00,1.5073604582991251
2011-04-01 00:00:00,1.5300966075047424
2011-04-04 00:00:00,1.54233914938469
2011-04-05 00:00:00,1.539424258460893
2011-04-06 00:00:00,1.5472944639551454
2011-04-07 00:00:00,1.5458370184932468
2011-04-08 00:00:00,1.5472944639551454
2011-04-11 00:00:00,1.5300966075047424
2011-04-12 00:00:00,1.5029881219134296
2011-04-13 00:00:00,1.5146476856086177
2011-04-14 00:00:00,1.5190200219943135
2011-04-15 00:00:00,1.5209147010947814
2011-04-18 00:00:00,1.4849157981858874
2011-04-19 00:00:00,1.5050256306691636
2011-04-20 00:00:00,1.538549791183754
2011-04-21 00:00:00,1.5512295667022715
2011-04-25 00:00:00,1.539424258460893
2011-04-26 00:00:00,1.5519582894332207
2011-04-27 00:00:00,1.5493348876018034
2011-04-28 00:00:00,1.537383834814235
2011-04-29 00:00:00,1.5461285075856264
2011-05-02 00:00:00,1.5464199966780061
2011-05-03 00:00:00,1.5139189628776688
2011-05-04 00:00:00,1.490454090941102
2011-05-05 00:00:00,1.4770455926916353
2011-05-06 00:00:00,1.4951179164191772
2011-05-09 00:00:00,1.4977413182505948
2011-05-10 00:00:00,1.5143561965162382
2011-05-11 00:00:00,1.4828753745392294
2011-05-12 00:00:00,1.4869562218325454
2011-05-13 00:00:00,1.456349867132676
2011-05-16 00:00:00,1.454309443486018
2011-05-17 00:00:00,1.4586817798717135
2011-05-18 00:00:00,1.4808349508925713
2011-05-19 00:00:00,1.4770626156546303
2011-05-20 00:00:00,1.4770626156546303
2011-05-23 00:00:00,1.4770626156546303
2011-05-24 00:00:00,1.4770626156546303
2011-05-25 00:00:00,1.4770626156546303
2011-05-26 00:00:00,1.4770626156546303
2011-05-27 00:00:00,1.4770626156546303
2011-05-31 00:00:00,1.4770626156546303
2011-06-01 00:00:00,1.4770626156546303
2011-06-02 00:00:00,1.4770626156546303
2011-06-03 00:00:00,1.4770626156546303
2011-06-06 00:00:00,1.4548232789070072
2011-06-07 00:00:00,1.466251826957869
2011-06-08 00:00:00,1.4557499179381583
2011-06-09 00:00:00,1.4545413335377957
2011-06-10 00:00:00,1.4545413335377957
2011-06-13 00:00:00,1.4545413335377957
2011-06-14 00:00:00,1.4545413335377957
2011-06-15 00:00:00,1.4545413335377957
2011-06-16 00:00:00,1.4545413335377957
2011-06-17 00:00:00,1.4545413335377957
2011-06-20 00:00:00,1.4545413335377957
2011-06-21 00:00:00,1.4545413335377957
2011-06-22 00:00:00,1.4545413335377957
2011-06-23 00:00:00,1.4545413335377957
2011-06-24 00:00:00,1.4545413335377957
2011-06-27 00:00:00,1.4545413335377957
2011-06-28 00:00:00,1.4545413335377957
2011-06-29 00:00:00,1.4545413335377957
2011-06-30 00:00:00,1.4545413335377957
2011-07-01 00:00:00,1.4545413335377957
2011-07-05 00:00:00,1.4545413335377957
2011-07-06 00:00:00,1.4545413335377957
2011-07-07 00:00:00,1.4545413335377957
2011-07-08 00:00:00,1.4545413335377957
2011-07-11 00:00:00,1.4545413335377957
2011-07-12 00:00:00,1.4545413335377957
2011-07-13 00:00:00,1.4545413335377957
2011-07-14 00:00:00,1.4545413335377957
2011-07-15 00:00:00,1.4545413335377957
2011-07-18 00:00:00,1.4545413335377957
2011-07-19 00:00:00,1.4545413335377957
2011-07-20 00:00:00,1.4545413335377957
2011-07-21 00:00:00,1.4545413335377957
2011-07-22 00:00:00,1.4545413335377957
2011-07-25 00:00:00,1.4545413335377957
2011-07-26 00:00:00,1.4545413335377957
2011-07-27 00:00:00,1.4545413335377957
2011-07-28 00:00:00,1.4545413335377957
2011-07-29 00:00:00,1.4545413335377957
2011-08-01 00:00:00,1.4545413335377957
2011-08-02 00:00:00,1.4545413335377957
2011-08-03 00:00:00,1.4545413335377957
2011-08-04 00:00:00,1.4545413335377957
2011-08-05 00:00:00,1.4545413335377957
2011-08-08 00:00:00,1.4545413335377957
2011-08-09 00:00:00,1.4545413335377957
2011-08-10 00:00:00,1.4545413335377957
2011-08-11 00:00:00,1.4545413335377957
2011-08-12 00:00:00,1.4545413335377957
2011-08-15 00:00:00,1.4545413335377957
2011-08-16 00:00:00,1.4545413335377957
2011-08-17 00:00:00,1.4545413335377957
2011-08-18 00:00:00,1.4545413335377957
2011-08-19 00:00:00,1.4545413335377957
2011-08-22 00:00:00,1.4545413335377957
2011-08-23 00:00:00,1.4545413335377957
2011-08-24 00:00:00,1.4545413335377957
2011-08-25 00:00:00,1.4545413335377957
2011-08-26 00:00:00,1.4545413335377957
2011-08-29 00:00:00,1.4545413335377957
2011-08-30 00:00:00,1.4545413335377957
2011-08-31 00:00:00,1.4545413335377957
2011-09-01 00:00:00,1.4545413335377957
2011-09-02 00:00:00,1.4545413335377957
2011-09-06 00:00:00,1.4545413335377957
2011-09-07 00:00:00,1.4545413335377957
2011-09-08 00:00:00,1.4545413335377957
2011-09-09 00:00:00,1.4545413335377957
2011-09-12 00:00:00,1.4545413335377957
2011-09-13 00:00:00,1.4545413335377957
2011-09-14 00:00:00,1.4545413335377957
2011-09-15 00:00:00,1.4545413335377957
2011-09-16 00:00:00,1.4545413335377957
2011-09-19 00:00:00,1.4545413335377957
2011-09-20 00:00:00,1.4545413335377957
2011-09-21 00:00:00,1.4545413335377957
2011-09-22 00:00:00,1.4545413335377957
2011-09-23 00:00:00,1.4545413335377957
2011-09-26 00:00:00,1.4545413335377957
2011-09-27 00:00:00,1.4545413335377957
2011-09-28 00:00:00,1.4545413335377957
2011-09-29 00:00:00,1.4545413335377957
2011-09-30 00:00:00,1.4545413335377957
2011-10-03 00:00:00,1.4545413335377957
2011-10-04 00:00:00,1.4545413335377957
2011-10-05 00:00:00,1.4545413335377957
2011-10-06 00:00:00,1.4545413335377957
2011-10-07 00:00:00,1.4545413335377957
2011-10-10 00:00:00,1.4545413335377957
2011-10-11 00:00:00,1.4545413335377957
2011-10-12 00:00:00,1.4545413335377957
2011-10-13 00:00:00,1.4545413335377957
2011-10-14 00:00:00,1.4545413335377957
2011-10-17 00:00:00,1.4545413335377957
2011-10-18 00:00:00,1.4545413335377957
2011-10-19 00:00:00,1.4545413335377957
2011-10-20 00:00:00,1.4545413335377957
2011-10-21 00:00:00,1.4545413335377957
2011-10-24 00:00:00,1.4545413335377957
2011-10-25 00:00:00,1.4545413335377957
2011-10-26 00:00:00,1.4545413335377957
2011-10-27 00:00:00,1.4545413335377957
2011-10-28 00:00:00,1.4545413335377957
2011-10-31 00:00:00,1.4545413335377957
2011-11-01 00:00:00,1.4545413335377957
2011-11-02 00:00:00,1.4545413335377957
2011-11-03 00:00:00,1.4545413335377957
2011-11-04 00:00:00,1.4545413335377957
2011-11-07 00:00:00,1.4545413335377957
2011-11-08 00:00:00,1.4545413335377957
2011-11-09 00:00:00,1.4545413335377957
2011-11-10 00:00:00,1.4545413335377957
2011-11-11 00:00:00,1.4545413335377957
2011-11-14 00:00:00,1.4545413335377957
2011-11-15 00:00:00,1.4545413335377957
2011-11-16 00:00:00,1.4545413335377957
2011-11-17 00:00:00,1.4545413335377957
2011-11-18 00:00:00,1.4545413335377957
2011-11-21 00:00:00,1.4545413335377957
2011-11-22 00:00:00,1.4545413335377957
2011-11-23 00:00:00,1.4545413335377957
2011-11-25 00:00:00,1.4545413335377957
2011-11-28 00:00:00,1.4545413335377957
2011-11-29 00:00:00,1.4545413335377957
2011-11-30 00:00:00,1.4545413335377957
2011-12-01 00:00:00,1.4545413335377957
2011-12-02 00:00:00,1.4545413335377957
2011-12-05 00:00:00,1.4545413335377957
2011-12-06 00:00:00,1.4545413335377957
2011-12-07 00:00:00,1.4545413335377957
2011-12-08 00:00:00,1.4545413335377957
2011-12-09 00:00:00,1.4545413335377957
2011-12-12 00:00:00,1.4545413335377957
2011-12-13 00:00:00,1.4545413335377957
2011-12-14 00:00:00,1.4545413335377957
2011-12-15 00:00:00,1.4545413335377957
2011-12-16 00:00:00,1.4545413335377957
2011-12-19 00:00:00,1.4545413335377957
2011-12-20 00:00:00,1.4545413335377957
2011-12-21 00:00:00,1.4545413335377957
2011-12-22 00:00:00,1.4545413335377957
2011-12-23 00:00:00,1.4545413335377957
2011-12-27 00:00:00,1.4545413335377957
2011-12-28 00:00:00,1.4545413335377957
2011-12-29 00:00:00,1.4545413335377957
2011-12-30 00:00:00,1.4545413335377957
2012-01-03 00:00:00,1.4545413335377957
2012-01-04 00:00:00,1.4545413335377957
2012-01-05 00:00:00,1.4545413335377957
2012-01-06 00:00:00,1.4545413335377957
2012-01-09 00:00:00,1.4545413335377957
2012-01-10 00:00:00,1.4545413335377957
2012-01-11 00:00:00,1.4545413335377957
2012-01-12 00:00:00,1.4545413335377957
2012-01-13 00:00:00,1.4545413335377957
2012-01-17 00:00:00,1.4545413335377957
2012-01-18 00:00:00,1.4545413335377957
2012-01-19 00:00:00,1.4545413335377957
2012-01-20 00:00:00,1.4545413335377957
2012-01-23 00:00:00,1.4545413335377957
2012-01-24 00:00:00,1.4545413335377957
2012-01-25 00:00:00,1.4545413335377957
2012-01-26 00:00:00,1.4545413335377957
2012-01-27 00:00:00,1.4545413335377957
2012-01-30 00:00:00,1.4545413335377957
2012-01-31 00:00:00,1.4545413335377957
2012-02-01 00:00:00,1.4545413335377957
2012-02-02 00:00:00,1.4545413335377957
2012-02-03 00:00:00,1.4545413335377957
2012-02-06 00:00:00,1.4545413335377957
2012-02-07 00:00:00,1.4545413335377957
2012-02-08 00:00:00,1.4545413335377957
2012-02-09 00:00:00,1.4545413335377957
2012-02-10 00:00:00,1.4545413335377957
2012-02-13 00:00:00,1.4545413335377957
2012-02-14 00:00:00,1.4545413335377957
2012-02-15 00:00:00,1.4545413335377957
2012-02-16 00:00:00,1.4545413335377957
2012-02-17 00:00:00,1.4545413335377957
2012-02-21 00:00:00,1.4545413335377957
2012-02-22 00:00:00,1.4545413335377957
2012-02-23 00:00:00,1.4545413335377957
2012-02-24 00:00:00,1.4545413335377957
2012-02-27 00:00:00,1.4545413335377957
2012-02-28 00:00:00,1.4545413335377957
2012-02-29 00:00:00,1.4545413335377957
2012-03-01 00:00:00,1.4545413335377957
2012-03-02 00:00:00,1.4545413335377957
2012-03-05 00:00:00,1.4545413335377957
2012-03-06 00:00:00,1.4545413335377957
2012-03-07 00:00:00,1.4545413335377957
2012-03-08 00:00:00,1.4545413335377957
2012-03-09 00:00:00,1.4545413335377957
2012-03-12 00:00:00,1.4545413335377957
2012-03-13 00:00:00,1.4545413335377957
2012-03-14 00:00:00,1.4545413335377957
2012-03-15 00:00:00,1.4545413335377957
2012-03-16 00:00:00,1.4545413335377957
2012-03-19 00:00:00,1.4545413335377957
2012-03-20 00:00:00,1.4545413335377957
2012-03-21 00:00:00,1.4545413335377957
2012-03-22 00:00:00,1.4545413335377957
2012-03-23 00:00:00,1.4545413335377957
2012-03-26 00:00:00,1.4545413335377957
2012-03-27 00:00:00,1.4545413335377957
2012-03-28 00:00:00,1.4545413335377957
2012-03-29 00:00:00,1.4545413335377957
2012-03-30 00:00:00,1.4545413335377957
2012-04-02 00:00:00,1.4545413335377957
2012-04-03 00:00:00,1.4545413335377957
2012-04-04 00:00:00,1.4545413335377957
2012-04-05 00:00:00,1.4545413335377957
2012-04-09 00:00:00,1.4545413335377957
2012-04-10 00:00:00,1.4545413335377957
2012-04-11 00:00:00,1.4500694668899283
2012-04-12 00:00:00,1.483222961003426
2012-04-13 00:00:00,1.4631766622371252
2012-04-16 00:00:00,1.4565459634144258
2012-04-17 00:00:00,1.4715035863400503
2012-04-18 00:00:00,1.4653354944119577
2012-04-19 00:00:00,1.459630009378472
2012-04-20 00:00:00,1.4682653380778017
2012-04-23 00:00:00,1.4434387680672291
2012-04-24 00:00:00,1.4462144094348706
2012-04-25 00:00:00,1.456183526332731
2012-04-26 00:00:00,1.4704530111749015
2012-04-27 00:00:00,1.470740628303525
2012-04-30 00:00:00,1.470740628303525
2012-05-01 00:00:00,1.470740628303525
2012-05-02 00:00:00,1.470740628303525
2012-05-03 00:00:00,1.470740628303525
2012-05-04 00:00:00,1.470740628303525
2012-05-07 00:00:00,1.470740628303525
2012-05-08 00:00:00,1.470740628303525
2012-05-09 00:00:00,1.470740628303525
2012-05-10 00:00:00,1.470740628303525
2012-05-11 00:00:00,1.470740628303525
2012-05-14 00:00:00,1.470740628303525
2012-05-15 00:00:00,1.470740628303525
2012-05-16 00:00:00,1.470740628303525
2012-05-17 00:00:00,1.470740628303525
2012-05-18 00:00:00,1.470740628303525
2012-05-21 00:00:00,1.470740628303525
2012-05-22 00:00:00,1.470740628303525
2012-05-23 00:00:00,1.470740628303525
2012-05-24 00:00:00,1.470740628303525
2012-05-25 00:00:00,1.470740628303525
2012-05-29 00:00:00,1.470740628303525
2012-05-30 00:00:00,1.470740628303525
2012-05-31 00:00:00,1.470740628303525
2012-06-01 00:00:00,1.470740628303525
2012-06-04 00:00:00,1.470740628303525
2012-06-05 00:00:00,1.470740628303525
2012-06-06 00:00:00,1.470740628303525
2012-06-07 00:00:00,1.470740628303525
2012-06-08 00:00:00,1.470740628303525
2012-06-11 00:00:00,1.470740628303525
2012-06-12 00:00:00,1.470740628303525
2012-06-13 00:00:00,1.470740628303525
2012-06-14 00:00:00,1.470740628303525
2012-06-15 00:00:00,1.470740628303525
2012-06-18 00:00:00,1.470740628303525
2012-06-19 00:00:00,1.470740628303525
2012-06-20 00:00:00,1.470740628303525
2012-06-21 00:00:00,1.470740628303525
2012-06-22 00:00:00,1.470740628303525
2012-06-25 00:00:00,1.470740628303525
2012-06-26 00:00:00,1.470740628303525
2012-06-27 00:00:00,1.470740628303525
2012-06-28 00:00:00,1.470740628303525
2012-06-29 00:00:00,1.470740628303525
2012-07-02 00:00:00,1.470740628303525
2012-07-03 00:00:00,1.470740628303525
2012-07-05 00:00:00,1.470740628303525
2012-07-06 00:00:00,1.470740628303525
2012-07-09 00:00:00,1.470740628303525
2012-07-10 00:00:00,1.470740628303525
2012-07-11 00:00:00,1.470740628303525
2012-07-12 00:00:00,1.470740628303525
2012-07-13 00:00:00,1.470740628303525
2012-07-16 00:00:00,1.470740628303525
2012-07-17 00:00:00,1.470740628303525
2012-07-18 00:00:00,1.470740628303525
2012-07-19 00:00:00,1.470740628303525
2012-07-20 00:00:00,1.470740628303525
2012-07-23 00:00:00,1.470740628303525
2012-07-24 00:00:00,1.470740628303525
2012-07-25 00:00:00,1.470740628303525
2012-07-26 00:00:00,1.470740628303525
2012-07-27 00:00:00,1.470740628303525
2012-07-30 00:00:00,1.470740628303525
2012-07-31 00:00:00,1.470740628303525
2012-08-01 00:00:00,1.470740628303525
2012-08-02 00:00:00,1.470740628303525
2012-08-03 00:00:00,1.470740628303525
2012-08-06 00:00:00,1.470740628303525
2012-08-07 00:00:00,1.470740628303525
2012-08-08 00:00:00,1.470740628303525
2012-08-09 00:00:00,1.470740628303525
2012-08-10 00:00:00,1.470740628303525
2012-08-13 00:00:00,1.470740628303525
2012-08-14 00:00:00,1.470740628303525
2012-08-15 00:00:00,1.470740628303525
2012-08-16 00:00:00,1.4797723277735286
2012-08-17 00:00:00,1.4728248666427566
2012-08-20 00:00:00,1.4721301205296795
2012-08-21 00:00:00,1.4700458821904479
2012-08-22 00:00:00,1.470740628303525
2012-08-23 00:00:00,1.4578878252115968
2012-08-24 00:00:00,1.4582351982681354
2012-08-27 00:00:00,1.443992902950053
2012-08-28 00:00:00,1.441213918497744
2012-08-29 00:00:00,1.4346138304235105
2012-08-30 00:00:00,1.4186346698227348
2012-08-31 00:00:00,1.4314874729146632
2012-09-04 00:00:00,1.4240189521990831
2012-09-05 00:00:00,1.4168978045400418
2012-09-06 00:00:00,1.446945573930631
2012-09-07 00:00:00,1.4787302086039127
2012-09-10 00:00:00,1.4606668096639055
2012-09-11 00:00:00,1.4773407163777585
2012-09-12 00:00:00,1.4835934313954533
2012-09-13 00:00:00,1.52163078108643
2012-09-14 00:00:00,1.5388257473850908
2012-09-17 00:00:00,1.5228465867843153
2012-09-18 00:00:00,1.5233676463691228
2012-09-19 00:00:00,1.5235413328973924
2012-09-20 00:00:00,1.5148570064839273
2012-09-21 00:00:00,1.5181570505210442
2012-09-24 00:00:00,1.516941244823159
2012-09-25 00:00:00,1.4952304287894964
2012-09-26 00:00:00,1.4886303407152628
2012-09-27 00:00:00,1.5113832759185415
2012-09-28 00:00:00,1.502525262976807
2012-10-01 00:00:00,1.516941244823159
2012-10-02 00:00:00,1.5190254831623904
2012-10-03 00:00:00,1.5092990375793098
2012-10-04 00:00:00,1.5240623924822003
2012-10-05 00:00:00,1.5242360790104696
2012-10-08 00:00:00,1.5113832759185415
2012-10-09 00:00:00,1.5006147111658448
2012-10-10 00:00:00,1.49193038475238
2012-10-11 00:00:00,1.5051305609008465
2012-10-12 00:00:00,1.5006147111658448
2012-10-15 00:00:00,1.5089516645227712
2012-10-16 00:00:00,1.5238887059539308
2012-10-17 00:00:00,1.535352016819705
2012-10-18 00:00:00,1.531357226669511
2012-10-19 00:00:00,1.5086042914662328
2012-10-22 00:00:00,1.5224992137277766
2012-10-23 00:00:00,1.492625130865457
2012-10-24 00:00:00,1.4940146230916114
2012-10-25 00:00:00,1.5086042914662328
2012-10-26 00:00:00,1.4985304728266131
2012-10-31 00:00:00,1.4964462344873815
2012-11-01 00:00:00,1.519720229275468
2012-11-02 00:00:00,1.5120780220316186
2012-11-05 00:00:00,1.5190254831623904
2012-11-06 00:00:00,1.5304922677587298
2012-11-07 00:00:00,1.5065304743186974
2012-11-08 00:00:00,1.4884566541869937
2012-11-09 00:00:00,1.4912356386393024
2012-11-12 00:00:00,1.496619921015651
2012-11-13 00:00:00,1.4835934313954533
2012-11-14 00:00:00,1.4618826153617908
2012-11-15 00:00:00,1.4665721516250618
2012-11-16 00:00:00,1.470740628303525
2012-11-19 00:00:00,1.4952304287894964
2012-11-20 00:00:00,1.4924514443371877
2012-11-21 00:00:00,1.4898461464131483
2012-11-23 00:00:00,1.5131201412012345
2012-11-26 00:00:00,1.5132938277295036
2012-11-27 00:00:00,1.5010107164502988
2012-11-28 00:00:00,1.5089516645227712
2012-11-29 00:00:00,1.5195465427471984
2012-11-30 00:00:00,1.5185044235775826
2012-12-03 00:00:00,1.5179833639927751
2012-12-04 00:00:00,1.5221553144018032
2012-12-05 00:00:00,1.5377523646403866
2012-12-06 00:00:00,1.54889956602471
2012-12-07 00:00:00,1.5532417292314429
2012-12-10 00:00:00,1.5617836326917272
2012-12-11 00:00:00,1.569394576360488
2012-12-12 00:00:00,1.5739104260954897
2012-12-13 00:00:00,1.5673103380212563
2012-12-14 00:00:00,1.5739104260954897
2012-12-17 00:00:00,1.5779052162456835
2012-12-18 00:00:00,1.5791210219435685
2012-12-19 00:00:00,1.5784262758304914
2012-12-20 00:00:00,1.5874579753004951
2012-12-21 00:00:00,1.5699156359452955
2012-12-24 00:00:00,1.5669629649647177
2012-12-26 00:00:00,1.57130512817145
2012-12-27 00:00:00,1.5795760806476342
2012-12-28 00:00:00,1.585026363904725
2012-12-31 00:00:00,1.6076056125797338
2013-01-02 00:00:00,1.6380007550268614
2013-01-03 00:00:00,1.626794500222926
2013-01-04 00:00:00,1.6298374881982045
2013-01-07 00:00:00,1.6180268042758919
2013-01-08 00:00:00,1.604131882014348
2013-01-09 00:00:00,1.6107319700885812
2013-01-10 00:00:00,1.6241058327653175
2013-01-11 00:00:00,1.6117740892581969
2013-01-14 00:00:00,1.6183741773324305
2013-01-15 00:00:00,1.6117740892581969
2013-01-16 00:00:00,1.6103845970320427
2013-01-17 00:00:00,1.6189994488342
2013-01-18 00:00:00,1.6223689674826245
2013-01-22 00:00:00,1.6199373560868542
2013-01-23 00:00:00,1.6117740892581969
2013-01-24 00:00:00,1.6062161203535796
2013-01-25 00:00:00,1.6010055245055004
2013-01-28 00:00:00,1.5902369597528039
2013-01-29 00:00:00,1.6072582395231954
2013-01-30 00:00:00,1.5999634053358847
2013-01-31 00:00:00,1.602916076316463
2013-02-01 00:00:00,1.6129898949560824
2013-02-04 00:00:00,1.5926685711485742
2013-02-05 00:00:00,1.594405436431267
2013-02-06 00:00:00,1.5926685711485742
2013-02-07 00:00:00,1.5791210219435685
2013-02-08 00:00:00,1.5902369597528039
2013-02-11 00:00:00,1.5895422136397266
2013-02-12 00:00:00,1.59371069031819
2013-02-13 00:00:00,1.6013528975620392
2013-02-14 00:00:00,1.6004844649206926
2013-02-15 00:00:00,1.5951001825443445
2013-02-19 00:00:00,1.5982265400531914
2013-02-20 00:00:00,1.5845053043199169
2013-02-21 00:00:00,1.5638366074558703
2013-02-22 00:00:00,1.5704366955301035
2013-02-25 00:00:00,1.5502890582508648
2013-02-26 00:00:00,1.558626011607791
2013-02-27 00:00:00,1.5749525452651052
2013-02-28 00:00:00,1.5678313976060638
2013-03-01 00:00:00,1.5714788146997196
2013-03-04 00:00:00,1.5574102059099062
2013-03-05 00:00:00,1.5719594400607462
2013-03-06 00:00:00,1.5719594400607462
2013-03-07 00:00:00,1.5762829590340968
2013-03-08 00:00:00,1.5899741024497074
2013-03-11 00:00:00,1.581327064503006
2013-03-12 00:00:00,1.5633124021140448
2013-03-13 00:00:00,1.5485403789550964
2013-03-14 00:00:00,1.5533159938957608
2013-03-15 00:00:00,1.5533159938957608
2013-03-18 00:00:00,1.5533159938957608
2013-03-19 00:00:00,1.5533159938957608
2013-03-20 00:00:00,1.5533159938957608
2013-03-21 00:00:00,1.5533159938957608
2013-03-22 00:00:00,1.5533159938957608
2013-03-25 00:00:00,1.5533159938957608
2013-03-26 00:00:00,1.5533159938957608
2013-03-27 00:00:00,1.5533159938957608
2013-03-28 00:00:00,1.5533159938957608
2013-04-01 00:00:00,1.5533159938957608
2013-04-02 00:00:00,1.5533159938957608
2013-04-03 00:00:00,1.5533159938957608
2013-04-04 00:00:00,1.5533159938957608
2013-04-05 00:00:00,1.5533159938957608
2013-04-08 00:00:00,1.5533159938957608
2013-04-09 00:00:00,1.5533159938957608
2013-04-10 00:00:00,1.5533159938957608
2013-04-11 00:00:00,1.5533159938957608
2013-04-12 00:00:00,1.5533159938957608
2013-04-15 00:00:00,1.5533159938957608
2013-04-16 00:00:00,1.5533159938957608
2013-04-17 00:00:00,1.5533159938957608
2013-04-18 00:00:00,1.5533159938957608
2013-04-19 00:00:00,1.5533159938957608
2013-04-22 00:00:00,1.5533159938957608
2013-04-23 00:00:00,1.5533159938957608
2013-04-24 00:00:00,1.5533159938957608
2013-04-25 00:00:00,1.5533159938957608
2013-04-26 00:00:00,1.5533159938957608
2013-04-29 00:00:00,1.5533159938957608
2013-04-30 00:00:00,1.5533159938957608
2013-05-01 00:00:00,1.5533159938957608
2013-05-02 00:00:00,1.5533159938957608
2013-05-03 00:00:00,1.5533159938957608
2013-05-06 00:00:00,1.5533159938957608
2013-05-07 00:00:00,1.5533159938957608
2013-05-08 00:00:00,1.5533159938957608
2013-05-09 00:00:00,1.5533159938957608
2013-05-10 00:00:00,1.5515354849619052
2013-05-13 00:00:00,1.5372914134910591
2013-05-14 00:00:00,1.544413449226482
2013-05-15 00:00:00,1.5402311049612123
2013-05-16 00:00:00,1.5402311049612123
2013-05-17 00:00:00,1.5402311049612123
2013-05-20 00:00:00,1.5402311049612123
2013-05-21 00:00:00,1.5402311049612123
2013-05-22 00:00:00,1.5402311049612123
2013-05-23 00:00:00,1.5402311049612123
2013-05-24 00:00:00,1.5402311049612123
2013-05-28 00:00:00,1.5402311049612123
2013-05-29 00:00:00,1.5402311049612123
2013-05-30 00:00:00,1.5402311049612123
2013-05-31 00:00:00,1.5402311049612123
2013-06-03 00:00:00,1.5402311049612123
2013-06-04 00:00:00,1.5402311049612123
2013-06-05 00:00:00,1.5402311049612123
2013-06-06 00:00:00,1.5402311049612123
2013-06-07 00:00:00,1.5402311049612123
2013-06-10 00:00:00,1.5402311049612123
2013-06-11 00:00:00,1.5402311049612123
2013-06-12 00:00:00,1.5402311049612123
2013-06-13 00:00:00,1.5402311049612123
2013-06-14 00:00:00,1.5402311049612123
2013-06-17 00:00:00,1.5402311049612123
2013-06-18 00:00:00,1.5402311049612123
2013-06-19 00:00:00,1.5402311049612123
2013-06-20 00:00:00,1.5402311049612123
2013-06-21 00:00:00,1.5402311049612123
2013-06-24 00:00:00,1.5402311049612123
2013-06-25 00:00:00,1.5402311049612123
2013-06-26 00:00:00,1.5402311049612123
2013-06-27 00:00:00,1.5402311049612123
2013-06-28 00:00:00,1.5402311049612123
2013-07-01 00:00:00,1.5402311049612123
2013-07-02 00:00:00,1.5402311049612123
2013-07-03 00:00:00,1.5402311049612123
2013-07-05 00:00:00,1.5402311049612123
2013-07-08 00:00:00,1.5402311049612123
2013-07-09 00:00:00,1.5402311049612123
2013-07-10 00:00:00,1.5402311049612123
2013-07-11 00:00:00,1.5402311049612123
2013-07-12 00:00:00,1.5402311049612123
2013-07-15 00:00:00,1.5402311049612123
2013-07-16 00:00:00,1.5402311049612123
2013-07-17 00:00:00,1.5402311049612123
2013-07-18 00:00:00,1.5402311049612123
2013-07-19 00:00:00,1.5402311049612123
2013-07-22 00:00:00,1.5402311049612123
2013-07-23 00:00:00,1.5402311049612123
2013-07-24 00:00:00,1.5402311049612123
2013-07-25 00:00:00,1.5402311049612123
2013-07-26 00:00:00,1.5402311049612123
2013-07-29 00:00:00,1.5402311049612123
2013-07-30 00:00:00,1.5402311049612123
2013-07-31 00:00:00,1.5402311049612123
2013-08-01 00:00:00,1.5402311049612123
2013-08-02 00:00:00,1.5402311049612123
2013-08-05 00:00:00,1.5402311049612123
2013-08-06 00:00:00,1.5402311049612123
2013-08-07 00:00:00,1.5402311049612123
2013-08-08 00:00:00,1.5402311049612123
2013-08-09 00:00:00,1.5402311049612123
2013-08-12 00:00:00,1.5402311049612123
2013-08-13 00:00:00,1.5402311049612123
2013-08-14 00:00:00,1.5402311049612123
2013-08-15 00:00:00,1.5402311049612123
2013-08-16 00:00:00,1.5402311049612123
2013-08-19 00:00:00,1.5402311049612123
2013-08-20 00:00:00,1.5402311049612123
2013-08-21 00:00:00,1.5402311049612123
2013-08-22 00:00:00,1.5402311049612123
2013-08-23 00:00:00,1.5402311049612123
2013-08-26 00:00:00,1.5402311049612123
2013-08-27 00:00:00,1.5402311049612123
2013-08-28 00:00:00,1.5402311049612123
2013-08-29 00:00:00,1.5402311049612123
2013-08-30 00:00:00,1.5402311049612123
2013-09-03 00:00:00,1.5402311049612123
2013-09-04 00:00:00,1.5402311049612123
2013-09-05 00:00:00,1.5402311049612123
2013-09-06 00:00:00,1.5402311049612123
2013-09-09 00:00:00,1.5402311049612123
2013-09-10 00:00:00,1.5402311049612123
2013-09-11 00:00:00,1.5402311049612123
2013-09-12 00:00:00,1.5402311049612123
2013-09-13 00:00:00,1.5402311049612123
2013-09-16 00:00:00,1.5402311049612123
2013-09-17 00:00:00,1.5402311049612123
2013-09-18 00:00:00,1.6085234384910876
2013-09-19 00:00:00,1.5999182382875912
2013-09-20 00:00:00,1.564581990643447
2013-09-23 00:00:00,1.5700746716244018
2013-09-24 00:00:00,1.5570753266361412
2013-09-25 00:00:00,1.5453576072101038
2013-09-26 00:00:00,1.5515826456551862
2013-09-27 00:00:00,1.5338229771500982
2013-09-30 00:00:00,1.5162463980110419
2013-10-01 00:00:00,1.546089964674231
2013-10-02 00:00:00,1.551765735021218
2013-10-03 00:00:00,1.546089964674231
2013-10-04 00:00:00,1.5658636162056696
2013-10-07 00:00:00,1.5526811818513773
2013-10-08 00:00:00,1.5380340325688304
2013-10-09 00:00:00,1.5492024838967724
2013-10-10 00:00:00,1.5852710890050443
2013-10-11 00:00:00,1.5920453955482226
2013-10-14 00:00:00,1.601382953215846
2013-10-15 00:00:00,1.5860034464691717
2013-10-16 00:00:00,1.5982704339933047
2013-10-17 00:00:00,1.608157259759024
2013-10-18 00:00:00,1.609768446180104
2013-10-21 00:00:00,1.6072418129288648
2013-10-22 00:00:00,1.6224382303095073
2013-10-23 00:00:00,1.5852710890050443
2013-10-24 00:00:00,1.5819754804164712
2013-10-25 00:00:00,1.5891159656917129
2013-10-28 00:00:00,1.5984535233593364
2013-10-29 00:00:00,1.6033969362421963
2013-10-30 00:00:00,1.5947917360386998
2013-10-31 00:00:00,1.5784967824618663
2013-11-01 00:00:00,1.5792291399259937
2013-11-04 00:00:00,1.588932876325681
2013-11-05 00:00:00,1.5574415053682054
2013-11-06 00:00:00,1.5622018288850328
2013-11-07 00:00:00,1.5343722452481936
2013-11-08 00:00:00,1.5310400187864142
2013-11-11 00:00:00,1.5233868832862834
2013-11-12 00:00:00,1.5153309511808823
2013-11-13 00:00:00,1.5178942023053281
2013-11-14 00:00:00,1.5418789092554988
2013-11-15 00:00:00,1.5708070290885292
2013-11-18 00:00:00,1.5847218209069487
2013-11-19 00:00:00,1.5753842632393251
2013-11-20 00:00:00,1.554145896779632
2013-11-21 00:00:00,1.5526811818513773
2013-11-22 00:00:00,1.5636665438132875
2013-11-25 00:00:00,1.5438928922818491
2013-11-26 00:00:00,1.5490193945307404
2013-11-27 00:00:00,1.55890622029646
2013-11-29 00:00:00,1.5746519057751978
2013-12-02 00:00:00,1.5420619986215307
2013-12-03 00:00:00,1.5369354963726394
2013-12-04 00:00:00,1.535104602712321
2013-12-05 00:00:00,1.5263163131427928
2013-12-06 00:00:00,1.559638577760587
2013-12-09 00:00:00,1.561835650152969
2013-12-10 00:00:00,1.5625680076170967
2013-12-11 00:00:00,1.5285133855351751
2013-12-12 00:00:00,1.5197250959656468
2013-12-13 00:00:00,1.5233868832862834
2013-12-16 00:00:00,1.533090619685971
2013-12-17 00:00:00,1.5200912746977104
2013-12-18 00:00:00,1.5362031389085118
2013-12-19 00:00:00,1.5090486423821055
2013-12-20 00:00:00,1.5090486423821055
2013-12-23 00:00:00,1.5090486423821055
2013-12-24 00:00:00,1.5090486423821055
2013-12-26 00:00:00,1.5090486423821055
2013-12-27 00:00:00,1.5090486423821055
2013-12-30 00:00:00,1.5090486423821055
2013-12-31 00:00:00,1.5090486423821055
2014-01-02 00:00:00,1.5090486423821055
2014-01-03 00:00:00,1.5090486423821055
2014-01-06 00:00:00,1.5090486423821055
2014-01-07 00:00:00,1.5090486423821055
2014-01-08 00:00:00,1.5090486423821055
2014-01-09 00:00:00,1.5090486423821055
2014-01-10 00:00:00,1.5090486423821055
2014-01-13 00:00:00,1.5090486423821055
2014-01-14 00:00:00,1.5090486423821055
2014-01-15 00:00:00,1.5090486423821055
2014-01-16 00:00:00,1.5090486423821055
2014-01-17 00:00:00,1.5090486423821055
2014-01-21 00:00:00,1.5090486423821055
2014-01-22 00:00:00,1.5090486423821055
2014-01-23 00:00:00,1.5090486423821055
2014-01-24 00:00:00,1.5090486423821055
2014-01-27 00:00:00,1.5090486423821055
2014-01-28 00:00:00,1.5090486423821055
2014-01-29 00:00:00,1.5090486423821055
2014-01-30 00:00:00,1.5090486423821055
2014-01-31 00:00:00,1.5090486423821055
2014-02-03 00:00:00,1.5090486423821055
2014-02-04 00:00:00,1.5090486423821055
2014-02-05 00:00:00,1.5090486423821055
2014-02-06 00:00:00,1.5090486423821055
2014-02-07 00:00:00,1.5090486423821055
2014-02-10 00:00:00,1.5090486423821055
2014-02-11 00:00:00,1.5090486423821055
2014-02-12 00:00:00,1.5090486423821055
2014-02-13 00:00:00,1.5090486423821055
2014-02-14 00:00:00,1.5090486423821055
2014-02-18 00:00:00,1.5090486423821055
2014-02-19 00:00:00,1.5090486423821055
2014-02-20 00:00:00,1.5090486423821055
2014-02-21 00:00:00,1.5090486423821055
2014-02-24 00:00:00,1.5090486423821055
2014-02-25 00:00:00,1.5090486423821055
2014-02-26 00:00:00,1.5090486423821055
2014-02-27 00:00:00,1.5090486423821055
2014-02-28 00:00:00,1.5090486423821055
2014-03-03 00:00:00,1.5090486423821055
2014-03-04 00:00:00,1.5090486423821055
2014-03-05 00:00:00,1.5090486423821055
2014-03-06 00:00:00,1.5090486423821055
2014-03-07 00:00:00,1.5090486423821055
2014-03-10 00:00:00,1.5090486423821055
2014-03-11 00:00:00,1.5090486423821055
2014-03-12 00:00:00,1.5090486423821055
2014-03-13 00:00:00,1.5090486423821055
2014-03-14 00:00:00,1.5090486423821055
2014-03-17 00:00:00,1.5090486423821055
2014-03-18 00:00:00,1.5090486423821055
2014-03-19 00:00:00,1.5090486423821055
2014-03-20 00:00:00,1.5090486423821055
2014-03-21 00:00:00,1.5090486423821055
2014-03-24 00:00:00,1.5090486423821055
2014-03-25 00:00:00,1.5090486423821055
2014-03-26 00:00:00,1.5090486423821055
2014-03-27 00:00:00,1.5090486423821055
2014-03-28 00:00:00,1.5090486423821055
2014-03-31 00:00:00,1.5090486423821055
2014-04-01 00:00:00,1.5090486423821055
2014-04-02 00:00:00,1.5090486423821055
2014-04-03 00:00:00,1.5090486423821055
2014-04-04 00:00:00,1.5090486423821055
2014-04-07 00:00:00,1.5139765951329902
2014-04-08 00:00:00,1.531680721682466
2014-04-09 00:00:00,1.543361794869749
2014-04-10 00:00:00,1.5269352857001321
2014-04-11 00:00:00,1.5269352857001321
2014-04-14 00:00:00,1.523686487219919
2014-04-15 00:00:00,1.5006528710287457
2014-04-16 00:00:00,1.5196346149580804
2014-04-17 00:00:00,1.5335058893679787
2014-04-21 00:00:00,1.5240150174033116
2014-04-22 00:00:00,1.519999648495183
2014-04-23 00:00:00,1.5090486423821055
2014-04-24 00:00:00,1.5105087765305159
2014-04-25 00:00:00,1.4900668984527707
2014-04-28 00:00:00,1.4973675691948227
2014-04-29 00:00:00,1.5116038771418234
2014-04-30 00:00:00,1.5086836088450029
2014-05-01 00:00:00,1.5105087765305159
2014-05-02 00:00:00,1.5189045478838754
2014-05-05 00:00:00,1.5105087765305159
2014-05-06 00:00:00,1.5174444137354648
2014-05-07 00:00:00,1.5254751515517218
2014-05-08 00:00:00,1.5218248161806958
2014-05-09 00:00:00,1.5192695814209778
2014-05-12 00:00:00,1.5448219290181593
2014-05-13 00:00:00,1.5506624656118004
2014-05-14 00:00:00,1.5616134717248782
2014-05-15 00:00:00,1.5470121302407747
2014-05-16 00:00:00,1.5674540083185196
2014-05-19 00:00:00,1.5674540083185196
2014-05-20 00:00:00,1.554677834519929
2014-05-21 00:00:00,1.5667239412443146
2014-05-22 00:00:00,1.5776749473573923
2014-05-23 00:00:00,1.5747546790605713
2014-05-27 00:00:00,1.5612484381877756
2014-05-28 00:00:00,1.5703742766153403
2014-05-29 00:00:00,1.5747546790605713
2014-05-30 00:00:00,1.5532177003715186
2014-06-02 00:00:00,1.5579631363538522
2014-06-03 00:00:00,1.5667239412443146
2014-06-04 00:00:00,1.5579631363538522
2014-06-05 00:00:00,1.574389645523469
2014-06-06 00:00:00,1.5900860876188805
2014-06-09 00:00:00,1.5959266242125214
2014-06-10 00:00:00,1.6043223955658812
2014-06-11 00:00:00,1.5988468925093424
2014-06-12 00:00:00,1.591181188230188
2014-06-13 00:00:00,1.591911255304393
2014-06-16 00:00:00,1.5846105845623413
2014-06-17 00:00:00,1.584975618099444
2014-06-18 00:00:00,1.6024972278803684
2014-06-19 00:00:00,1.5933713894528034
2014-06-20 00:00:00,1.5900860876188805
2014-06-23 00:00:00,1.5868007857849566
2014-06-24 00:00:00,1.586070718710752
2014-06-25 00:00:00,1.5769448802831871
2014-06-26 00:00:00,1.5787700479687
2014-06-27 00:00:00,1.5824203833397257
2014-06-30 00:00:00,1.5780399808944947
2014-07-01 00:00:00,1.593006355915701
2014-07-02 00:00:00,1.6024972278803684
2014-07-03 00:00:00,1.6119880998450355
2014-07-07 00:00:00,1.610892999233728
2014-07-08 00:00:00,1.6036835868759516
2014-07-09 00:00:00,1.6127181669192407
2014-07-10 00:00:00,1.6039573620287784
2014-07-11 00:00:00,1.6021321943432658
2014-07-14 00:00:00,1.6145433346047535
2014-07-15 00:00:00,1.613448233993446
2014-07-16 00:00:00,1.6174636029015745
2014-07-17 00:00:00,1.5871658193220592
2014-07-18 00:00:00,1.6119880998450355
2014-07-21 00:00:00,1.6174636029015745
2014-07-22 00:00:00,1.6324299779227807
2014-07-23 00:00:00,1.6338901120711908
2014-07-24 00:00:00,1.6411907828132426
2014-07-25 00:00:00,1.6346201791453963
2014-07-28 00:00:00,1.6459362187955766
2014-07-29 00:00:00,1.6360803132938067
2014-07-30 00:00:00,1.6280495754775497
2014-07-31 00:00:00,1.5995769595835474
2014-08-01 00:00:00,1.6083377644740098
2014-08-04 00:00:00,1.623304139495216
2014-08-05 00:00:00,1.5984818589722398
2014-08-06 00:00:00,1.5873483360906109
2014-08-07 00:00:00,1.581325282728418
2014-08-08 00:00:00,1.595561590675419
2014-08-11 00:00:00,1.6160034687531641
2014-08-12 00:00:00,1.6178286364386771
2014-08-13 00:00:00,1.6265894413291393
2014-08-14 00:00:00,1.6291446760888573
2014-08-15 00:00:00,1.624764273643626
2014-08-18 00:00:00,1.6404607157390376
2014-08-19 00:00:00,1.648126420018192
2014-08-20 00:00:00,1.6448411181842686
2014-08-21 00:00:00,1.6379054809793192
2014-08-22 00:00:00,1.6335250785340882
2014-08-25 00:00:00,1.6455711852584736
2014-08-26 00:00:00,1.6554270907602437
2014-08-27 00:00:00,1.6638228621136033
2014-08-28 00:00:00,1.647396352943987
2014-08-29 00:00:00,1.6448411181842686
2014-09-02 00:00:00,1.6422858834245506
2014-09-03 00:00:00,1.6638228621136033
2014-09-04 00:00:00,1.6594424596683723
2014-09-05 00:00:00,1.6736787676153735
2014-09-08 00:00:00,1.6539669566118333
2014-09-09 00:00:00,1.6335250785340882
2014-09-10 00:00:00,1.6265894413291393
2014-09-11 00:00:00,1.6156384352160615
2014-09-12 00:00:00,1.5984818589722398
2014-09-15 00:00:00,1.5904511211559829
2014-09-16 00:00:00,1.6112580327708306
2014-09-17 00:00:00,1.596291657749624
2014-09-18 00:00:00,1.5984818589722398
2014-09-19 00:00:00,1.5864357522478545
2014-09-22 00:00:00,1.5623435387990832
2014-09-23 00:00:00,1.5535827339086212
2014-09-24 00:00:00,1.5642951541018486
2014-09-25 00:00:00,1.5539916339148685
2014-09-26 00:00:00,1.554837847308511
2014-09-29 00:00:00,1.554837847308511
2014-09-30 00:00:00,1.554837847308511
2014-10-01 00:00:00,1.554837847308511
2014-10-02 00:00:00,1.554837847308511
2014-10-03 00:00:00,1.554837847308511
2014-10-06 00:00:00,1.554837847308511
2014-10-07 00:00:00,1.554837847308511
2014-10-08 00:00:00,1.554837847308511
2014-10-09 00:00:00,1.554837847308511
2014-10-10 00:00:00,1.554837847308511
2014-10-13 00:00:00,1.554837847308511
2014-10-14 00:00:00,1.554837847308511
2014-10-15 00:00:00,1.554837847308511
2014-10-16 00:00:00,1.554837847308511
2014-10-17 00:00:00,1.554837847308511
2014-10-20 00:00:00,1.554837847308511
2014-10-21 00:00:00,1.554837847308511
2014-10-22 00:00:00,1.554837847308511
2014-10-23 00:00:00,1.554837847308511
2014-10-24 00:00:00,1.554837847308511
2014-10-27 00:00:00,1.554837847308511
2014-10-28 00:00:00,1.554837847308511
2014-10-29 00:00:00,1.554837847308511
2014-10-30 00:00:00,1.554837847308511
2014-10-31 00:00:00,1.554837847308511
2014-11-03 00:00:00,1.554837847308511
2014-11-04 00:00:00,1.554837847308511
2014-11-05 00:00:00,1.554837847308511
2014-11-06 00:00:00,1.554837847308511
2014-11-07 00:00:00,1.554837847308511
2014-11-10 00:00:00,1.554837847308511
2014-11-11 00:00:00,1.554837847308511
2014-11-12 00:00:00,1.554837847308511
2014-11-13 00:00:00,1.554837847308511
2014-11-14 00:00:00,1.554837847308511
2014-11-17 00:00:00,1.554837847308511
2014-11-18 00:00:00,1.554837847308511
2014-11-19 00:00:00,1.554837847308511
2014-11-20 00:00:00,1.554837847308511
2014-11-21 00:00:00,1.554837847308511
2014-11-24 00:00:00,1.554837847308511
2014-11-25 00:00:00,1.554837847308511
2014-11-26 00:00:00,1.554837847308511
2014-11-28 00:00:00,1.554837847308511
2014-12-01 00:00:00,1.554837847308511
2014-12-02 00:00:00,1.554837847308511
2014-12-03 00:00:00,1.554837847308511
2014-12-04 00:00:00,1.554837847308511
2014-12-05 00:00:00,1.554837847308511
2014-12-08 00:00:00,1.554837847308511
2014-12-09 00:00:00,1.554837847308511
2014-12-10 00:00:00,1.554837847308511
2014-12-11 00:00:00,1.554837847308511
2014-12-12 00:00:00,1.554837847308511
2014-12-15 00:00:00,1.554837847308511
2014-12-16 00:00:00,1.554837847308511
2014-12-17 00:00:00,1.554837847308511
2014-12-18 00:00:00,1.554837847308511
2014-12-19 00:00:00,1.554837847308511
2014-12-22 00:00:00,1.554837847308511
2014-12-23 00:00:00,1.554837847308511
2014-12-24 00:00:00,1.554837847308511
2014-12-26 00:00:00,1.554837847308511
2014-12-29 00:00:00,1.554837847308511
2014-12-30 00:00:00,1.554837847308511
2014-12-31 00:00:00,1.554837847308511
2015-01-02 00:00:00,1.554837847308511
2015-01-05 00:00:00,1.554837847308511
2015-01-06 00:00:00,1.554837847308511
2015-01-07 00:00:00,1.554837847308511
2015-01-08 00:00:00,1.554837847308511
2015-01-09 00:00:00,1.554837847308511
2015-01-12 00:00:00,1.554837847308511
2015-01-13 00:00:00,1.554837847308511
2015-01-14 00:00:00,1.554837847308511
2015-01-15 00:00:00,1.554837847308511
2015-01-16 00:00:00,1.554837847308511
2015-01-20 00:00:00,1.554837847308511
2015-01-21 00:00:00,1.554837847308511
2015-01-22 00:00:00,1.554837847308511
2015-01-23 00:00:00,1.554837847308511
2015-01-26 00:00:00,1.554837847308511
2015-01-27 00:00:00,1.554837847308511
2015-01-28 00:00:00,1.554837847308511
2015-01-29 00:00:00,1.554837847308511
2015-01-30 00:00:00,1.554837847308511
2015-02-02 00:00:00,1.554837847308511
2015-02-03 00:00:00,1.554837847308511
2015-02-04 00:00:00,1.554837847308511
2015-02-05 00:00:00,1.554837847308511
2015-02-06 00:00:00,1.554837847308511
2015-02-09 00:00:00,1.554837847308511
2015-02-10 00:00:00,1.554837847308511
2015-02-11 00:00:00,1.554837847308511
2015-02-12 00:00:00,1.554837847308511
2015-02-13 00:00:00,1.554837847308511
2015-02-17 00:00:00,1.554837847308511
2015-02-18 00:00:00,1.554837847308511
2015-02-19 00:00:00,1.554837847308511
2015-02-20 00:00:00,1.554837847308511
2015-02-23 00:00:00,1.5486831205502385
2015-02-24 00:00:00,1.5709940050489755
2015-02-25 00:00:00,1.5679166416698391
2015-02-26 00:00:00,1.5683013120922313
2015-02-27 00:00:00,1.5671473008250554
2015-03-02 00:00:00,1.5648392782907032
2015-03-03 00:00:00,1.552722159985355
2015-03-04 00:00:00,1.5359889966113023
2015-03-05 00:00:00,1.5336809740769501
2015-03-06 00:00:00,1.5102160783110374
2015-03-09 00:00:00,1.5044460219751572
2015-03-10 00:00:00,1.4811285319151053
2015-03-11 00:00:00,1.4834385842133873
2015-03-12 00:00:00,1.4926787934065153
2015-03-13 00:00:00,1.4805360805023393
2015-03-16 00:00:00,1.4805360805023393
2015-03-17 00:00:00,1.4805360805023393
2015-03-18 00:00:00,1.4805360805023393
2015-03-19 00:00:00,1.4805360805023393
2015-03-20 00:00:00,1.4805360805023393
2015-03-23 00:00:00,1.4805360805023393
2015-03-24 00:00:00,1.4805360805023393
2015-03-25 00:00:00,1.4805360805023393
2015-03-26 00:00:00,1.4805360805023393
2015-03-27 00:00:00,1.4805360805023393
2015-03-30 00:00:00,1.4805360805023393
2015-03-31 00:00:00,1.4805360805023393
2015-04-01 00:00:00,1.4805360805023393
2015-04-02 00:00:00,1.489929428011627
2015-04-06 00:00:00,1.5090774056267138
2015-04-07 00:00:00,1.5014904710999812
2015-04-08 00:00:00,1.5329220569964435
2015-04-09 00:00:00,1.5480959260499083
2015-04-10 00:00:00,1.5491797738394417
2015-04-13 00:00:00,1.540147708926665
2015-04-14 00:00:00,1.5470120782603751
2015-04-15 00:00:00,1.5578505561557068
2015-04-16 00:00:00,1.5701341644370832
2015-04-17 00:00:00,1.5426766871022424
2015-04-20 00:00:00,1.5412315567161978
2015-04-21 00:00:00,1.5502636216289747
2015-04-22 00:00:00,1.5668826210684836
2015-04-23 00:00:00,1.5784436641568376
2015-04-24 00:00:00,1.5840435444027592
2015-04-27 00:00:00,1.590365989841703
2015-04-28 00:00:00,1.5928949680172804
2015-04-29 00:00:00,1.5730244252091716
2015-04-30 00:00:00,1.5491797738394417
2015-05-01 00:00:00,1.5585731213487293
2015-05-04 00:00:00,1.5676051862615057
2015-05-05 00:00:00,1.550624904225486
2015-05-06 00:00:00,1.5314769266103994
2015-05-07 00:00:00,1.5293092310313332
2015-05-08 00:00:00,1.5488184912429304
2015-05-11 00:00:00,1.534005904785977
2015-05-12 00:00:00,1.528947948434822
2015-05-13 00:00:00,1.5318382092069105
2015-05-14 00:00:00,1.5470120782603751
2015-05-15 00:00:00,1.5589344039452402
2015-05-18 00:00:00,1.5430379696987535
2015-05-19 00:00:00,1.545566947874331
2015-05-20 00:00:00,1.5444831000847976
2015-05-21 00:00:00,1.539063861137132
2015-05-22 00:00:00,1.544121817488287
2015-05-26 00:00:00,1.5195546009255343
2015-05-27 00:00:00,1.5199158835220454
2015-05-28 00:00:00,1.500045340713937
2015-05-29 00:00:00,1.4855940368534943
2015-06-01 00:00:00,1.4798135153093175
2015-06-02 00:00:00,1.4855940368534943
2015-06-03 00:00:00,1.4780071023267618
2015-06-04 00:00:00,1.4644087144201627
2015-06-05 00:00:00,1.4644087144201627
2015-06-08 00:00:00,1.4644087144201627
2015-06-09 00:00:00,1.4644087144201627
2015-06-10 00:00:00,1.4644087144201627
2015-06-11 00:00:00,1.4644087144201627
2015-06-12 00:00:00,1.4644087144201627
2015-06-15 00:00:00,1.4644087144201627
2015-06-16 00:00:00,1.4644087144201627
2015-06-17 00:00:00,1.4644087144201627
2015-06-18 00:00:00,1.4644087144201627
2015-06-19 00:00:00,1.4644087144201627
2015-06-22 00:00:00,1.4644087144201627
2015-06-23 00:00:00,1.4644087144201627
2015-06-24 00:00:00,1.4644087144201627
2015-06-25 00:00:00,1.4644087144201627
2015-06-26 00:00:00,1.4644087144201627
2015-06-29 00:00:00,1.4644087144201627
2015-06-30 00:00:00,1.4644087144201627
2015-07-01 00:00:00,1.4644087144201627
2015-07-02 00:00:00,1.4644087144201627
2015-07-06 00:00:00,1.4644087144201627
2015-07-07 00:00:00,1.4644087144201627
2015-07-08 00:00:00,1.4644087144201627
2015-07-09 00:00:00,1.4644087144201627
2015-07-10 00:00:00,1.4644087144201627
2015-07-13 00:00:00,1.4644087144201627
2015-07-14 00:00:00,1.4644087144201627
2015-07-15 00:00:00,1.4644087144201627
2015-07-16 00:00:00,1.4644087144201627
2015-07-17 00:00:00,1.4644087144201627
2015-07-20 00:00:00,1.4644087144201627
2015-07-21 00:00:00,1.4644087144201627
2015-07-22 00:00:00,1.4644087144201627
2015-07-23 00:00:00,1.4644087144201627
2015-07-24 00:00:00,1.4644087144201627
2015-07-27 00:00:00,1.4644087144201627
2015-07-28 00:00:00,1.4644087144201627
2015-07-29 00:00:00,1.4644087144201627
2015-07-30 00:00:00,1.4644087144201627
2015-07-31 00:00:00,1.4644087144201627
2015-08-03 00:00:00,1.4644087144201627
2015-08-04 00:00:00,1.4644087144201627
2015-08-05 00:00:00,1.4644087144201627
2015-08-06 00:00:00,1.4644087144201627
2015-08-07 00:00:00,1.4644087144201627
2015-08-10 00:00:00,1.4644087144201627
2015-08-11 00:00:00,1.4644087144201627
2015-08-12 00:00:00,1.4644087144201627
2015-08-13 00:00:00,1.4644087144201627
2015-08-14 00:00:00,1.4644087144201627
2015-08-17 00:00:00,1.4644087144201627
2015-08-18 00:00:00,1.4644087144201627
2015-08-19 00:00:00,1.4644087144201627
2015-08-20 00:00:00,1.4644087144201627
2015-08-21 00:00:00,1.4644087144201627
2015-08-24 00:00:00,1.4644087144201627
2015-08-25 00:00:00,1.4644087144201627
2015-08-26 00:00:00,1.4644087144201627
2015-08-27 00:00:00,1.4644087144201627
2015-08-28 00:00:00,1.4644087144201627
2015-08-31 00:00:00,1.4644087144201627
2015-09-01 00:00:00,1.4644087144201627
2015-09-02 00:00:00,1.4644087144201627
2015-09-03 00:00:00,1.4644087144201627
2015-09-04 00:00:00,1.4644087144201627
2015-09-08 00:00:00,1.4644087144201627
2015-09-09 00:00:00,1.4644087144201627
2015-09-10 00:00:00,1.4644087144201627
2015-09-11 00:00:00,1.4644087144201627
2015-09-14 00:00:00,1.4644087144201627
2015-09-15 00:00:00,1.4644087144201627
2015-09-16 00:00:00,1.4644087144201627
2015-09-17 00:00:00,1.4644087144201627
2015-09-18 00:00:00,1.4644087144201627
2015-09-21 00:00:00,1.4644087144201627
2015-09-22 00:00:00,1.4644087144201627
2015-09-23 00:00:00,1.4644087144201627
2015-09-24 00:00:00,1.4644087144201627
2015-09-25 00:00:00,1.4644087144201627
2015-09-28 00:00:00,1.4644087144201627
2015-09-29 00:00:00,1.4644087144201627
2015-09-30 00:00:00,1.4644087144201627
2015-10-01 00:00:00,1.4644087144201627
2015-10-02 00:00:00,1.4644087144201627
2015-10-05 00:00:00,1.4644087144201627
2015-10-06 00:00:00,1.4644087144201627
2015-10-07 00:00:00,1.4644087144201627
2015-10-08 00:00:00,1.4644087144201627
2015-10-09 00:00:00,1.4644087144201627
2015-10-12 00:00:00,1.4644087144201627
2015-10-13 00:00:00,1.4644087144201627
2015-10-14 00:00:00,1.4644087144201627
2015-10-15 00:00:00,1.4644087144201627
2015-10-16 00:00:00,1.4644087144201627
2015-10-19 00:00:00,1.4644087144201627
2015-10-20 00:00:00,1.4644087144201627
2015-10-21 00:00:00,1.4644087144201627
2015-10-22 00:00:00,1.4644087144201627
2015-10-23 00:00:00,1.4644087144201627
2015-10-26 00:00:00,1.4644087144201627
2015-10-27 00:00:00,1.4644087144201627
2015-10-28 00:00:00,1.4644087144201627
2015-10-29 00:00:00,1.4644087144201627
2015-10-30 00:00:00,1.4644087144201627
2015-11-02 00:00:00,1.4644087144201627
2015-11-03 00:00:00,1.4644087144201627
2015-11-04 00:00:00,1.4644087144201627
2015-11-05 00:00:00,1.4644087144201627
2015-11-06 00:00:00,1.4644087144201627
2015-11-09 00:00:00,1.4644087144201627
2015-11-10 00:00:00,1.4644087144201627
2015-11-11 00:00:00,1.4644087144201627
2015-11-12 00:00:00,1.4644087144201627
2015-11-13 00:00:00,1.4644087144201627
2015-11-16 00:00:00,1.4644087144201627
2015-11-17 00:00:00,1.4644087144201627
2015-11-18 00:00:00,1.4644087144201627
2015-11-19 00:00:00,1.4644087144201627
2015-11-20 00:00:00,1.4644087144201627
2015-11-23 00:00:00,1.4644087144201627
2015-11-24 00:00:00,1.4644087144201627
2015-11-25 00:00:00,1.4644087144201627
2015-11-27 00:00:00,1.4644087144201627
2015-11-30 00:00:00,1.4644087144201627
2015-12-01 00:00:00,1.4644087144201627
2015-12-02 00:00:00,1.4644087144201627
2015-12-03 00:00:00,1.4644087144201627
2015-12-04 00:00:00,1.4644087144201627
2015-12-07 00:00:00,1.4644087144201627
2015-12-08 00:00:00,1.4644087144201627
2015-12-09 00:00:00,1.4644087144201627
2015-12-10 00:00:00,1.4644087144201627
2015-12-11 00:00:00,1.4644087144201627
2015-12-14 00:00:00,1.4644087144201627
2015-12-15 00:00:00,1.4644087144201627
2015-12-16 00:00:00,1.4644087144201627
2015-12-17 00:00:00,1.4644087144201627
2015-12-18 00:00:00,1.4644087144201627
2015-12-21 00:00:00,1.4644087144201627
2015-12-22 00:00:00,1.4644087144201627
2015-12-23 00:00:00,1.4644087144201627
2015-12-24 00:00:00,1.4644087144201627
2015-12-28 00:00:00,1.4644087144201627
2015-12-29 00:00:00,1.4644087144201627
2015-12-30 00:00:00,1.4644087144201627
2015-12-31 00:00:00,1.4644087144201627
2016-01-04 00:00:00,1.4644087144201627
2016-01-05 00:00:00,1.4644087144201627
2016-01-06 00:00:00,1.4644087144201627
2016-01-07 00:00:00,1.4644087144201627
2016-01-08 00:00:00,1.4644087144201627
2016-01-11 00:00:00,1.4644087144201627
2016-01-12 00:00:00,1.4644087144201627
2016-01-13 00:00:00,1.4644087144201627
2016-01-14 00:00:00,1.4644087144201627
2016-01-15 00:00:00,1.4644087144201627
2016-01-19 00:00:00,1.4644087144201627
2016-01-20 00:00:00,1.4644087144201627
2016-01-21 00:00:00,1.4644087144201627
2016-01-22 00:00:00,1.4644087144201627
2016-01-25 00:00:00,1.4644087144201627
2016-01-26 00:00:00,1.4644087144201627
2016-01-27 00:00:00,1.4644087144201627
2016-01-28 00:00:00,1.4644087144201627
2016-01-29 00:00:00,1.4644087144201627
2016-02-01 00:00:00,1.4644087144201627
2016-02-02 00:00:00,1.4644087144201627
2016-02-03 00:00:00,1.4644087144201627
2016-02-04 00:00:00,1.4644087144201627
2016-02-05 00:00:00,1.4644087144201627
2016-02-08 00:00:00,1.4644087144201627
2016-02-09 00:00:00,1.4644087144201627
2016-02-10 00:00:00,1.4644087144201627
2016-02-11 00:00:00,1.4644087144201627
2016-02-12 00:00:00,1.4644087144201627
2016-02-16 00:00:00,1.4644087144201627
2016-02-17 00:00:00,1.4644087144201627
2016-02-18 00:00:00,1.4644087144201627
2016-02-19 00:00:00,1.4644087144201627
2016-02-22 00:00:00,1.4644087144201627
2016-02-23 00:00:00,1.4644087144201627
2016-02-24 00:00:00,1.4644087144201627
2016-02-25 00:00:00,1.4644087144201627
2016-02-26 00:00:00,1.4644087144201627
2016-02-29 00:00:00,1.4644087144201627
2016-03-01 00:00:00,1.4644087144201627
2016-03-02 00:00:00,1.4644087144201627
2016-03-03 00:00:00,1.4644087144201627
2016-03-04 00:00:00,1.4644087144201627
2016-03-07 00:00:00,1.4644087144201627
2016-03-08 00:00:00,1.4644087144201627
2016-03-09 00:00:00,1.4644087144201627
2016-03-10 00:00:00,1.4644087144201627
2016-03-11 00:00:00,1.4644087144201627
2016-03-14 00:00:00,1.4644087144201627
2016-03-15 00:00:00,1.4644087144201627
2016-03-16 00:00:00,1.4644087144201627
2016-03-17 00:00:00,1.4644087144201627
2016-03-18 00:00:00,1.4644087144201627
2016-03-21 00:00:00,1.4644087144201627
2016-03-22 00:00:00,1.4644087144201627
2016-03-23 00:00:00,1.4644087144201627
2016-03-24 00:00:00,1.4644087144201627
2016-03-28 00:00:00,1.4644087144201627
2016-03-29 00:00:00,1.4644087144201627
2016-03-30 00:00:00,1.4644087144201627
2016-03-31 00:00:00,1.4644087144201627
2016-04-01 00:00:00,1.4644087144201627
2016-04-04 00:00:00,1.4644087144201627
2016-04-05 00:00:00,1.4644087144201627
2016-04-06 00:00:00,1.4644087144201627
2016-04-07 00:00:00,1.4644087144201627
2016-04-08 00:00:00,1.4644087144201627
2016-04-11 00:00:00,1.4644087144201627
2016-04-12 00:00:00,1.4644087144201627
2016-04-13 00:00:00,1.4644087144201627
2016-04-14 00:00:00,1.4644087144201627
2016-04-15 00:00:00,1.4644087144201627
2016-04-18 00:00:00,1.4644087144201627
2016-04-19 00:00:00,1.4644087144201627
2016-04-20 00:00:00,1.4644087144201627
2016-04-21 00:00:00,1.4644087144201627
2016-04-22 00:00:00,1.4644087144201627
2016-04-25 00:00:00,1.4644087144201627
2016-04-26 00:00:00,1.4644087144201627
2016-04-27 00:00:00,1.4644087144201627
2016-04-28 00:00:00,1.4644087144201627
2016-04-29 00:00:00,1.4644087144201627
2016-05-02 00:00:00,1.4644087144201627
2016-05-03 00:00:00,1.4644087144201627
2016-05-04 00:00:00,1.4644087144201627
2016-05-05 00:00:00,1.4644087144201627
2016-05-06 00:00:00,1.4644087144201627
2016-05-09 00:00:00,1.4644087144201627
2016-05-10 00:00:00,1.4644087144201627
2016-05-11 00:00:00,1.4644087144201627
2016-05-12 00:00:00,1.4644087144201627
2016-05-13 00:00:00,1.4644087144201627
2016-05-16 00:00:00,1.4644087144201627
2016-05-17 00:00:00,1.4644087144201627
2016-05-18 00:00:00,1.4644087144201627
2016-05-19 00:00:00,1.4644087144201627
2016-05-20 00:00:00,1.4644087144201627
2016-05-23 00:00:00,1.4648643487432556
2016-05-24 00:00:00,1.4720243687500645
2016-05-25 00:00:00,1.4720243687500645
2016-05-26 00:00:00,1.4702470981569464
2016-05-27 00:00:00,1.4698027805086666
2016-05-31 00:00:00,1.4715800511017847
2016-06-01 00:00:00,1.470691415805226
2016-06-02 00:00:00,1.4826879923087728
2016-06-03 00:00:00,1.5053481923710288
2016-06-06 00:00:00,1.5213436277090917
2016-06-07 00:00:00,1.5351174748057566
2016-06-08 00:00:00,1.5462254160127449
2016-06-09 00:00:00,1.528452710081564
2016-06-10 00:00:00,1.4897970746812454
2016-06-13 00:00:00,1.4689141452121077
2016-06-14 00:00:00,1.4640266510810331
2016-06-15 00:00:00,1.4795777687708163
2016-06-16 00:00:00,1.4742459569914619
2016-06-17 00:00:00,1.4782448158259778
2016-06-20 00:00:00,1.5044595570744699
2016-06-21 00:00:00,1.516011815929737
2016-06-22 00:00:00,1.5080140982607055
2016-06-23 00:00:00,1.5444481454196268
2016-06-24 00:00:00,1.4502528039843676
2016-06-27 00:00:00,1.4320357804049069
2016-06-28 00:00:00,1.4742459569914619
2016-06-29 00:00:00,1.511568639446942
2016-06-30 00:00:00,1.5266754394884459
2016-07-01 00:00:00,1.54133792188167
2016-07-05 00:00:00,1.5084584159089856
2016-07-06 00:00:00,1.5044595570744699
2016-07-07 00:00:00,1.500460698239954
2016-07-08 00:00:00,1.5328958865643592
2016-07-11 00:00:00,1.5475583689575834
2016-07-12 00:00:00,1.5693299337232804
2016-07-13 00:00:00,1.5666640278336028
2016-07-14 00:00:00,1.589324227895859
2016-07-15 00:00:00,1.5857696867096225
2016-07-18 00:00:00,1.5997656926304278
2016-07-19 00:00:00,1.583548098468225
2016-07-20 00:00:00,1.5915458161372564
2016-07-21 00:00:00,1.5864361631820418
2016-07-22 00:00:00,1.598210580861449
2016-07-25 00:00:00,1.5822151455233864
2016-07-26 00:00:00,1.594656039675213
2016-07-27 00:00:00,1.5999878514545673
2016-07-28 00:00:00,1.600432169102847
2016-07-29 00:00:00,1.6086520455960183
2016-08-01 00:00:00,1.6057639808822013
2016-08-02 00:00:00,1.5942117220269336
2016-08-03 00:00:00,1.599543533806288
2016-08-04 00:00:00,1.6084298867718783
2016-08-05 00:00:00,1.6270912279996184
2016-08-08 00:00:00,1.6386434868548863
2016-08-09 00:00:00,1.6497514280618741
2016-08-10 00:00:00,1.6501957457101537
2016-08-11 00:00:00,1.6715229928275708
2016-08-12 00:00:00,1.6653025457516573
2016-08-15 00:00:00,1.6826309340345587
2016-08-16 00:00:00,1.675077534013807
2016-08-17 00:00:00,1.6644139104550986
2016-08-18 00:00:00,1.679965028144882
2016-08-19 00:00:00,1.6706343575310119
2016-08-22 00:00:00,1.6484184751170357
2016-08-23 00:00:00,1.6417537103928428
2016-08-24 00:00:00,1.646196886875638
2016-08-25 00:00:00,1.6475298398204763
2016-08-26 00:00:00,1.6333116750755317
2016-08-29 00:00:00,1.6457525692273582
2016-08-30 00:00:00,1.641309392744563
2016-08-31 00:00:00,1.6230923691651027
2016-09-01 00:00:00,1.6355332633169293
2016-09-02 00:00:00,1.6621923222137007
2016-09-06 00:00:00,1.6977377340760629
2016-09-07 00:00:00,1.6924059222967085
2016-09-08 00:00:00,1.6879627458139135
2016-09-09 00:00:00,1.6310900868341343
2016-09-12 00:00:00,1.6421980280411224
2016-09-13 00:00:00,1.6008764867511267
2016-09-14 00:00:00,1.6057639808822013
2016-09-15 00:00:00,1.6333116750755317
2016-09-16 00:00:00,1.6222037338685433
2016-09-19 00:00:00,1.6350889456686497
2016-09-20 00:00:00,1.6359775809652088
2016-09-21 00:00:00,1.681742298738
2016-09-22 00:00:00,1.693738875241547
2016-09-23 00:00:00,1.6719673104758506
2016-09-26 00:00:00,1.6475298398204763
2016-09-27 00:00:00,1.6710786751792912
2016-09-28 00:00:00,1.6861854752207952
2016-09-29 00:00:00,1.6568605104343463
2016-09-30 00:00:00,1.6639695928068192
2016-10-03 00:00:00,1.6755218516620867
2016-10-04 00:00:00,1.6568605104343463
2016-10-05 00:00:00,1.6808536634414406
2016-10-06 00:00:00,1.6821866163862793
2016-10-07 00:00:00,1.6746332163655273
2016-10-10 00:00:00,1.6928502399449878
2016-10-11 00:00:00,1.6537502868963896
2016-10-12 00:00:00,1.6506400633584333
2016-10-13 00:00:00,1.6359775809652088
2016-10-14 00:00:00,1.6386434868548863
2016-10-17 00:00:00,1.6368662162617682
2016-10-18 00:00:00,1.6657468633999373
2016-10-19 00:00:00,1.675966169310366
2016-10-20 00:00:00,1.6710786751792912
2016-10-21 00:00:00,1.6706343575310119
2016-10-24 00:00:00,1.6777434399034843
2016-10-25 00:00:00,1.6795207104966023
2016-10-26 00:00:00,1.6617480045654214
2016-10-27 00:00:00,1.6475298398204763
2016-10-28 00:00:00,1.6408650750962837
2016-10-31 00:00:00,1.6501957457101537
2016-11-01 00:00:00,1.6368662162617682
2016-11-02 00:00:00,1.6173162397374687
2016-11-03 00:00:00,1.6128730632546735
2016-11-04 00:00:00,1.596433310268331
2016-11-07 00:00:00,1.6541946045446694
2016-11-08 00:00:00,1.664858228103378
2016-11-09 00:00:00,1.6110957926615554
2016-11-10 00:00:00,1.5648867572404848
2016-11-11 00:00:00,1.5351174748057566
2016-11-14 00:00:00,1.5243093591478278
2016-11-15 00:00:00,1.5414337680965604
2016-11-16 00:00:00,1.5241532823919808
2016-11-17 00:00:00,1.5241532823919808
2016-11-18 00:00:00,1.5241532823919808
2016-11-21 00:00:00,1.5241532823919808
2016-11-22 00:00:00,1.5241532823919808
2016-11-23 00:00:00,1.5241532823919808
2016-11-25 00:00:00,1.5241532823919808
2016-11-28 00:00:00,1.5241532823919808
2016-11-29 00:00:00,1.5241532823919808
2016-11-30 00:00:00,1.5241532823919808
2016-12-01 00:00:00,1.5241532823919808
2016-12-02 00:00:00,1.5241532823919808
2016-12-05 00:00:00,1.5241532823919808
2016-12-06 00:00:00,1.5241532823919808
2016-12-07 00:00:00,1.5241532823919808
2016-12-08 00:00:00,1.5241532823919808
2016-12-09 00:00:00,1.5241532823919808
2016-12-12 00:00:00,1.5241532823919808
2016-12-13 00:00:00,1.5241532823919808
2016-12-14 00:00:00,1.5241532823919808
2016-12-15 00:00:00,1.5241532823919808
2016-12-16 00:00:00,1.5241532823919808
2016-12-19 00:00:00,1.5241532823919808
2016-12-20 00:00:00,1.5241532823919808
2016-12-21 00:00:00,1.5241532823919808
2016-12-22 00:00:00,1.5241532823919808
2016-12-23 00:00:00,1.5241532823919808
2016-12-27 00:00:00,1.5241532823919808
2016-12-28 00:00:00,1.5241532823919808
2016-12-29 00:00:00,1.5241532823919808
2016-12-30 00:00:00,1.5241532823919808
2017-01-03 00:00:00,1.5241532823919808
2017-01-04 00:00:00,1.5241532823919808
2017-01-05 00:00:00,1.5241532823919808
2017-01-06 00:00:00,1.5241532823919808
2017-01-09 00:00:00,1.5241532823919808
2017-01-10 00:00:00,1.5241532823919808
2017-01-11 00:00:00,1.5241532823919808
2017-01-12 00:00:00,1.5241532823919808
2017-01-13 00:00:00,1.5241532823919808
2017-01-17 00:00:00,1.5241532823919808
2017-01-18 00:00:00,1.5241532823919808
2017-01-19 00:00:00,1.519138245542871
2017-01-20 00:00:00,1.5220636837048518
2017-01-23 00:00:00,1.5446313495258464
2017-01-24 00:00:00,1.5542435034866402
2017-01-25 00:00:00,1.571378212721099
2017-01-26 00:00:00,1.5646914969222858
2017-01-27 00:00:00,1.5659452561345633
2017-01-30 00:00:00,1.5575868613860469
2017-01-31 00:00:00,1.5605122995480278
2017-02-01 00:00:00,1.5613481390228794
2017-02-02 00:00:00,1.5680348548216925
2017-02-03 00:00:00,1.5776470087824863
2017-02-06 00:00:00,1.5738857311456538
2017-02-07 00:00:00,1.5659452561345633
2017-02-08 00:00:00,1.5755574100953573
2017-02-09 00:00:00,1.582662045631596
2017-02-10 00:00:00,1.5972892364415001
2017-02-13 00:00:00,1.60230427329061
2017-02-14 00:00:00,1.6039759522403132
2017-02-15 00:00:00,1.6169314641005137
2017-02-16 00:00:00,1.6110805877765522
2017-02-17 00:00:00,1.604393871977739
2017-02-21 00:00:00,1.621946500949624
2017-02-22 00:00:00,1.6269615377987334
2017-02-23 00:00:00,1.6273794575361593
2017-02-24 00:00:00,1.6081551496145712
2017-02-27 00:00:00,1.6031401127654616
2017-02-28 00:00:00,1.5876770824807063
2017-03-01 00:00:00,1.6123343469888296
2017-03-02 00:00:00,1.5839158048438735
2017-03-03 00:00:00,1.5960354772292225
2017-03-06 00:00:00,1.5968713167040745
2017-03-07 00:00:00,1.5985429956537776
2017-03-08 00:00:00,1.583497885106448
2017-03-09 00:00:00,1.5709602929836735
2017-03-10 00:00:00,1.5885129219555578
2017-03-13 00:00:00,1.6106626680391265
2017-03-14 00:00:00,1.6014684338157583
2017-03-15 00:00:00,1.6432604075583408
2017-03-16 00:00:00,1.6532904812565608
2017-03-17 00:00:00,1.65036504309458
2017-03-20 00:00:00,1.671052070097158
2017-03-21 00:00:00,1.6512008825694315
2017-03-22 00:00:00,1.659141357580522
2017-03-23 00:00:00,1.659559277317948
2017-03-24 00:00:00,1.6637384746922064
2017-03-27 00:00:00,1.659141357580522
2017-03-28 00:00:00,1.6637384746922064
2017-03-29 00:00:00,1.666663912854187
2017-03-30 00:00:00,1.6578875983682446
2017-03-31 00:00:00,1.6461858457203216
2017-04-03 00:00:00,1.6553800799436897
2017-04-04 00:00:00,1.6562159194185413
2017-04-05 00:00:00,1.6512008825694315
2017-04-06 00:00:00,1.6482754444074506
2017-04-07 00:00:00,1.6453500062454698
2017-04-10 00:00:00,1.638663290446657
2017-04-11 00:00:00,1.6349020128098242
2017-04-12 00:00:00,1.6428424878209151
2017-04-13 00:00:00,1.635737852284676
2017-04-17 00:00:00,1.6528725615191344
2017-04-18 00:00:00,1.6319765746478432
2017-04-19 00:00:00,1.621946500949624
2017-04-20 00:00:00,1.6420066483460634
2017-04-21 00:00:00,1.6420066483460634
2017-04-24 00:00:00,1.6654101536419095
2017-04-25 00:00:00,1.6800373444518133
2017-04-26 00:00:00,1.6737685483904257
2017-04-27 00:00:00,1.6716789497032967
2017-04-28 00:00:00,1.674186468127852
2017-05-01 00:00:00,1.6837986220886456
2017-05-02 00:00:00,1.6959182944739943
2017-05-03 00:00:00,1.6846344615634976
2017-05-04 00:00:00,1.6658280733793354
2017-05-05 00:00:00,1.6796194247143874
2017-05-08 00:00:00,1.6792015049769615
2017-05-09 00:00:00,1.7005154115856786
2017-05-10 00:00:00,1.711799244496176
2017-05-11 00:00:00,1.7155605221330081
2017-05-12 00:00:00,1.7226651576692473
2017-05-15 00:00:00,1.7402177866411321
2017-05-16 00:00:00,1.741889465590835
2017-05-17 00:00:00,1.7122171642336017
2017-05-18 00:00:00,1.6837986220886456
2017-05-19 00:00:00,1.7197397195072663
2017-05-22 00:00:00,1.7214113984569699
2017-05-23 00:00:00,1.7230830774066728
2017-05-24 00:00:00,1.7297697932054865
2017-05-25 00:00:00,1.7381281879540031
2017-05-26 00:00:00,1.7443969840153903
2017-05-30 00:00:00,1.7352027497920222
2017-05-31 00:00:00,1.7218293181943958
2017-06-01 00:00:00,1.7364565090042994
2017-06-02 00:00:00,1.745232823490242
2017-06-05 00:00:00,1.743143224803113
2017-06-06 00:00:00,1.743979064277964
2017-06-07 00:00:00,1.741889465590835
2017-06-08 00:00:00,1.7523374590264806
2017-06-09 00:00:00,1.7389640274288545
2017-06-12 00:00:00,1.7297697932054865
2017-06-13 00:00:00,1.7381281879540031
2017-06-14 00:00:00,1.7377102682165768
2017-06-15 00:00:00,1.7197397195072663
2017-06-16 00:00:00,1.7226651576692473
2017-06-19 00:00:00,1.739799866903706
2017-06-20 00:00:00,1.7126350839710272
2017-06-21 00:00:00,1.71639636160786
2017-06-22 00:00:00,1.7251726760938022
2017-06-23 00:00:00,1.7343669103171704
2017-06-26 00:00:00,1.7510836998142032
2017-06-27 00:00:00,1.730605632680338
2017-06-28 00:00:00,1.743979064277964
2017-06-29 00:00:00,1.7218293181943958
2017-06-30 00:00:00,1.7297697932054865
2017-07-03 00:00:00,1.739799866903706
2017-07-05 00:00:00,1.7364565090042994
2017-07-06 00:00:00,1.7155605221330081
2017-07-07 00:00:00,1.718903880032415
2017-07-10 00:00:00,1.7352027497920222
2017-07-11 00:00:00,1.7494120208645
2017-07-12 00:00:00,1.7832635195959918
2017-07-13 00:00:00,1.7920398340819341
2017-07-14 00:00:00,1.8146074999029287
2017-07-17 00:00:00,1.806249105154412
2017-07-18 00:00:00,1.811682061740948
2017-07-19 00:00:00,1.8267271722882776
2017-07-20 00:00:00,1.8246375736011484
2017-07-21 00:00:00,1.823383814388871
2017-07-24 00:00:00,1.8288167709754066
2017-07-25 00:00:00,1.8242196538637225
2017-07-26 00:00:00,1.8392647644110522
2017-07-27 00:00:00,1.8292346907128327
2017-07-28 00:00:00,1.8283988512379807
2017-07-31 00:00:00,1.8304884499251097
2017-08-01 00:00:00,1.8359214065116456
2017-08-02 00:00:00,1.837593085461349
2017-08-03 00:00:00,1.830070530187684
2017-08-04 00:00:00,1.8367572459864974
2017-08-07 00:00:00,1.849294838109272
2017-08-08 00:00:00,1.8497127578466979
2017-08-09 00:00:00,1.832995968349665
2017-08-10 00:00:00,1.7895323156573792
2017-08-11 00:00:00,1.7937115130316375
2017-08-14 00:00:00,1.8120999814783738
2017-08-15 00:00:00,1.8141895801655028
2017-08-16 00:00:00,1.832995968349665
2017-08-17 00:00:00,1.8095924630538185
2017-08-18 00:00:00,1.8250554933385743
2017-08-21 00:00:00,1.8317422091373872
2017-08-22 00:00:00,1.8522202762712527
2017-08-23 00:00:00,1.860996590757195
2017-08-24 00:00:00,1.8668474670811568
2017-08-25 00:00:00,1.877713380254228
2017-08-28 00:00:00,1.871026664455415
2017-08-29 00:00:00,1.8676833065560083
2017-08-30 00:00:00,1.870608744717989
2017-08-31 00:00:00,1.8735341828799696
2017-09-01 00:00:00,1.8873255342150221
2017-09-05 00:00:00,1.8626682697068984
2017-09-06 00:00:00,1.8747879420922473
2017-09-07 00:00:00,1.8885792934272994
2017-09-08 00:00:00,1.876041701304525
2017-09-11 00:00:00,1.9011168855500744
2017-09-12 00:00:00,1.8990272868629452
2017-09-13 00:00:00,1.8889972131647255
2017-09-14 00:00:00,1.8940122500138352
2017-09-15 00:00:00,1.9052960829243326
2017-09-18 00:00:00,1.9119827987231455
2017-09-19 00:00:00,1.916161996097404
2017-09-20 00:00:00,1.9073856816114616
2017-09-21 00:00:00,1.9073856816114616
2017-09-22 00:00:00,1.89651976843839
2017-09-25 00:00:00,1.864339948656602
2017-09-26 00:00:00,1.859324911807492
2017-09-27 00:00:00,1.8526381960086784
2017-09-28 00:00:00,1.851384436796401
2017-09-29 00:00:00,1.8726983434051183
2017-10-02 00:00:00,1.873116263142544
2017-10-03 00:00:00,1.9027885644997775
2017-10-04 00:00:00,1.9023706447623518
2017-10-05 00:00:00,1.9165799158348298
2017-10-06 00:00:00,1.9069677618740357
2017-10-09 00:00:00,1.9057140026617583
2017-10-10 00:00:00,1.9245203908459203
2017-10-11 00:00:00,1.9332967053318628
2017-10-12 00:00:00,1.9324608658570113
2017-10-13 00:00:00,1.9500134948288956
2017-10-16 00:00:00,1.9487597356166182
2017-10-17 00:00:00,1.9387296619183985
2017-10-18 00:00:00,1.9433267790300826
2017-10-19 00:00:00,1.9261920697956239
2017-10-20 00:00:00,1.9332967053318628
2017-10-23 00:00:00,1.9178336750471072
2017-10-24 00:00:00,1.9178336750471072
2017-10-25 00:00:00,1.913654477672849
2017-10-26 00:00:00,1.900698965812648
2017-10-27 00:00:00,1.9282816684827528
2017-10-30 00:00:00,1.916161996097404
2017-10-31 00:00:00,1.9341325448067144
2017-11-01 00:00:00,1.9441626185049343
2017-11-02 00:00:00,1.9466701369294888
2017-11-03 00:00:00,1.9366400632312695
2017-11-06 00:00:00,1.9583718895774123
2017-11-07 00:00:00,1.9458342974546377
2017-11-08 00:00:00,1.9550285316780056
2017-11-09 00:00:00,1.9429088592926569
2017-11-10 00:00:00,1.9345504645441403
2017-11-13 00:00:00,1.9303712671698818
2017-11-14 00:00:00,1.9174157553096813
2017-11-15 00:00:00,1.9073856816114616
2017-11-16 00:00:00,1.947088056666915
2017-11-17 00:00:00,1.956700210627709
2017-11-20 00:00:00,1.966730284325929
2017-11-21 00:00:00,1.9930592277837555
2017-11-22 00:00:00,1.9980742646328657
2017-11-24 00:00:00,1.9938950672586073
2017-11-27 00:00:00,1.9646406856387997
2017-11-28 00:00:00,1.9792678764487035
2017-11-29 00:00:00,1.9479238961417666
2017-11-30 00:00:00,1.9266099895330495
2017-12-01 00:00:00,1.9157440763599785
2017-12-04 00:00:00,1.9195053539968103
2017-12-05 00:00:00,1.9182515947845329
2017-12-06 00:00:00,1.892340571064132
2017-12-07 00:00:00,1.8977735276506675
2017-12-08 00:00:00,1.9199232737342362
2017-12-11 00:00:00,1.9295354276950305
2017-12-12 00:00:00,1.9165799158348298
2017-12-13 00:00:00,1.93956550139325
2017-12-14 00:00:00,1.925356230320772
2017-12-15 00:00:00,1.9295354276950305
2017-12-18 00:00:00,1.951267254041173
2017-12-19 00:00:00,1.9119827987231455
2017-12-20 00:00:00,1.9144903171477008
2017-12-21 00:00:00,1.9270279092704754
2017-12-22 00:00:00,1.9433267790300826
2017-12-26 00:00:00,1.9416551000803794
2017-12-27 00:00:00,1.9466701369294888
2017-12-28 00:00:00,1.9600435685271154
2017-12-29 00:00:00,1.9692378027504835
2018-01-02 00:00:00,2.006432659381382
2018-01-03 00:00:00,2.02565696730297
2018-01-04 00:00:00,2.03568704100119
2018-01-05 00:00:00,2.0532396699730744
2018-01-08 00:00:00,2.0532396699730744
2018-01-09 00:00:00,2.0498963120736673
2018-01-10 00:00:00,2.0369408002134675
2018-01-11 00:00:00,2.049478392336242
2018-01-12 00:00:00,2.069120619995256
2018-01-16 00:00:00,2.061180144984165
2018-01-17 00:00:00,2.0883449279168436
2018-01-18 00:00:00,2.0908524463413984
2018-01-19 00:00:00,2.107987155575857
2018-01-22 00:00:00,2.120106827961206
2018-01-23 00:00:00,2.1301369016594256
2018-01-24 00:00:00,2.148107450368736
2018-01-25 00:00:00,2.146853691156459
2018-01-26 00:00:00,2.1765259925136924
2018-01-29 00:00:00,2.143510333257052
2018-01-30 00:00:00,2.1142559516372446
2018-01-31 00:00:00,2.132644420083981
2018-02-01 00:00:00,2.103807958201599
2018-02-02 00:00:00,2.0498963120736673
2018-02-05 00:00:00,1.9780141172364256
2018-02-06 00:00:00,2.0423737568000027
2018-02-07 00:00:00,1.9780141172364256
2018-02-08 00:00:00,1.9094752802985906
2018-02-09 00:00:00,1.939983421130676
2018-02-12 00:00:00,1.970491561962761
2018-02-13 00:00:00,1.9855366725100907
2018-02-14 00:00:00,2.035269121263764
2018-02-15 00:00:00,2.0770610950063464
2018-02-16 00:00:00,2.070374379207533
2018-02-20 00:00:00,2.041955837062577
2018-02-21 00:00:00,2.0402841581128737
2018-02-22 00:00:00,2.041537917325151
2018-02-23 00:00:00,2.0778969344811977
2018-02-26 00:00:00,2.0971212424027854
2018-02-27 00:00:00,2.0361049607386152
2018-02-28 00:00:00,2.006850579118808
2018-03-01 00:00:00,2.003089301481975
2018-03-02 00:00:00,2.011447696230492
2018-03-05 00:00:00,2.0143731343924727
2018-03-06 00:00:00,2.0331795225766345
2018-03-07 00:00:00,2.035269121263764
2018-03-08 00:00:00,2.03568704100119
2018-03-09 00:00:00,2.0791506936934754
2018-03-12 00:00:00,2.084165730542585
2018-03-13 00:00:00,2.0653593423584233
2018-03-14 00:00:00,2.0687027002578295
2018-03-15 00:00:00,2.061180144984165
2018-03-16 00:00:00,2.056583027872481
2018-03-19 00:00:00,2.034433281788912
2018-03-20 00:00:00,2.0570009476099065
2018-03-21 00:00:00,2.069120619995256
2018-03-22 00:00:00,2.0001638633199947
2018-03-23 00:00:00,1.9596256487896897
2018-03-26 00:00:00,2.023149448878415
2018-03-27 00:00:00,1.9863725119849422
2018-03-28 00:00:00,1.9763424382867227
2018-03-29 00:00:00,2.0177164922918793
2018-04-02 00:00:00,1.9813574751358325
2018-04-03 00:00:00,2.000999702794846
2018-04-04 00:00:00,2.001835542269698
2018-04-05 00:00:00,2.009166355967832
2018-04-06 00:00:00,2.009166355967832
2018-04-09 00:00:00,2.009166355967832
2018-04-10 00:00:00,2.009166355967832
2018-04-11 00:00:00,2.009166355967832
2018-04-12 00:00:00,2.009166355967832
2018-04-13 00:00:00,2.009166355967832
2018-04-16 00:00:00,2.009166355967832
2018-04-17 00:00:00,2.009166355967832
2018-04-18 00:00:00,2.009166355967832
2018-04-19 00:00:00,2.009166355967832
2018-04-20 00:00:00,2.009166355967832
2018-04-23 00:00:00,2.009166355967832
2018-04-24 00:00:00,2.009166355967832
2018-04-25 00:00:00,2.009166355967832
2018-04-26 00:00:00,2.009166355967832
2018-04-27 00:00:00,2.009166355967832
2018-04-30 00:00:00,2.009166355967832
2018-05-01 00:00:00,2.009166355967832
2018-05-02 00:00:00,2.009166355967832
2018-05-03 00:00:00,2.009166355967832
2018-05-04 00:00:00,2.009166355967832
2018-05-07 00:00:00,2.009166355967832
2018-05-08 00:00:00,2.009166355967832
2018-05-09 00:00:00,2.009166355967832
2018-05-10 00:00:00,2.009166355967832
2018-05-11 00:00:00,2.009166355967832
2018-05-14 00:00:00,2.009166355967832
2018-05-15 00:00:00,2.009166355967832
2018-05-16 00:00:00,2.009166355967832
2018-05-17 00:00:00,2.009166355967832
2018-05-18 00:00:00,2.009166355967832
2018-05-21 00:00:00,2.009166355967832
2018-05-22 00:00:00,2.009166355967832
2018-05-23 00:00:00,2.009166355967832
2018-05-24 00:00:00,2.009166355967832
2018-05-25 00:00:00,2.009166355967832
2018-05-29 00:00:00,2.009166355967832
2018-05-30 00:00:00,2.009166355967832
2018-05-31 00:00:00,2.009166355967832
2018-06-01 00:00:00,2.009166355967832
2018-06-04 00:00:00,2.009166355967832
2018-06-05 00:00:00,2.009166355967832
2018-06-06 00:00:00,2.009166355967832
2018-06-07 00:00:00,2.009166355967832
2018-06-08 00:00:00,2.009166355967832
2018-06-11 00:00:00,2.009166355967832
2018-06-12 00:00:00,2.009166355967832
2018-06-13 00:00:00,2.009166355967832
2018-06-14 00:00:00,2.009166355967832
2018-06-15 00:00:00,2.009166355967832
2018-06-18 00:00:00,2.009166355967832
2018-06-19 00:00:00,2.009166355967832
2018-06-20 00:00:00,2.009166355967832
2018-06-21 00:00:00,2.009166355967832
2018-06-22 00:00:00,2.009166355967832
2018-06-25 00:00:00,2.009166355967832
2018-06-26 00:00:00,2.009166355967832
2018-06-27 00:00:00,2.009166355967832
2018-06-28 00:00:00,2.009166355967832
2018-06-29 00:00:00,2.009166355967832
2018-07-02 00:00:00,2.009166355967832
2018-07-03 00:00:00,2.009166355967832
2018-07-05 00:00:00,2.009166355967832
2018-07-06 00:00:00,2.009166355967832
2018-07-09 00:00:00,2.009166355967832
2018-07-10 00:00:00,2.009166355967832
2018-07-11 00:00:00,2.009166355967832
2018-07-12 00:00:00,2.009166355967832
2018-07-13 00:00:00,2.009166355967832
2018-07-16 00:00:00,2.009166355967832
2018-07-17 00:00:00,2.009166355967832
2018-07-18 00:00:00,2.009166355967832
2018-07-19 00:00:00,2.009166355967832
2018-07-20 00:00:00,2.009166355967832
2018-07-23 00:00:00,2.009166355967832
2018-07-24 00:00:00,2.009166355967832
2018-07-25 00:00:00,2.009166355967832
2018-07-26 00:00:00,2.009166355967832
2018-07-27 00:00:00,2.009166355967832
2018-07-30 00:00:00,2.009166355967832
2018-07-31 00:00:00,2.009166355967832
2018-08-01 00:00:00,2.009166355967832
2018-08-02 00:00:00,2.009166355967832
2018-08-03 00:00:00,2.009166355967832
2018-08-06 00:00:00,2.009166355967832
2018-08-07 00:00:00,2.009166355967832
2018-08-08 00:00:00,2.009166355967832
2018-08-09 00:00:00,2.009166355967832
2018-08-10 00:00:00,2.009166355967832
2018-08-13 00:00:00,2.009166355967832
2018-08-14 00:00:00,2.009166355967832
2018-08-15 00:00:00,2.009166355967832
2018-08-16 00:00:00,2.009166355967832
2018-08-17 00:00:00,2.009166355967832
2018-08-20 00:00:00,2.009166355967832
2018-08-21 00:00:00,2.009166355967832
2018-08-22 00:00:00,2.009166355967832
2018-08-23 00:00:00,2.009166355967832
2018-08-24 00:00:00,2.009166355967832
2018-08-27 00:00:00,2.009166355967832
2018-08-28 00:00:00,2.009166355967832
2018-08-29 00:00:00,2.009166355967832
2018-08-30 00:00:00,2.009166355967832
2018-08-31 00:00:00,2.009166355967832
2018-09-04 00:00:00,2.009166355967832
2018-09-05 00:00:00,2.009166355967832
2018-09-06 00:00:00,2.009166355967832
2018-09-07 00:00:00,2.009166355967832
2018-09-10 00:00:00,2.009166355967832
2018-09-11 00:00:00,2.009166355967832
2018-09-12 00:00:00,2.009166355967832
2018-09-13 00:00:00,2.009166355967832
2018-09-14 00:00:00,2.009166355967832
2018-09-17 00:00:00,2.009166355967832
2018-09-18 00:00:00,2.009166355967832
2018-09-19 00:00:00,2.009166355967832
2018-09-20 00:00:00,2.009166355967832
2018-09-21 00:00:00,2.009166355967832
2018-09-24 00:00:00,2.009166355967832
2018-09-25 00:00:00,2.009166355967832
2018-09-26 00:00:00,2.009166355967832
2018-09-27 00:00:00,2.009166355967832
2018-09-28 00:00:00,2.009166355967832
2018-10-01 00:00:00,2.009166355967832
2018-10-02 00:00:00,2.009166355967832
2018-10-03 00:00:00,2.009166355967832
2018-10-04 00:00:00,2.009166355967832
2018-10-05 00:00:00,2.009166355967832
2018-10-08 00:00:00,2.009166355967832
2018-10-09 00:00:00,2.009166355967832
2018-10-10 00:00:00,2.009166355967832
2018-10-11 00:00:00,2.009166355967832
2018-10-12 00:00:00,2.009166355967832
2018-10-15 00:00:00,2.009166355967832
2018-10-16 00:00:00,2.009166355967832
2018-10-17 00:00:00,2.009166355967832
2018-10-18 00:00:00,2.009166355967832
2018-10-19 00:00:00,2.009166355967832
2018-10-22 00:00:00,2.009166355967832
2018-10-23 00:00:00,2.009166355967832
2018-10-24 00:00:00,2.009166355967832
2018-10-25 00:00:00,2.009166355967832
2018-10-26 00:00:00,2.009166355967832
2018-10-29 00:00:00,2.009166355967832
2018-10-30 00:00:00,2.009166355967832
2018-10-31 00:00:00,2.009166355967832
2018-11-01 00:00:00,2.009166355967832
2018-11-02 00:00:00,2.009166355967832
2018-11-05 00:00:00,2.009166355967832
2018-11-06 00:00:00,2.009166355967832
2018-11-07 00:00:00,2.009166355967832
2018-11-08 00:00:00,2.009166355967832
2018-11-09 00:00:00,2.009166355967832
2018-11-12 00:00:00,2.009166355967832
2018-11-13 00:00:00,2.009166355967832
2018-11-14 00:00:00,2.009166355967832
2018-11-15 00:00:00,2.009166355967832
2018-11-16 00:00:00,2.009166355967832
2018-11-19 00:00:00,2.009166355967832
2018-11-20 00:00:00,2.009166355967832
2018-11-21 00:00:00,2.009166355967832
2018-11-23 00:00:00,2.009166355967832
2018-11-26 00:00:00,2.009166355967832
2018-11-27 00:00:00,2.009166355967832
2018-11-28 00:00:00,2.009166355967832
2018-11-29 00:00:00,2.009166355967832
2018-11-30 00:00:00,2.009166355967832
2018-12-03 00:00:00,2.009166355967832
2018-12-04 00:00:00,2.009166355967832
2018-12-06 00:00:00,2.009166355967832
2018-12-07 00:00:00,2.009166355967832
2018-12-10 00:00:00,2.009166355967832
2018-12-11 00:00:00,2.009166355967832
2018-12-12 00:00:00,2.009166355967832
2018-12-13 00:00:00,2.009166355967832
2018-12-14 00:00:00,2.009166355967832
2018-12-17 00:00:00,2.009166355967832
2018-12-18 00:00:00,2.009166355967832
2018-12-19 00:00:00,2.009166355967832
2018-12-20 00:00:00,2.009166355967832
2018-12-21 00:00:00,2.009166355967832
2018-12-24 00:00:00,2.009166355967832
2018-12-26 00:00:00,2.009166355967832
2018-12-27 00:00:00,2.009166355967832
2018-12-28 00:00:00,2.009166355967832
2018-12-31 00:00:00,2.009166355967832
2019-01-02 00:00:00,2.009166355967832
2019-01-03 00:00:00,2.009166355967832
2019-01-04 00:00:00,2.009166355967832
2019-01-07 00:00:00,2.009166355967832
2019-01-08 00:00:00,2.009166355967832
2019-01-09 00:00:00,2.009166355967832
2019-01-10 00:00:00,2.009166355967832
2019-01-11 00:00:00,2.009166355967832
2019-01-14 00:00:00,2.009166355967832
2019-01-15 00:00:00,2.009166355967832
2019-01-16 00:00:00,2.009166355967832
2019-01-17 00:00:00,2.009166355967832
2019-01-18 00:00:00,2.009166355967832
2019-01-22 00:00:00,2.009166355967832
2019-01-23 00:00:00,2.009166355967832
2019-01-24 00:00:00,2.009166355967832
2019-01-25 00:00:00,2.009166355967832
2019-01-28 00:00:00,2.009166355967832
2019-01-29 00:00:00,2.009166355967832
2019-01-30 00:00:00,2.009166355967832
2019-01-31 00:00:00,2.009166355967832
2019-02-01 00:00:00,2.009166355967832
2019-02-04 00:00:00,2.009166355967832
2019-02-05 00:00:00,2.009166355967832
2019-02-06 00:00:00,2.009166355967832
2019-02-07 00:00:00,2.009166355967832
2019-02-08 00:00:00,2.009166355967832
2019-02-11 00:00:00,2.009166355967832
2019-02-12 00:00:00,2.009166355967832
2019-02-13 00:00:00,2.009166355967832
2019-02-14 00:00:00,2.009166355967832
2019-02-15 00:00:00,2.009166355967832
2019-02-19 00:00:00,2.009166355967832
2019-02-20 00:00:00,2.009166355967832
2019-02-21 00:00:00,2.009166355967832
2019-02-22 00:00:00,2.009166355967832
2019-02-25 00:00:00,2.009166355967832
2019-02-26 00:00:00,2.009166355967832
2019-02-27 00:00:00,2.009166355967832
2019-02-28 00:00:00,2.009166355967832
2019-03-01 00:00:00,2.009166355967832
2019-03-04 00:00:00,2.009166355967832
2019-03-05 00:00:00,2.009166355967832
2019-03-06 00:00:00,2.009166355967832
2019-03-07 00:00:00,2.009166355967832
2019-03-08 00:00:00,2.009166355967832
2019-03-11 00:00:00,2.009166355967832
2019-03-12 00:00:00,2.009166355967832
2019-03-13 00:00:00,2.009166355967832
2019-03-14 00:00:00,2.009166355967832
2019-03-15 00:00:00,2.009166355967832
2019-03-18 00:00:00,2.009166355967832
2019-03-19 00:00:00,2.009166355967832
2019-03-20 00:00:00,2.009166355967832
2019-03-21 00:00:00,2.009166355967832
2019-03-22 00:00:00,2.009166355967832
2019-03-25 00:00:00,2.009166355967832
2019-03-26 00:00:00,2.009166355967832
2019-03-27 00:00:00,2.009166355967832
2019-03-28 00:00:00,2.009166355967832
2019-03-29 00:00:00,2.009166355967832
2019-04-01 00:00:00,2.009166355967832
2019-04-02 00:00:00,2.009166355967832
2019-04-03 00:00:00,2.009166355967832
2019-04-04 00:00:00,2.009166355967832
2019-04-05 00:00:00,2.009166355967832
2019-04-08 00:00:00,2.009166355967832
2019-04-09 00:00:00,2.009166355967832
2019-04-10 00:00:00,2.010069352082874
2019-04-11 00:00:00,1.9883974453218725
2019-04-12 00:00:00,2.00284538316254
2019-04-15 00:00:00,1.9924609278395602
2019-04-16 00:00:00,2.0073603637377486
2019-04-17 00:00:00,2.01322983848552
2019-04-18 00:00:00,2.0118753443129576
2019-04-22 00:00:00,1.9987819006448524
2019-04-23 00:00:00,2.0032968812200607
2019-04-24 00:00:00,1.9762069977688095
2019-04-25 00:00:00,1.973498009423684
2019-04-26 00:00:00,1.981173476401539
2019-04-29 00:00:00,1.9852369589192262
2019-04-30 00:00:00,1.9834309666891432
2019-05-01 00:00:00,1.9685315307909548
2019-05-02 00:00:00,1.9730465113661633
2019-05-03 00:00:00,1.996524410357248
2019-05-06 00:00:00,1.933414011876982
2019-05-07 00:00:00,1.9153700173657642
2019-05-08 00:00:00,1.9126634181890816
2019-05-09 00:00:00,1.8606976961423887
2019-05-10 00:00:00,1.8664776411961161
2019-05-13 00:00:00,1.8042320790790471
2019-05-14 00:00:00,1.8295749150838538
2019-05-15 00:00:00,1.8177153570559204
2019-05-16 00:00:00,1.8115341535099445
2019-05-17 00:00:00,1.780784078715239
2019-05-20 00:00:00,1.780784078715239
2019-05-21 00:00:00,1.780784078715239
2019-05-22 00:00:00,1.780784078715239
2019-05-23 00:00:00,1.780784078715239
2019-05-24 00:00:00,1.780784078715239
2019-05-28 00:00:00,1.780784078715239
2019-05-29 00:00:00,1.780784078715239
2019-05-30 00:00:00,1.780784078715239
2019-05-31 00:00:00,1.780784078715239
2019-06-03 00:00:00,1.780784078715239
2019-06-04 00:00:00,1.780784078715239
2019-06-05 00:00:00,1.780784078715239
2019-06-06 00:00:00,1.780784078715239
2019-06-07 00:00:00,1.780784078715239
2019-06-10 00:00:00,1.780784078715239
2019-06-11 00:00:00,1.780784078715239
2019-06-12 00:00:00,1.780784078715239
2019-06-13 00:00:00,1.780784078715239
2019-06-14 00:00:00,1.780784078715239
2019-06-17 00:00:00,1.780784078715239
2019-06-18 00:00:00,1.780784078715239
2019-06-19 00:00:00,1.780784078715239
2019-06-20 00:00:00,1.780784078715239
2019-06-21 00:00:00,1.7820340441425075
2019-06-24 00:00:00,1.7795341132879703
2019-06-25 00:00:00,1.7612012870213651
2019-06-26 00:00:00,1.774238593089833
2019-06-27 00:00:00,1.779207289266514
2019-06-28 00:00:00,1.776722941178173
2019-07-01 00:00:00,1.7978398999290677
2019-07-02 00:00:00,1.7932852617671102
2019-07-03 00:00:00,1.7899727976493225
2019-07-05 00:00:00,1.7775510572076203
2019-07-08 00:00:00,1.7667855488248114
2019-07-09 00:00:00,1.761402794633407
2019-07-10 00:00:00,1.77630888316345
2019-07-11 00:00:00,1.7729964190456629
2019-07-12 00:00:00,1.774238593089833
2019-07-15 00:00:00,1.7808635213254074
2019-07-16 00:00:00,1.7783791732370673
2019-07-17 00:00:00,1.7729964190456629
2019-07-18 00:00:00,1.7837619274284715
2019-07-19 00:00:00,1.7746526511045562
2019-07-22 00:00:00,1.7750667091192798
2019-07-23 00:00:00,1.7771369991928967
2019-07-24 00:00:00,1.7800354052959608
2019-07-25 00:00:00,1.764301200736471
2019-07-26 00:00:00,1.7680277228689818
2019-07-29 00:00:00,1.7647152587511943
2019-07-30 00:00:00,1.7510513442653217
2019-07-31 00:00:00,1.7295203274997042
2019-08-01 00:00:00,1.7084078200414037
2019-08-02 00:00:00,1.6983558985702112
2019-08-05 00:00:00,1.6478589944080153
2019-08-06 00:00:00,1.6432954372734514
2019-08-07 00:00:00,1.626041540459092
2019-08-08 00:00:00,1.626041540459092
2019-08-09 00:00:00,1.626041540459092
2019-08-12 00:00:00,1.626041540459092
2019-08-13 00:00:00,1.626041540459092
2019-08-14 00:00:00,1.626041540459092
2019-08-15 00:00:00,1.626041540459092
2019-08-16 00:00:00,1.626041540459092
2019-08-19 00:00:00,1.626041540459092
2019-08-20 00:00:00,1.626041540459092
2019-08-21 00:00:00,1.626041540459092
2019-08-22 00:00:00,1.626041540459092
2019-08-23 00:00:00,1.626041540459092
2019-08-26 00:00:00,1.626041540459092
2019-08-27 00:00:00,1.626041540459092
2019-08-28 00:00:00,1.626041540459092
2019-08-29 00:00:00,1.626041540459092
2019-08-30 00:00:00,1.626041540459092
2019-09-03 00:00:00,1.626041540459092
2019-09-04 00:00:00,1.626041540459092
2019-09-05 00:00:00,1.626041540459092
2019-09-06 00:00:00,1.626041540459092
2019-09-09 00:00:00,1.626041540459092
2019-09-10 00:00:00,1.626041540459092
2019-09-11 00:00:00,1.626041540459092
2019-09-12 00:00:00,1.626041540459092
2019-09-13 00:00:00,1.626041540459092
2019-09-16 00:00:00,1.626041540459092
2019-09-17 00:00:00,1.626041540459092
2019-09-18 00:00:00,1.6195079368654508
2019-09-19 00:00:00,1.612974333271809
2019-09-20 00:00:00,1.6145116517644305
2019-09-23 00:00:00,1.616048970257052
2019-09-24 00:00:00,1.5991384668382151
2019-09-25 00:00:00,1.5979854779687488
2019-09-26 00:00:00,1.5976011483455936
2019-09-27 00:00:00,1.5772316783183582
2019-09-30 00:00:00,1.5860712596509319
2019-10-01 00:00:00,1.5749257005794257
2019-10-02 00:00:00,1.5627515217045065
2019-10-03 00:00:00,1.5774470321783425
2019-10-04 00:00:00,1.584408063455423
2019-10-07 00:00:00,1.5712594488209382
2019-10-08 00:00:00,1.5675405565335538
2019-10-09 00:00:00,1.5675405565335538
2019-10-10 00:00:00,1.5675405565335538
2019-10-11 00:00:00,1.5675405565335538
2019-10-14 00:00:00,1.5626513945290106
2019-10-15 00:00:00,1.5765667017727105
2019-10-16 00:00:00,1.5810797743922889
2019-10-17 00:00:00,1.5870972045517269
2019-10-18 00:00:00,1.5788232380824998
2019-10-21 00:00:00,1.5931146347111644
2019-10-22 00:00:00,1.5942429028660592
2019-10-23 00:00:00,1.594618992251024
2019-10-24 00:00:00,1.594618992251024
2019-10-25 00:00:00,1.60590167379997
2019-10-28 00:00:00,1.6153039084240917
2019-10-29 00:00:00,1.6070299419548644
2019-10-30 00:00:00,1.6141756402691971
2019-10-31 00:00:00,1.6013886011803915
2019-11-01 00:00:00,1.625458321818143
2019-11-04 00:00:00,1.641630165371632
2019-11-05 00:00:00,1.6510323999957537
2019-11-06 00:00:00,1.6457671486062457
2019-11-07 00:00:00,1.6578020089251213
2019-11-08 00:00:00,1.6427584335265266
2019-11-11 00:00:00,1.6310996625926157
2019-11-12 00:00:00,1.6205691598135998
2019-11-13 00:00:00,1.6081582101097591
2019-11-14 00:00:00,1.6092864782646537
2019-11-15 00:00:00,1.6220735173534595
2019-11-18 00:00:00,1.619440891658705
2019-11-19 00:00:00,1.6228256961233887
2019-11-20 00:00:00,1.6156799978090564
2019-11-21 00:00:00,1.6122951933443728
2019-11-22 00:00:00,1.6122951933443728
2019-11-25 00:00:00,1.6284670368978618
2019-11-26 00:00:00,1.6235778748933187
2019-11-27 00:00:00,1.625458321818143
2019-11-29 00:00:00,1.599884243640532
2019-12-02 00:00:00,1.5995081542555674
2019-12-03 00:00:00,1.5912341877863405
2019-12-04 00:00:00,1.603269048105216
2019-12-05 00:00:00,1.6104147464195484
2019-12-06 00:00:00,1.61981698104367
2019-12-09 00:00:00,1.613423461499267
2019-12-10 00:00:00,1.6190648022737402
2019-12-11 00:00:00,1.6427584335265266
2019-12-12 00:00:00,1.6713412267838563
2019-12-13 00:00:00,1.6705890480139267
2019-12-16 00:00:00,1.6495280424558942
2019-12-17 00:00:00,1.6645716178544887
2019-12-18 00:00:00,1.6735977630936456
2019-12-19 00:00:00,1.6743499418635752
2019-12-20 00:00:00,1.6777347463282588
2019-12-23 00:00:00,1.6799912826380483
2019-12-24 00:00:00,1.6762303887883996
2019-12-26 00:00:00,1.6882652491072752
2019-12-27 00:00:00,1.6950348580366428
2019-12-30 00:00:00,1.6837521764876968
2019-12-31 00:00:00,1.6875130703373455
2020-01-02 00:00:00,1.7217372043691481
2020-01-03 00:00:00,1.6897696066471346
2020-01-06 00:00:00,1.6856326234125212
2020-01-07 00:00:00,1.6845043552576267
2020-01-08 00:00:00,1.694282679266713
2020-01-09 00:00:00,1.7055653608156591
2020-01-10 00:00:00,1.7145915060548158
2020-01-13 00:00:00,1.7412938523873212
2020-01-14 00:00:00,1.7315155283782344
2020-01-15 00:00:00,1.7179763105194996
2020-01-16 00:00:00,1.7288829026834804
2020-01-17 00:00:00,1.7386612266925667
2020-01-21 00:00:00,1.6946587686516779
2020-01-22 00:00:00,1.7085740758953778
2020-01-23 00:00:00,1.6908978748020291
2020-01-24 00:00:00,1.6773586569432943
2020-01-27 00:00:00,1.619440891658705
2020-01-28 00:00:00,1.6329801095174403
2020-01-29 00:00:00,1.6408779866017023
2020-01-30 00:00:00,1.616432176578986
2020-01-31 00:00:00,1.583712400087043
2020-02-03 00:00:00,1.6013886011803915
2020-02-04 00:00:00,1.6427584335265266
2020-02-05 00:00:00,1.6521606681506484
2020-02-06 00:00:00,1.6536650256905077
2020-02-07 00:00:00,1.630723573207651
2020-02-10 00:00:00,1.6397497184468077
2020-02-11 00:00:00,1.661186813389805
2020-02-12 00:00:00,1.6837521764876968
2020-02-13 00:00:00,1.66156290277477
2020-02-14 00:00:00,1.6623150815446996
2020-02-18 00:00:00,1.6514084893807184
2020-02-19 00:00:00,1.663443349699594
2020-02-20 00:00:00,1.6374931821370187
2020-02-21 00:00:00,1.628090947512897
2020-02-24 00:00:00,1.567164467148589
2020-02-25 00:00:00,1.5547535174447484
2020-02-26 00:00:00,1.5725548810854133
2020-02-27 00:00:00,1.55477086782265
2020-02-28 00:00:00,1.5173426335098383
2020-03-02 00:00:00,1.5173426335098383
2020-03-03 00:00:00,1.5173426335098383
2020-03-04 00:00:00,1.5173426335098383
2020-03-05 00:00:00,1.5173426335098383
2020-03-06 00:00:00,1.5173426335098383
2020-03-09 00:00:00,1.5173426335098383
2020-03-10 00:00:00,1.5173426335098383
2020-03-11 00:00:00,1.5173426335098383
2020-03-12 00:00:00,1.5173426335098383
2020-03-13 00:00:00,1.5173426335098383
2020-03-16 00:00:00,1.5173426335098383
2020-03-17 00:00:00,1.5173426335098383
2020-03-18 00:00:00,1.5173426335098383
2020-03-19 00:00:00,1.5173426335098383
2020-03-20 00:00:00,1.5173426335098383
2020-03-23 00:00:00,1.5173426335098383
2020-03-24 00:00:00,1.5173426335098383
2020-03-25 00:00:00,1.5173426335098383
2020-03-26 00:00:00,1.5173426335098383
2020-03-27 00:00:00,1.5173426335098383
2020-03-30 00:00:00,1.5173426335098383
2020-03-31 00:00:00,1.5173426335098383
2020-04-01 00:00:00,1.5173426335098383
2020-04-02 00:00:00,1.5173426335098383
2020-04-03 00:00:00,1.5173426335098383
2020-04-06 00:00:00,1.5173426335098383
2020-04-07 00:00:00,1.5173426335098383
2020-04-08 00:00:00,1.5173426335098383
2020-04-09 00:00:00,1.5173426335098383
2020-04-13 00:00:00,1.5173426335098383
2020-04-14 00:00:00,1.5173426335098383
2020-04-15 00:00:00,1.5173426335098383
2020-04-16 00:00:00,1.5173426335098383
2020-04-17 00:00:00,1.5173426335098383
2020-04-20 00:00:00,1.5173426335098383
2020-04-21 00:00:00,1.5173426335098383
2020-04-22 00:00:00,1.5173426335098383
2020-04-23 00:00:00,1.5173426335098383
2020-04-24 00:00:00,1.5173426335098383
2020-04-27 00:00:00,1.5173426335098383
2020-04-28 00:00:00,1.5173426335098383
2020-04-29 00:00:00,1.5173426335098383
2020-04-30 00:00:00,1.5173426335098383
2020-05-01 00:00:00,1.5173426335098383
2020-05-04 00:00:00,1.5173426335098383
2020-05-05 00:00:00,1.5173426335098383
2020-05-06 00:00:00,1.5173426335098383
2020-05-07 00:00:00,1.5173426335098383
2020-05-08 00:00:00,1.5173426335098383
2020-05-11 00:00:00,1.5173426335098383
2020-05-12 00:00:00,1.5173426335098383
2020-05-13 00:00:00,1.5173426335098383
2020-05-14 00:00:00,1.5173426335098383
2020-05-15 00:00:00,1.5173426335098383
2020-05-18 00:00:00,1.5173426335098383
2020-05-19 00:00:00,1.5173426335098383
2020-05-20 00:00:00,1.5173426335098383
2020-05-21 00:00:00,1.5173426335098383
2020-05-22 00:00:00,1.5173426335098383
2020-05-26 00:00:00,1.5173426335098383
2020-05-27 00:00:00,1.5173426335098383
2020-05-28 00:00:00,1.5173426335098383
2020-05-29 00:00:00,1.5173426335098383
2020-06-01 00:00:00,1.5173426335098383
2020-06-02 00:00:00,1.5173426335098383
2020-06-03 00:00:00,1.5173426335098383
2020-06-04 00:00:00,1.5173426335098383
2020-06-05 00:00:00,1.5173426335098383
2020-06-08 00:00:00,1.5173426335098383
2020-06-09 00:00:00,1.5173426335098383
2020-06-10 00:00:00,1.5173426335098383
2020-06-11 00:00:00,1.5173426335098383
2020-06-12 00:00:00,1.5173426335098383
2020-06-15 00:00:00,1.5173426335098383
2020-06-16 00:00:00,1.5173426335098383
2020-06-17 00:00:00,1.5173426335098383
2020-06-18 00:00:00,1.5173426335098383
2020-06-19 00:00:00,1.5173426335098383
2020-06-22 00:00:00,1.5173426335098383
2020-06-23 00:00:00,1.5173426335098383
2020-06-24 00:00:00,1.5173426335098383
2020-06-25 00:00:00,1.5173426335098383
2020-06-26 00:00:00,1.5173426335098383
2020-06-29 00:00:00,1.5173426335098383
2020-06-30 00:00:00,1.5173426335098383
2020-07-01 00:00:00,1.5173426335098383
2020-07-02 00:00:00,1.5173426335098383
2020-07-06 00:00:00,1.5173426335098383
2020-07-07 00:00:00,1.5173426335098383
2020-07-08 00:00:00,1.5173426335098383
2020-07-09 00:00:00,1.5173426335098383
2020-07-10 00:00:00,1.5173426335098383
2020-07-13 00:00:00,1.5173426335098383
2020-07-14 00:00:00,1.5173426335098383
2020-07-15 00:00:00,1.5173426335098383
2020-07-16 00:00:00,1.5173426335098383
2020-07-17 00:00:00,1.5173426335098383
2020-07-20 00:00:00,1.5173426335098383
2020-07-21 00:00:00,1.5173426335098383
2020-07-22 00:00:00,1.5173426335098383
2020-07-23 00:00:00,1.5173426335098383
2020-07-24 00:00:00,1.5173426335098383
2020-07-27 00:00:00,1.5173426335098383
2020-07-28 00:00:00,1.5173426335098383
2020-07-29 00:00:00,1.5173426335098383
2020-07-30 00:00:00,1.5173426335098383
2020-07-31 00:00:00,1.5173426335098383
2020-08-03 00:00:00,1.5173426335098383
2020-08-04 00:00:00,1.5173426335098383
2020-08-05 00:00:00,1.5173426335098383
2020-08-06 00:00:00,1.5173426335098383
2020-08-07 00:00:00,1.5173426335098383
2020-08-10 00:00:00,1.5173426335098383
2020-08-11 00:00:00,1.5173426335098383
2020-08-12 00:00:00,1.5173426335098383
2020-08-13 00:00:00,1.5173426335098383
2020-08-14 00:00:00,1.5173426335098383
2020-08-17 00:00:00,1.5173426335098383
2020-08-18 00:00:00,1.5173426335098383
2020-08-19 00:00:00,1.5173426335098383
2020-08-20 00:00:00,1.5173426335098383
2020-08-21 00:00:00,1.5173426335098383
2020-08-24 00:00:00,1.5173426335098383
2020-08-25 00:00:00,1.5173426335098383
2020-08-26 00:00:00,1.5173426335098383
2020-08-27 00:00:00,1.5173426335098383
2020-08-28 00:00:00,1.5173426335098383
2020-08-31 00:00:00,1.5173426335098383
2020-09-01 00:00:00,1.5173426335098383
2020-09-02 00:00:00,1.5173426335098383
2020-09-03 00:00:00,1.5173426335098383
2020-09-04 00:00:00,1.5173426335098383
2020-09-08 00:00:00,1.5173426335098383
2020-09-09 00:00:00,1.5173426335098383
2020-09-10 00:00:00,1.5173426335098383
2020-09-11 00:00:00,1.5173426335098383
2020-09-14 00:00:00,1.5173426335098383
2020-09-15 00:00:00,1.5173426335098383
2020-09-16 00:00:00,1.5173426335098383
2020-09-17 00:00:00,1.5173426335098383
2020-09-18 00:00:00,1.5173426335098383
2020-09-21 00:00:00,1.5173426335098383
2020-09-22 00:00:00,1.5173426335098383
2020-09-23 00:00:00,1.5173426335098383
2020-09-24 00:00:00,1.5173426335098383
2020-09-25 00:00:00,1.5173426335098383
2020-09-28 00:00:00,1.5173426335098383
2020-09-29 00:00:00,1.5173426335098383
2020-09-30 00:00:00,1.5173426335098383
2020-10-01 00:00:00,1.5173426335098383
2020-10-02 00:00:00,1.5173426335098383
2020-10-05 00:00:00,1.5173426335098383
2020-10-06 00:00:00,1.5173426335098383
2020-10-07 00:00:00,1.5173426335098383
2020-10-08 00:00:00,1.5173426335098383
2020-10-09 00:00:00,1.523993269641812
2020-10-12 00:00:00,1.5372945419057598
2020-10-13 00:00:00,1.5309764375803847
2020-10-14 00:00:00,1.5206679515758252
2020-10-15 00:00:00,1.5096944019580683
2020-10-16 00:00:00,1.5150149108636475
2020-10-19 00:00:00,1.5106919973778643
2020-10-20 00:00:00,1.527318587707799
2020-10-21 00:00:00,1.5316415011935822
2020-10-22 00:00:00,1.5313089693869832
2020-10-23 00:00:00,1.5402873281651481
2020-10-26 00:00:00,1.5203354197692265
2020-10-27 00:00:00,1.5269860559012005
2020-10-28 00:00:00,1.4887448981423508
2020-10-29 00:00:00,1.5037088294392917
2020-10-30 00:00:00,1.4867497073027585
2020-11-02 00:00:00,1.505704020278884
2020-11-03 00:00:00,1.5123546564108579
2020-11-04 00:00:00,1.559906704754471
2020-11-05 00:00:00,1.5865092492823665
2020-11-06 00:00:00,1.5938249490275378
2020-11-09 00:00:00,1.6047984986452946
2020-11-10 00:00:00,1.5865092492823665
2020-11-11 00:00:00,1.5968177352869262
2020-11-12 00:00:00,1.5848465902493731
2020-11-13 00:00:00,1.6071262212914854
2020-11-16 00:00:00,1.6270781296874073
2020-11-17 00:00:00,1.6254154706544137
2020-11-18 00:00:00,1.6197624299422357
2020-11-19 00:00:00,1.6224226843950251
2020-11-20 00:00:00,1.6314010431731902
2020-11-23 00:00:00,1.635723956658973
2020-11-24 00:00:00,1.657671055894487
2020-11-25 00:00:00,1.6483601653097235
2020-11-27 00:00:00,1.663989160219862
2020-11-30 00:00:00,1.6204274935554333
2020-12-01 00:00:00,1.6523505469889077
2020-12-02 00:00:00,1.6546782696350986
2020-12-03 00:00:00,1.6736325826112242
2020-12-04 00:00:00,1.6909242365543562
2020-12-07 00:00:00,1.6909242365543562
2020-12-08 00:00:00,1.6915893001675537
2020-12-09 00:00:00,1.6769579006772113
2020-12-10 00:00:00,1.698572468106126
2020-12-11 00:00:00,1.686601323068573
2020-12-14 00:00:00,1.660663842153875
2020-12-15 00:00:00,1.6786205597102046
2020-12-16 00:00:00,1.686601323068573
2020-12-17 00:00:00,1.6975748726863302
2020-12-18 00:00:00,1.695579681846738
2020-12-21 00:00:00,1.6706397963518358
2020-12-22 00:00:00,1.6573385240878884
2020-12-23 00:00:00,1.6742976462244215
2020-12-24 00:00:00,1.6669819464792506
2020-12-28 00:00:00,1.671637391771632
2020-12-29 00:00:00,1.6965772772665342
2020-12-30 00:00:00,1.7191894401152454
2020-12-31 00:00:00,1.7181918446954492
2021-01-04 00:00:00,1.7291653943132061
2021-01-05 00:00:00,1.7707318701380428
2021-01-06 00:00:00,1.7557679388411012
2021-01-07 00:00:00,1.772394529171036
2021-01-08 00:00:00,1.819281513901452
2021-01-11 00:00:00,1.7946741602131486
2021-01-12 00:00:00,1.8122983459628792
2021-01-13 00:00:00,1.8162887276420634
2021-01-14 00:00:00,1.833247849778597
2021-01-15 00:00:00,1.807310368863899
2021-01-19 00:00:00,1.837238231457781
2021-01-20 00:00:00,1.8694938166978545
2021-01-21 00:00:00,1.8728191347638414
2021-01-22 00:00:00,1.8565250762405057
2021-01-25 00:00:00,1.8704914121176506
2021-01-26 00:00:00,1.8568576080471044
2021-01-27 00:00:00,1.8053151780243066
2021-01-28 00:00:00,1.8179513866750572
2021-01-29 00:00:00,1.7727270609776347
2021-02-01 00:00:00,1.8206116411278466
2021-02-02 00:00:00,1.844221399396354
2021-02-03 00:00:00,1.8535322899811173
2021-02-04 00:00:00,1.8541973535943148
2021-02-05 00:00:00,1.870158880311052
2021-02-08 00:00:00,1.8734841983770392
2021-02-09 00:00:00,1.8934361067729604
2021-02-10 00:00:00,1.9000867429049344
2021-02-11 00:00:00,1.9203711831074546
2021-02-12 00:00:00,1.922033842140448
2021-02-16 00:00:00,1.9266892874328296
2021-02-17 00:00:00,1.9273543510460276
2021-02-18 00:00:00,1.9007518065181317
2021-02-19 00:00:00,1.9130554833622835
2021-02-22 00:00:00,1.8568576080471044
2021-02-23 00:00:00,1.8651709032120718
2021-02-24 00:00:00,1.8531997581745185
2021-02-25 00:00:00,1.8109682187364846
2021-02-26 00:00:00,1.7866933968547798
2021-03-01 00:00:00,1.834577977004992
2021-03-02 00:00:00,1.8166212594486624
2021-03-03 00:00:00,1.812963409576077
2021-03-04 00:00:00,1.7707318701380428
2021-03-05 00:00:00,1.790018714920767
2021-03-08 00:00:00,1.7418016029639565
2021-03-09 00:00:00,1.7800427607228062
2021-03-10 00:00:00,1.7720619973644374
2021-03-11 00:00:00,1.827927340873018
2021-03-12 00:00:00,1.795339223826346
2021-03-15 00:00:00,1.799662137312129
2021-03-16 00:00:00,1.807310368863899
2021-03-17 00:00:00,1.8096380915100898
2021-03-18 00:00:00,1.7763849108502203
2021-03-19 00:00:00,1.7983320100857343
2021-03-22 00:00:00,1.793011501180155
2021-03-23 00:00:00,1.7587607251004898
2021-03-24 00:00:00,1.718524376502048
2021-03-25 00:00:00,1.7265051398604163
2021-03-26 00:00:00,1.7713969337512403
2021-03-29 00:00:00,1.7590932569070883
2021-03-30 00:00:00,1.7647462976192663
2021-03-31 00:00:00,1.76214416972627
2021-04-01 00:00:00,1.755668951143091
2021-04-05 00:00:00,1.7633483611452465
2021-04-06 00:00:00,1.7705919590503396
2021-04-07 00:00:00,1.751068414506361
2021-04-08 00:00:00,1.7482311746547297
2021-04-09 00:00:00,1.7342603992805803
2021-04-12 00:00:00,1.735594955350171
2021-04-13 00:00:00,1.7352940930298426
2021-04-14 00:00:00,1.7352940930298426
2021-04-15 00:00:00,1.7352940930298426
2021-04-16 00:00:00,1.7352940930298426
2021-04-19 00:00:00,1.7352940930298426
2021-04-20 00:00:00,1.7352940930298426
2021-04-21 00:00:00,1.7352940930298426
2021-04-22 00:00:00,1.7352940930298426
2021-04-23 00:00:00,1.7352940930298426
2021-04-26 00:00:00,1.7352940930298426
2021-04-27 00:00:00,1.7352940930298426
2021-04-28 00:00:00,1.7352940930298426
2021-04-29 00:00:00,1.7352940930298426
2021-04-30 00:00:00,1.7352940930298426
2021-05-03 00:00:00,1.7352940930298426
2021-05-04 00:00:00,1.7284928283875085
2021-05-05 00:00:00,1.736219324116996
2021-05-06 00:00:00,1.736219324116996
2021-05-07 00:00:00,1.736219324116996
2021-05-10 00:00:00,1.736219324116996
2021-05-11 00:00:00,1.736219324116996
2021-05-12 00:00:00,1.736219324116996
2021-05-13 00:00:00,1.736219324116996
2021-05-14 00:00:00,1.736219324116996
2021-05-17 00:00:00,1.736219324116996
2021-05-18 00:00:00,1.736219324116996
2021-05-19 00:00:00,1.736219324116996
2021-05-20 00:00:00,1.736219324116996
2021-05-21 00:00:00,1.736219324116996
2021-05-24 00:00:00,1.736219324116996
2021-05-25 00:00:00,1.736219324116996
2021-05-26 00:00:00,1.736219324116996
2021-05-27 00:00:00,1.736219324116996
2021-05-28 00:00:00,1.736219324116996
2021-06-01 00:00:00,1.736219324116996
2021-06-02 00:00:00,1.736219324116996
2021-06-03 00:00:00,1.736219324116996
2021-06-04 00:00:00,1.736219324116996
2021-06-07 00:00:00,1.736219324116996
2021-06-08 00:00:00,1.72780469088218
2021-06-09 00:00:00,1.722818241557845
2021-06-10 00:00:00,1.729051303213264
2021-06-11 00:00:00,1.723129894640616
2021-06-14 00:00:00,1.72780469088218
2021-06-15 00:00:00,1.7159618737368838
2021-06-16 00:00:00,1.6925878925290623
2021-06-17 00:00:00,1.7019374850121909
2021-06-18 00:00:00,1.6900946678668944
2021-06-21 00:00:00,1.6972626887706266
2021-06-22 00:00:00,1.6894713617013526
2021-06-23 00:00:00,1.6997559134327942
2021-06-24 00:00:00,1.715338567571342
2021-06-25 00:00:00,1.729674609378806
2021-06-28 00:00:00,1.7312328747926606
2021-06-29 00:00:00,1.729986262461577
2021-06-30 00:00:00,1.7187667514818223
2021-07-01 00:00:00,1.709105505915923
2021-07-02 00:00:00,1.7072355874192973
2021-07-06 00:00:00,1.671197171090556
2021-07-07 00:00:00,1.659773876183785
2021-07-08 00:00:00,1.6251952537632894
2021-07-09 00:00:00,1.653290384479942
2021-07-12 00:00:00,1.6548340729808573
2021-07-13 00:00:00,1.6569442334140678
2021-07-14 00:00:00,1.6569442334140678
2021-07-15 00:00:00,1.6569442334140678
2021-07-16 00:00:00,1.6569442334140678
2021-07-19 00:00:00,1.6569442334140678
2021-07-20 00:00:00,1.6569442334140678
2021-07-21 00:00:00,1.6569442334140678
2021-07-22 00:00:00,1.6569442334140678
2021-07-23 00:00:00,1.6569442334140678
2021-07-26 00:00:00,1.6569442334140678
2021-07-27 00:00:00,1.6569442334140678
2021-07-28 00:00:00,1.6569442334140678
2021-07-29 00:00:00,1.6569442334140678
2021-07-30 00:00:00,1.6569442334140678
2021-08-02 00:00:00,1.6569442334140678
2021-08-03 00:00:00,1.6569442334140678
2021-08-04 00:00:00,1.6569442334140678
2021-08-05 00:00:00,1.6569442334140678
2021-08-06 00:00:00,1.6569442334140678
2021-08-09 00:00:00,1.6569442334140678
2021-08-10 00:00:00,1.6569442334140678
2021-08-11 00:00:00,1.6569442334140678
2021-08-12 00:00:00,1.6569442334140678
2021-08-13 00:00:00,1.6569442334140678
2021-08-16 00:00:00,1.6569442334140678
2021-08-17 00:00:00,1.6569442334140678
2021-08-18 00:00:00,1.6569442334140678
2021-08-19 00:00:00,1.6569442334140678
2021-08-20 00:00:00,1.6569442334140678
2021-08-23 00:00:00,1.6569442334140678
2021-08-24 00:00:00,1.6569442334140678
2021-08-25 00:00:00,1.6569442334140678
2021-08-26 00:00:00,1.6569442334140678
2021-08-27 00:00:00,1.6569442334140678
2021-08-30 00:00:00,1.6569442334140678
2021-08-31 00:00:00,1.6569442334140678
2021-09-01 00:00:00,1.6569442334140678
2021-09-02 00:00:00,1.6569442334140678
2021-09-03 00:00:00,1.6569442334140678
2021-09-07 00:00:00,1.6569442334140678
2021-09-08 00:00:00,1.6569442334140678
2021-09-09 00:00:00,1.6569442334140678
2021-09-10 00:00:00,1.6569442334140678
2021-09-13 00:00:00,1.6569442334140678
2021-09-14 00:00:00,1.6569442334140678
2021-09-15 00:00:00,1.6569442334140678
2021-09-16 00:00:00,1.6569442334140678
2021-09-17 00:00:00,1.6569442334140678
2021-09-20 00:00:00,1.6569442334140678
2021-09-21 00:00:00,1.6569442334140678
2021-09-22 00:00:00,1.6569442334140678
2021-09-23 00:00:00,1.6569442334140678
2021-09-24 00:00:00,1.6569442334140678
2021-09-27 00:00:00,1.6569442334140678
2021-09-28 00:00:00,1.6569442334140678
2021-09-29 00:00:00,1.6569442334140678
2021-09-30 00:00:00,1.6569442334140678
2021-10-01 00:00:00,1.6569442334140678
2021-10-04 00:00:00,1.6569442334140678
2021-10-05 00:00:00,1.6569442334140678
2021-10-06 00:00:00,1.6569442334140678
2021-10-07 00:00:00,1.6569442334140678
2021-10-08 00:00:00,1.6569442334140678
2021-10-11 00:00:00,1.6569442334140678
2021-10-12 00:00:00,1.6569442334140678
2021-10-13 00:00:00,1.6569442334140678
2021-10-14 00:00:00,1.6569442334140678
2021-10-15 00:00:00,1.6569442334140678
2021-10-18 00:00:00,1.6569442334140678
2021-10-19 00:00:00,1.6569442334140678
2021-10-20 00:00:00,1.6569442334140678
2021-10-21 00:00:00,1.6569442334140678
2021-10-22 00:00:00,1.6569442334140678
2021-10-25 00:00:00,1.6569442334140678
2021-10-26 00:00:00,1.6569442334140678
2021-10-27 00:00:00,1.6569442334140678
2021-10-28 00:00:00,1.6569442334140678
2021-10-29 00:00:00,1.6569442334140678
2021-11-01 00:00:00,1.6569442334140678
2021-11-02 00:00:00,1.6569442334140678
2021-11-03 00:00:00,1.6569442334140678
2021-11-04 00:00:00,1.6569442334140678
2021-11-05 00:00:00,1.6569442334140678
2021-11-08 00:00:00,1.6569442334140678
2021-11-09 00:00:00,1.6569442334140678
2021-11-10 00:00:00,1.6569442334140678
2021-11-11 00:00:00,1.6569442334140678
2021-11-12 00:00:00,1.6569442334140678
2021-11-15 00:00:00,1.6569442334140678
2021-11-16 00:00:00,1.6569442334140678
2021-11-17 00:00:00,1.6569442334140678
2021-11-18 00:00:00,1.6569442334140678
2021-11-19 00:00:00,1.6569442334140678
2021-11-22 00:00:00,1.6569442334140678
2021-11-23 00:00:00,1.6569442334140678
2021-11-24 00:00:00,1.6569442334140678
2021-11-26 00:00:00,1.6569442334140678
2021-11-29 00:00:00,1.6569442334140678
2021-11-30 00:00:00,1.6569442334140678
2021-12-01 00:00:00,1.6569442334140678
2021-12-02 00:00:00,1.6569442334140678
2021-12-03 00:00:00,1.6569442334140678
2021-12-06 00:00:00,1.6569442334140678
2021-12-07 00:00:00,1.6569442334140678
2021-12-08 00:00:00,1.6569442334140678
2021-12-09 00:00:00,1.6569442334140678
2021-12-10 00:00:00,1.6569442334140678
2021-12-13 00:00:00,1.6569442334140678
2021-12-14 00:00:00,1.6569442334140678
2021-12-15 00:00:00,1.6569442334140678
2021-12-16 00:00:00,1.6569442334140678
2021-12-17 00:00:00,1.6569442334140678
2021-12-20 00:00:00,1.6569442334140678
2021-12-21 00:00:00,1.6569442334140678
2021-12-22 00:00:00,1.6569442334140678
2021-12-23 00:00:00,1.6569442334140678
2021-12-27 00:00:00,1.6569442334140678
2021-12-28 00:00:00,1.6569442334140678
2021-12-29 00:00:00,1.6569442334140678
2021-12-30 00:00:00,1.6569442334140678
2021-12-31 00:00:00,1.6569442334140678
2022-01-03 00:00:00,1.6569442334140678
2022-01-04 00:00:00,1.6569442334140678
2022-01-05 00:00:00,1.6569442334140678
2022-01-06 00:00:00,1.6569442334140678
2022-01-07 00:00:00,1.6569442334140678
2022-01-10 00:00:00,1.6569442334140678
2022-01-11 00:00:00,1.6569442334140678
2022-01-12 00:00:00,1.6569442334140678
2022-01-13 00:00:00,1.6569442334140678
2022-01-14 00:00:00,1.6569442334140678
2022-01-18 00:00:00,1.6569442334140678
2022-01-19 00:00:00,1.6569442334140678
2022-01-20 00:00:00,1.6569442334140678
2022-01-21 00:00:00,1.6569442334140678
2022-01-24 00:00:00,1.6569442334140678
2022-01-25 00:00:00,1.6569442334140678
2022-01-26 00:00:00,1.6569442334140678
2022-01-27 00:00:00,1.6569442334140678
2022-01-28 00:00:00,1.6569442334140678
2022-01-31 00:00:00,1.6569442334140678
2022-02-01 00:00:00,1.6569442334140678
2022-02-02 00:00:00,1.6569442334140678
2022-02-03 00:00:00,1.6569442334140678
2022-02-04 00:00:00,1.6569442334140678
2022-02-07 00:00:00,1.6569442334140678
2022-02-08 00:00:00,1.6569442334140678
2022-02-09 00:00:00,1.6569442334140678
2022-02-10 00:00:00,1.6569442334140678
2022-02-11 00:00:00,1.6569442334140678
2022-02-14 00:00:00,1.6569442334140678
2022-02-15 00:00:00,1.6569442334140678
2022-02-16 00:00:00,1.6569442334140678
2022-02-17 00:00:00,1.6569442334140678
2022-02-18 00:00:00,1.6569442334140678
2022-02-22 00:00:00,1.6569442334140678
2022-02-23 00:00:00,1.6569442334140678
2022-02-24 00:00:00,1.6569442334140678
2022-02-25 00:00:00,1.6569442334140678
2022-02-28 00:00:00,1.6569442334140678
2022-03-01 00:00:00,1.6569442334140678
2022-03-02 00:00:00,1.6569442334140678
2022-03-03 00:00:00,1.6569442334140678
2022-03-04 00:00:00,1.6569442334140678
2022-03-07 00:00:00,1.6569442334140678
2022-03-08 00:00:00,1.6569442334140678
2022-03-09 00:00:00,1.6569442334140678
2022-03-10 00:00:00,1.6569442334140678
2022-03-11 00:00:00,1.6569442334140678
2022-03-14 00:00:00,1.6569442334140678
2022-03-15 00:00:00,1.6569442334140678
2022-03-16 00:00:00,1.6569442334140678
2022-03-17 00:00:00,1.6569442334140678
2022-03-18 00:00:00,1.6569442334140678
2022-03-21 00:00:00,1.6569442334140678
2022-03-22 00:00:00,1.6569442334140678
2022-03-23 00:00:00,1.6569442334140678
2022-03-24 00:00:00,1.6569442334140678
2022-03-25 00:00:00,1.6569442334140678
2022-03-28 00:00:00,1.6569442334140678
2022-03-29 00:00:00,1.6569442334140678
2022-03-30 00:00:00,1.6569442334140678
2022-03-31 00:00:00,1.6569442334140678
2022-04-01 00:00:00,1.6569442334140678
2022-04-04 00:00:00,1.6569442334140678
2022-04-05 00:00:00,1.6569442334140678
2022-04-06 00:00:00,1.6569442334140678
2022-04-07 00:00:00,1.6569442334140678
2022-04-08 00:00:00,1.6569442334140678
2022-04-11 00:00:00,1.6569442334140678
2022-04-12 00:00:00,1.6569442334140678
2022-04-13 00:00:00,1.6569442334140678
2022-04-14 00:00:00,1.6569442334140678
2022-04-18 00:00:00,1.6569442334140678
2022-04-19 00:00:00,1.6569442334140678
2022-04-20 00:00:00,1.6569442334140678
2022-04-21 00:00:00,1.6569442334140678
2022-04-22 00:00:00,1.6569442334140678
2022-04-25 00:00:00,1.6569442334140678
2022-04-26 00:00:00,1.6569442334140678
2022-04-27 00:00:00,1.6569442334140678
2022-04-28 00:00:00,1.6569442334140678
2022-04-29 00:00:00,1.6569442334140678
2022-05-02 00:00:00,1.6569442334140678
2022-05-03 00:00:00,1.6569442334140678
2022-05-04 00:00:00,1.6569442334140678
2022-05-05 00:00:00,1.6569442334140678
2022-05-06 00:00:00,1.6569442334140678
2022-05-09 00:00:00,1.6569442334140678
2022-05-10 00:00:00,1.6569442334140678
2022-05-11 00:00:00,1.6569442334140678
2022-05-12 00:00:00,1.6569442334140678
2022-05-13 00:00:00,1.6569442334140678
2022-05-16 00:00:00,1.6569442334140678
2022-05-17 00:00:00,1.6569442334140678
2022-05-18 00:00:00,1.6569442334140678
2022-05-19 00:00:00,1.6569442334140678
2022-05-20 00:00:00,1.6569442334140678
2022-05-23 00:00:00,1.6569442334140678
2022-05-24 00:00:00,1.6569442334140678
2022-05-25 00:00:00,1.6569442334140678
2022-05-26 00:00:00,1.6569442334140678
2022-05-27 00:00:00,1.6569442334140678
2022-05-31 00:00:00,1.6569442334140678
2022-06-01 00:00:00,1.6569442334140678
2022-06-02 00:00:00,1.6569442334140678
2022-06-03 00:00:00,1.6569442334140678
2022-06-06 00:00:00,1.6569442334140678
2022-06-07 00:00:00,1.6569442334140678
2022-06-08 00:00:00,1.6569442334140678
2022-06-09 00:00:00,1.6569442334140678
2022-06-10 00:00:00,1.6569442334140678
2022-06-13 00:00:00,1.6569442334140678
2022-06-14 00:00:00,1.6569442334140678
2022-06-15 00:00:00,1.6569442334140678
2022-06-16 00:00:00,1.6569442334140678
2022-06-17 00:00:00,1.6569442334140678
2022-06-21 00:00:00,1.6569442334140678
2022-06-22 00:00:00,1.6569442334140678
2022-06-23 00:00:00,1.6569442334140678
2022-06-24 00:00:00,1.6569442334140678
2022-06-27 00:00:00,1.6569442334140678
2022-06-28 00:00:00,1.6569442334140678
2022-06-29 00:00:00,1.6569442334140678
2022-06-30 00:00:00,1.6569442334140678
2022-07-01 00:00:00,1.6569442334140678
2022-07-05 00:00:00,1.6569442334140678
2022-07-06 00:00:00,1.6569442334140678
2022-07-07 00:00:00,1.6569442334140678
2022-07-08 00:00:00,1.6569442334140678
2022-07-11 00:00:00,1.6569442334140678
2022-07-12 00:00:00,1.6569442334140678
2022-07-13 00:00:00,1.6569442334140678
2022-07-14 00:00:00,1.6569442334140678
2022-07-15 00:00:00,1.6569442334140678
2022-07-18 00:00:00,1.6569442334140678
2022-07-19 00:00:00,1.6569442334140678
2022-07-20 00:00:00,1.6569442334140678
2022-07-21 00:00:00,1.6569442334140678
2022-07-22 00:00:00,1.6569442334140678
2022-07-25 00:00:00,1.6569442334140678
2022-07-26 00:00:00,1.6569442334140678
2022-07-27 00:00:00,1.6569442334140678
2022-07-28 00:00:00,1.6569442334140678
2022-07-29 00:00:00,1.6569442334140678
2022-08-01 00:00:00,1.6569442334140678
2022-08-02 00:00:00,1.6569442334140678
2022-08-03 00:00:00,1.6569442334140678
2022-08-04 00:00:00,1.6569442334140678
2022-08-05 00:00:00,1.6569442334140678
2022-08-08 00:00:00,1.6569442334140678
2022-08-09 00:00:00,1.6569442334140678
2022-08-10 00:00:00,1.6569442334140678
2022-08-11 00:00:00,1.6569442334140678
2022-08-12 00:00:00,1.6569442334140678
2022-08-15 00:00:00,1.6569442334140678
2022-08-16 00:00:00,1.6569442334140678
2022-08-17 00:00:00,1.6569442334140678
2022-08-18 00:00:00,1.6569442334140678
2022-08-19 00:00:00,1.6569442334140678
2022-08-22 00:00:00,1.6569442334140678
2022-08-23 00:00:00,1.6569442334140678
2022-08-24 00:00:00,1.6569442334140678
2022-08-25 00:00:00,1.6569442334140678
2022-08-26 00:00:00,1.6569442334140678
2022-08-29 00:00:00,1.6569442334140678
2022-08-30 00:00:00,1.6569442334140678
2022-08-31 00:00:00,1.6569442334140678
2022-09-01 00:00:00,1.6569442334140678
2022-09-02 00:00:00,1.6569442334140678
2022-09-06 00:00:00,1.6569442334140678
2022-09-07 00:00:00,1.6569442334140678
2022-09-08 00:00:00,1.6569442334140678
2022-09-09 00:00:00,1.6569442334140678
2022-09-12 00:00:00,1.6569442334140678
2022-09-13 00:00:00,1.6569442334140678
2022-09-14 00:00:00,1.6569442334140678
2022-09-15 00:00:00,1.6569442334140678
2022-09-16 00:00:00,1.6569442334140678
2022-09-19 00:00:00,1.6569442334140678
2022-09-20 00:00:00,1.6569442334140678
2022-09-21 00:00:00,1.6569442334140678
2022-09-22 00:00:00,1.6569442334140678
2022-09-23 00:00:00,1.6569442334140678
2022-09-26 00:00:00,1.6569442334140678
2022-09-27 00:00:00,1.6569442334140678
2022-09-28 00:00:00,1.6569442334140678
2022-09-29 00:00:00,1.6569442334140678
2022-09-30 00:00:00,1.6569442334140678
2022-10-03 00:00:00,1.6569442334140678
2022-10-04 00:00:00,1.6569442334140678
2022-10-05 00:00:00,1.6569442334140678
2022-10-06 00:00:00,1.6569442334140678
2022-10-07 00:00:00,1.6569442334140678
2022-10-10 00:00:00,1.6569442334140678
2022-10-11 00:00:00,1.6569442334140678
2022-10-12 00:00:00,1.6569442334140678
2022-10-13 00:00:00,1.6569442334140678
2022-10-14 00:00:00,1.6569442334140678
2022-10-17 00:00:00,1.6569442334140678
2022-10-18 00:00:00,1.6569442334140678
2022-10-19 00:00:00,1.6569442334140678
2022-10-20 00:00:00,1.6569442334140678
2022-10-21 00:00:00,1.6569442334140678
2022-10-24 00:00:00,1.6569442334140678
2022-10-25 00:00:00,1.6569442334140678
2022-10-26 00:00:00,1.6569442334140678
2022-10-27 00:00:00,1.6569442334140678
2022-10-28 00:00:00,1.6569442334140678
2022-10-31 00:00:00,1.6569442334140678
2022-11-01 00:00:00,1.6569442334140678
2022-11-02 00:00:00,1.6569442334140678
2022-11-03 00:00:00,1.6569442334140678
2022-11-04 00:00:00,1.6569442334140678
2022-11-07 00:00:00,1.6569442334140678
2022-11-08 00:00:00,1.6569442334140678
2022-11-09 00:00:00,1.6569442334140678
2022-11-10 00:00:00,1.6569442334140678
2022-11-11 00:00:00,1.6569442334140678
2022-11-14 00:00:00,1.6569442334140678
2022-11-15 00:00:00,1.6569442334140678
2022-11-16 00:00:00,1.6569442334140678
2022-11-17 00:00:00,1.6569442334140678
2022-11-18 00:00:00,1.6569442334140678
2022-11-21 00:00:00,1.6569442334140678
2022-11-22 00:00:00,1.6569442334140678
2022-11-23 00:00:00,1.6569442334140678
2022-11-25 00:00:00,1.6569442334140678
2022-11-28 00:00:00,1.6569442334140678
2022-11-29 00:00:00,1.6569442334140678
2022-11-30 00:00:00,1.6569442334140678
2022-12-01 00:00:00,1.6569442334140678
2022-12-02 00:00:00,1.6569442334140678
2022-12-05 00:00:00,1.6569442334140678
2022-12-06 00:00:00,1.6569442334140678
2022-12-07 00:00:00,1.6569442334140678
2022-12-08 00:00:00,1.6600474613942322
2022-12-09 00:00:00,1.6510825805626468
2022-12-12 00:00:00,1.646944943255761
2022-12-13 00:00:00,1.63625604687964
2022-12-14 00:00:00,1.6369456530974544
2022-12-15 00:00:00,1.6062581764047197
2022-12-16 00:00:00,1.6100510106026982
2022-12-19 00:00:00,1.6110854199294196
2022-12-20 00:00:00,1.6107406168205125
2022-12-21 00:00:00,1.6224639225233548
2022-12-22 00:00:00,1.6107406168205125
2022-12-23 00:00:00,1.6090166012759768
2022-12-27 00:00:00,1.628325575374776
2022-12-28 00:00:00,1.6090166012759768
2022-12-29 00:00:00,1.630739197137126
2022-12-30 00:00:00,1.6124646323650482
2023-01-03 00:00:00,1.6234983318500762
2023-01-04 00:00:00,1.6631506893743961
2023-01-05 00:00:00,1.6590130520675106
2023-01-06 00:00:00,1.6872869069978953
2023-01-09 00:00:00,1.6976310002651092
2023-01-10 00:00:00,1.7076302904234157
2023-01-11 00:00:00,1.713491943274837
2023-01-12 00:00:00,1.7203880054529799
2023-01-13 00:00:00,1.7296976893934723
2023-01-17 00:00:00,1.7217672178886083
2023-01-18 00:00:00,1.7121127308392088
2023-01-19 00:00:00,1.7228016272153297
2023-01-20 00:00:00,1.7445242230764786
2023-01-23 00:00:00,1.754868316343693
2023-01-24 00:00:00,1.755902725670414
2023-01-25 00:00:00,1.7572819381060427
2023-01-26 00:00:00,1.7710740624623278
2023-01-27 00:00:00,1.7641780002841854
2023-01-30 00:00:00,1.7348697360270795
2023-01-31 00:00:00,1.7317665080469151
2023-02-01 00:00:00,1.7493514666011787
2023-02-02 00:00:00,1.7407313888785003
2023-02-03 00:00:00,1.715215958819373
2023-02-06 00:00:00,1.6945277722849452
2023-02-07 00:00:00,1.700044622027459
2023-02-08 00:00:00,1.6983206064829237
2023-02-09 00:00:00,1.7048718655521589
2023-02-10 00:00:00,1.6914245443047808
2023-02-13 00:00:00,1.7028030468987163
2023-02-14 00:00:00,1.7003894251363665
2023-02-15 00:00:00,1.688666119433524
2023-02-16 00:00:00,1.689010922542431
2023-02-17 00:00:00,1.6738395857505173
2023-02-21 00:00:00,1.6565994303051608
2023-02-22 00:00:00,1.6500481712359254
2023-02-23 00:00:00,1.6565994303051608
2023-02-24 00:00:00,1.6262567567213333
2023-02-27 00:00:00,1.633152818899476
2023-02-28 00:00:00,1.6238431349589832
2023-03-01 00:00:00,1.655714113842731
2023-03-02 00:00:00,1.655714113842731
2023-03-03 00:00:00,1.655714113842731
2023-03-06 00:00:00,1.655714113842731
2023-03-07 00:00:00,1.6346168392015137
2023-03-08 00:00:00,1.6343764990488008
2023-03-09 00:00:00,1.6343764990488008
2023-03-10 00:00:00,1.6343764990488008
2023-03-13 00:00:00,1.6343764990488008
2023-03-14 00:00:00,1.6343764990488008
2023-03-15 00:00:00,1.6343764990488008
2023-03-16 00:00:00,1.6343764990488008
2023-03-17 00:00:00,1.6343764990488008
2023-03-20 00:00:00,1.6343764990488008
2023-03-21 00:00:00,1.6343764990488008
2023-03-22 00:00:00,1.6343764990488008
2023-03-23 00:00:00,1.6343764990488008
2023-03-24 00:00:00,1.6343764990488008
2023-03-27 00:00:00,1.6343764990488008
2023-03-28 00:00:00,1.6343764990488008
2023-03-29 00:00:00,1.6343764990488008
2023-03-30 00:00:00,1.6343764990488008
2023-03-31 00:00:00,1.6343764990488008
2023-04-03 00:00:00,1.6343764990488008
2023-04-04 00:00:00,1.6343764990488008
2023-04-05 00:00:00,1.6343764990488008
2023-04-06 00:00:00,1.6343764990488008
2023-04-10 00:00:00,1.6410355324037234
2023-04-11 00:00:00,1.6510240824361069
2023-04-12 00:00:00,1.6393707740649925
2023-04-13 00:00:00,1.6618450116378563
2023-04-14 00:00:00,1.6531050303595203
2023-04-17 00:00:00,1.6601802532991254
2023-04-18 00:00:00,1.6580993053757125
2023-04-19 00:00:00,1.641451721988406
2023-04-20 00:00:00,1.63895458448031
2023-04-21 00:00:00,1.6235555698470514
2023-04-24 00:00:00,1.6198098635849076
2023-04-25 00:00:00,1.5894280239030736
2023-04-26 00:00:00,1.608335183783539
2023-04-27 00:00:00,1.608335183783539
2023-04-28 00:00:00,1.608335183783539
2023-05-01 00:00:00,1.608335183783539
2023-05-02 00:00:00,1.608335183783539
2023-05-03 00:00:00,1.608335183783539
2023-05-04 00:00:00,1.608335183783539
2023-05-05 00:00:00,1.608335183783539
2023-05-08 00:00:00,1.608335183783539
2023-05-09 00:00:00,1.608335183783539
2023-05-10 00:00:00,1.608335183783539
2023-05-11 00:00:00,1.608335183783539
2023-05-12 00:00:00,1.608335183783539
2023-05-15 00:00:00,1.608335183783539
2023-05-16 00:00:00,1.608335183783539
2023-05-17 00:00:00,1.608335183783539
2023-05-18 00:00:00,1.608335183783539
2023-05-19 00:00:00,1.608335183783539
2023-05-22 00:00:00,1.608335183783539
2023-05-23 00:00:00,1.608335183783539
2023-05-24 00:00:00,1.608335183783539
2023-05-25 00:00:00,1.608335183783539
2023-05-26 00:00:00,1.608335183783539
2023-05-30 00:00:00,1.608335183783539
2023-05-31 00:00:00,1.608335183783539
2023-06-01 00:00:00,1.608335183783539
2023-06-02 00:00:00,1.608335183783539
2023-06-05 00:00:00,1.608335183783539
2023-06-06 00:00:00,1.608335183783539
2023-06-07 00:00:00,1.608335183783539
2023-06-08 00:00:00,1.608335183783539
2023-06-09 00:00:00,1.608335183783539
2023-06-12 00:00:00,1.608335183783539
2023-06-13 00:00:00,1.608335183783539
2023-06-14 00:00:00,1.608335183783539
2023-06-15 00:00:00,1.615423830528912
2023-06-16 00:00:00,1.609910438615844
2023-06-20 00:00:00,1.5784053419697412
2023-06-21 00:00:00,1.570922881516292
2023-06-22 00:00:00,1.5654094896032238
2023-06-23 00:00:00,1.5442878427097437
2023-06-26 00:00:00,1.5431098962240766
2023-06-27 00:00:00,1.5588158493663062
2023-06-28 00:00:00,1.5493922774809685
2023-06-29 00:00:00,1.5411466520812978
2023-06-30 00:00:00,1.5533187657665262
2023-07-03 00:00:00,1.5705953142229785
2023-07-05 00:00:00,1.5611717423376408
2023-07-06 00:00:00,1.5293671872246255
2023-07-07 00:00:00,1.5466437356810783
2023-07-10 00:00:00,1.5478216821667456
2023-07-11 00:00:00,1.5635276353089753
2023-07-12 00:00:00,1.5984733810504366
2023-07-13 00:00:00,1.619283768963891
2023-07-14 00:00:00,1.610252845907109
2023-07-17 00:00:00,1.6122160900498876
2023-07-18 00:00:00,1.6004366251932154
2023-07-19 00:00:00,1.5972954345647692
2023-07-20 00:00:00,1.585515969708097
2023-07-21 00:00:00,1.5831600767367624
2023-07-24 00:00:00,1.6047557623073285
2023-07-25 00:00:00,1.6181058224782239
2023-07-26 00:00:00,1.6275293943635618
2023-07-27 00:00:00,1.6075043041072188
2023-07-28 00:00:00,1.6463765381342375
2023-07-31 00:00:00,1.6471618357913491
2023-08-01 00:00:00,1.6263514478778944
2023-08-02 00:00:00,1.5874792138508755
2023-08-03 00:00:00,1.5937615951077677
2023-08-04 00:00:00,1.5917983509649887
2023-08-07 00:00:00,1.5894424579936544
2023-08-08 00:00:00,1.5702026653944232
2023-08-09 00:00:00,1.5741291536799804
2023-08-10 00:00:00,1.576485046651315
2023-08-11 00:00:00,1.5533187657665262
2023-08-14 00:00:00,1.5458584380239666
2023-08-15 00:00:00,1.5281892407389583
2023-08-16 00:00:00,1.5144465317395073
2023-08-17 00:00:00,1.5179803711965087
2023-08-18 00:00:00,1.5077715016540594
2023-08-21 00:00:00,1.5047978935456412
2023-08-22 00:00:00,1.5047978935456412
2023-08-23 00:00:00,1.5047978935456412
2023-08-24 00:00:00,1.5047978935456412
2023-08-25 00:00:00,1.5047978935456412
2023-08-28 00:00:00,1.5047978935456412
2023-08-29 00:00:00,1.5047978935456412
2023-08-30 00:00:00,1.5047978935456412
2023-08-31 00:00:00,1.5047978935456412
2023-09-01 00:00:00,1.5047978935456412
2023-09-05 00:00:00,1.5047978935456412
2023-09-06 00:00:00,1.5047978935456412
2023-09-07 00:00:00,1.5047978935456412
2023-09-08 00:00:00,1.5047978935456412
2023-09-11 00:00:00,1.5047978935456412
2023-09-12 00:00:00,1.5047978935456412
2023-09-13 00:00:00,1.5047978935456412
2023-09-14 00:00:00,1.5047978935456412
2023-09-15 00:00:00,1.5047978935456412
2023-09-18 00:00:00,1.5047978935456412
2023-09-19 00:00:00,1.5047978935456412
2023-09-20 00:00:00,1.5047978935456412
2023-09-21 00:00:00,1.5047978935456412
2023-09-22 00:00:00,1.5047978935456412
2023-09-25 00:00:00,1.5047978935456412
2023-09-26 00:00:00,1.5047978935456412
2023-09-27 00:00:00,1.5047978935456412
2023-09-28 00:00:00,1.5047978935456412
2023-09-29 00:00:00,1.5047978935456412
2023-10-02 00:00:00,1.5047978935456412
2023-10-03 00:00:00,1.5047978935456412
2023-10-04 00:00:00,1.5047978935456412
2023-10-05 00:00:00,1.5047978935456412
2023-10-06 00:00:00,1.5047978935456412
2023-10-09 00:00:00,1.5047978935456412
2023-10-10 00:00:00,1.5047978935456412
2023-10-11 00:00:00,1.5047978935456412
2023-10-12 00:00:00,1.5047978935456412
2023-10-13 00:00:00,1.5047978935456412
2023-10-16 00:00:00,1.5047978935456412
2023-10-17 00:00:00,1.5047978935456412
2023-10-18 00:00:00,1.5047978935456412
2023-10-19 00:00:00,1.5047978935456412
2023-10-20 00:00:00,1.5047978935456412
2023-10-23 00:00:00,1.5047978935456412
2023-10-24 00:00:00,1.5047978935456412
2023-10-25 00:00:00,1.5047978935456412
2023-10-26 00:00:00,1.5047978935456412
2023-10-27 00:00:00,1.5047978935456412
2023-10-30 00:00:00,1.5047978935456412
2023-10-31 00:00:00,1.5047978935456412
2023-11-01 00:00:00,1.5047978935456412
2023-11-02 00:00:00,1.5047978935456412
2023-11-03 00:00:00,1.5047978935456412
2023-11-06 00:00:00,1.5047978935456412
2023-11-07 00:00:00,1.5047978935456412
2023-11-08 00:00:00,1.5047978935456412
2023-11-09 00:00:00,1.5047978935456412
2023-11-10 00:00:00,1.5047978935456412
2023-11-13 00:00:00,1.5047978935456412
2023-11-14 00:00:00,1.5047978935456412
2023-11-15 00:00:00,1.5047978935456412
2023-11-16 00:00:00,1.5047978935456412
2023-11-17 00:00:00,1.5047978935456412
2023-11-20 00:00:00,1.5047978935456412
2023-11-21 00:00:00,1.5047978935456412
2023-11-22 00:00:00,1.503656453929804
2023-11-24 00:00:00,1.5044174136736956
2023-11-27 00:00:00,1.498329735722563
2023-11-28 00:00:00,1.5108855714967742
2023-11-29 00:00:00,1.5021345344420207
2023-11-30 00:00:00,1.5051783734175872
2023-12-01 00:00:00,1.5116465312406655
2023-12-04 00:00:00,1.4945249370031046
2023-12-05 00:00:00,1.4853934200764054
2023-12-06 00:00:00,1.4834910207166765
2023-12-07 00:00:00,1.4907201382836468
2023-12-08 00:00:00,1.484251980460568
2023-12-11 00:00:00,1.4930030175153215
2023-12-12 00:00:00,1.4933834973872673
2023-12-13 00:00:00,1.5082222123931535
2023-12-14 00:00:00,1.53029004496601
2023-12-15 00:00:00,1.5211585280393107
2023-12-18 00:00:00,1.5203975682954192
2023-12-19 00:00:00,1.5333338839415762
2023-12-20 00:00:00,1.4777838226374895
2023-12-21 00:00:00,1.5055588532895328
2023-12-22 00:00:00,1.498329735722563
2023-12-26 00:00:00,1.5101246117528824
2023-12-27 00:00:00,1.5188756488076358
2023-12-28 00:00:00,1.5306705248379557
2023-12-29 00:00:00,1.529909565094064
