date,combined_equity
2007-04-10 00:00:00,1.0
2007-04-11 00:00:00,1.0
2007-04-12 00:00:00,1.0
2007-04-13 00:00:00,1.0
2007-04-16 00:00:00,1.0
2007-04-17 00:00:00,1.0
2007-04-18 00:00:00,1.0
2007-04-19 00:00:00,1.0
2007-04-20 00:00:00,1.0
2007-04-23 00:00:00,1.0
2007-04-24 00:00:00,1.0
2007-04-25 00:00:00,1.0
2007-04-26 00:00:00,1.0
2007-04-27 00:00:00,1.0
2007-04-30 00:00:00,1.0
2007-05-01 00:00:00,1.0
2007-05-02 00:00:00,1.0
2007-05-03 00:00:00,1.0
2007-05-04 00:00:00,1.0
2007-05-07 00:00:00,1.0
2007-05-08 00:00:00,1.0
2007-05-09 00:00:00,1.0
2007-05-10 00:00:00,1.0
2007-05-11 00:00:00,1.0
2007-05-14 00:00:00,1.0
2007-05-15 00:00:00,1.0
2007-05-16 00:00:00,1.0
2007-05-17 00:00:00,1.0
2007-05-18 00:00:00,1.0
2007-05-21 00:00:00,1.0
2007-05-22 00:00:00,1.0
2007-05-23 00:00:00,1.0
2007-05-24 00:00:00,1.0
2007-05-25 00:00:00,1.0
2007-05-29 00:00:00,1.0
2007-05-30 00:00:00,1.0
2007-05-31 00:00:00,1.0
2007-06-01 00:00:00,1.0
2007-06-04 00:00:00,1.0
2007-06-05 00:00:00,1.0
2007-06-06 00:00:00,1.0
2007-06-07 00:00:00,1.0
2007-06-08 00:00:00,1.0
2007-06-11 00:00:00,1.0
2007-06-12 00:00:00,1.0
2007-06-13 00:00:00,1.0
2007-06-14 00:00:00,1.0
2007-06-15 00:00:00,1.0
2007-06-18 00:00:00,1.0
2007-06-19 00:00:00,1.0
2007-06-20 00:00:00,1.0
2007-06-21 00:00:00,1.0
2007-06-22 00:00:00,1.0
2007-06-25 00:00:00,1.0
2007-06-26 00:00:00,1.0
2007-06-27 00:00:00,1.0
2007-06-28 00:00:00,1.0
2007-06-29 00:00:00,1.0
2007-07-02 00:00:00,1.0
2007-07-03 00:00:00,1.0
2007-07-05 00:00:00,1.0
2007-07-06 00:00:00,1.0
2007-07-09 00:00:00,1.0
2007-07-10 00:00:00,1.0
2007-07-11 00:00:00,1.0
2007-07-12 00:00:00,1.0
2007-07-13 00:00:00,1.0
2007-07-16 00:00:00,1.0
2007-07-17 00:00:00,1.0
2007-07-18 00:00:00,1.0
2007-07-19 00:00:00,0.9985139151580653
2007-07-20 00:00:00,0.9956570028263488
2007-07-23 00:00:00,0.9959073588004957
2007-07-24 00:00:00,0.9954822216646724
2007-07-25 00:00:00,0.9945166900408726
2007-07-26 00:00:00,0.9905789887332038
2007-07-27 00:00:00,0.9913697391953269
2007-07-30 00:00:00,0.992295588279444
2007-07-31 00:00:00,0.9902492676796918
2007-08-01 00:00:00,0.9948227795576484
2007-08-02 00:00:00,0.9930466562018845
2007-08-03 00:00:00,0.9892390677085638
2007-08-06 00:00:00,0.9872529097624217
2007-08-07 00:00:00,0.9871204992326789
2007-08-08 00:00:00,0.9846046991675654
2007-08-09 00:00:00,0.9868556781731932
2007-08-10 00:00:00,0.9849953102303067
2007-08-13 00:00:00,0.985902322359045
2007-08-14 00:00:00,0.9883121940003642
2007-08-15 00:00:00,0.9884446045301072
2007-08-16 00:00:00,0.9883121940003642
2007-08-17 00:00:00,0.9913576361844489
2007-08-20 00:00:00,0.9892390677085638
2007-08-21 00:00:00,0.992681741481877
2007-08-22 00:00:00,0.992681741481877
2007-08-23 00:00:00,0.992681741481877
2007-08-24 00:00:00,0.9936086151900769
2007-08-27 00:00:00,0.9971836994931329
2007-08-28 00:00:00,0.9999643206177319
2007-08-29 00:00:00,0.9977133416121039
2007-08-30 00:00:00,0.9994346784987607
2007-08-31 00:00:00,1.0000967311474747
2007-09-04 00:00:00,0.995594773136219
2007-09-05 00:00:00,0.9994346784987607
2007-09-06 00:00:00,0.9975809310823612
2007-09-07 00:00:00,1.0038042259802735
2007-09-10 00:00:00,1.0067172576346155
2007-09-11 00:00:00,1.0043338680992446
2007-09-12 00:00:00,1.0027449417423309
2007-09-13 00:00:00,1.0002291416772175
2007-09-14 00:00:00,1.0003615522069602
2007-09-17 00:00:00,1.001156015385417
2007-09-18 00:00:00,1.0039366365100162
2007-09-19 00:00:00,1.0023477101531026
2007-09-20 00:00:00,0.9951975415469905
2007-09-21 00:00:00,0.9994346784987607
2007-09-24 00:00:00,0.9987726258500467
2007-09-25 00:00:00,0.9994346784987607
2007-09-26 00:00:00,0.9996994995582463
2007-09-27 00:00:00,1.001818068034131
2007-09-28 00:00:00,1.0022152996233598
2007-10-01 00:00:00,0.9978457521418469
2007-10-02 00:00:00,1.0014208364449029
2007-10-03 00:00:00,1.0008911943259315
2007-10-04 00:00:00,1.001950478563874
2007-10-05 00:00:00,0.9977133416121039
2007-10-08 00:00:00,1.000626373266446
2007-10-09 00:00:00,0.9973161100228756
2007-10-10 00:00:00,0.9983753942608181
2007-10-11 00:00:00,0.9993022679690178
2007-10-12 00:00:00,0.9977133416121039
2007-10-15 00:00:00,0.9969188784336472
2007-10-16 00:00:00,0.9990374469095323
2007-10-17 00:00:00,1.004069047039759
2007-10-18 00:00:00,1.0053931523371873
2007-10-19 00:00:00,1.0101599314079288
2007-10-22 00:00:00,1.0094978787592144
2007-10-23 00:00:00,1.0092065755937805
2007-10-24 00:00:00,1.0132053735920132
2007-10-25 00:00:00,1.0124109104135564
2007-10-26 00:00:00,1.0109543945863855
2007-10-29 00:00:00,1.0110868051161284
2007-10-30 00:00:00,1.0113516261756137
2007-10-31 00:00:00,1.007644131342815
2007-11-01 00:00:00,1.0096302892889573
2007-11-02 00:00:00,1.0108219840566428
2007-11-05 00:00:00,1.0079089524023008
2007-11-06 00:00:00,1.0063200260453868
2007-11-07 00:00:00,1.0077765418725577
2007-11-08 00:00:00,1.0089682366402433
2007-11-09 00:00:00,1.0102936660429689
2007-11-12 00:00:00,1.0125433209432992
2007-11-13 00:00:00,1.0094978787592144
2007-11-14 00:00:00,1.0094978787592144
2007-11-15 00:00:00,1.0130729630622706
2007-11-16 00:00:00,1.0126757314730421
2007-11-19 00:00:00,1.0155887631273839
2007-11-20 00:00:00,1.0133377841217561
2007-11-21 00:00:00,1.0195610790196685
2007-11-23 00:00:00,1.017574921073526
2007-11-26 00:00:00,1.0255195528580952
2007-11-27 00:00:00,1.0200907211386396
2007-11-28 00:00:00,1.019031436900697
2007-11-29 00:00:00,1.0231361633227243
2007-11-30 00:00:00,1.0235598770179015
2007-12-03 00:00:00,1.0244602686201525
2007-12-04 00:00:00,1.0239253300799915
2007-12-05 00:00:00,1.0216796474955532
2007-12-06 00:00:00,1.0163832263058408
2007-12-07 00:00:00,1.0130729630622706
2007-12-10 00:00:00,1.0112178915405736
2007-12-11 00:00:00,1.0179721526627545
2007-12-12 00:00:00,1.0159859947166126
2007-12-13 00:00:00,1.0108219840566428
2007-12-14 00:00:00,1.0085710050510146
2007-12-17 00:00:00,1.0128081420027848
2007-12-18 00:00:00,1.0151915315381557
2007-12-19 00:00:00,1.0194299925952228
2007-12-20 00:00:00,1.0195610790196685
2007-12-21 00:00:00,1.0128081420027848
2007-12-24 00:00:00,1.0098951103484428
2007-12-26 00:00:00,1.0068496681643582
2007-12-27 00:00:00,1.0108219840566428
2007-12-28 00:00:00,1.0158535841868694
2007-12-31 00:00:00,1.0245926791498952
2008-01-02 00:00:00,1.0243278580904096
2008-01-03 00:00:00,1.0256519633878378
2008-01-04 00:00:00,1.026843658155523
2008-01-07 00:00:00,1.0271084792150087
2008-01-08 00:00:00,1.0281677634529514
2008-01-09 00:00:00,1.026976068685266
2008-01-10 00:00:00,1.0265788370960376
2008-01-11 00:00:00,1.0297566898098651
2008-01-14 00:00:00,1.0310807951072931
2008-01-15 00:00:00,1.034788289940092
2008-01-16 00:00:00,1.0328021319939498
2008-01-17 00:00:00,1.0370392689457195
2008-01-18 00:00:00,1.036510950932046
2008-01-22 00:00:00,1.0429977427841464
2008-01-23 00:00:00,1.0412764058974897
2008-01-24 00:00:00,1.0345234688806062
2008-01-25 00:00:00,1.0414088164272326
2008-01-28 00:00:00,1.037701321594434
2008-01-29 00:00:00,1.0362448057672629
2008-01-30 00:00:00,1.0366420373564915
2008-01-31 00:00:00,1.0374365005349482
2008-02-01 00:00:00,1.036959822627874
2008-02-04 00:00:00,1.0331993635831782
2008-02-05 00:00:00,1.0359799847077773
2008-02-06 00:00:00,1.0338614162318922
2008-02-07 00:00:00,1.0275057108042371
2008-02-08 00:00:00,1.030551152988322
2008-02-11 00:00:00,1.0328021319939498
2008-02-12 00:00:00,1.0310807951072931
2008-02-13 00:00:00,1.0255195528580952
2008-02-14 00:00:00,1.0207527737873536
2008-02-15 00:00:00,1.0223417001442674
2008-02-19 00:00:00,1.0129405525325275
2008-02-20 00:00:00,1.0137482567639589
2008-02-21 00:00:00,1.0222106137198221
2008-02-22 00:00:00,1.0196934895494112
2008-02-25 00:00:00,1.0146618894191841
2008-02-26 00:00:00,1.0185017947817259
2008-02-27 00:00:00,1.021946004517184
2008-02-28 00:00:00,1.0181140373422426
2008-02-29 00:00:00,1.0116190574781434
2008-03-03 00:00:00,1.0186028768014228
2008-03-04 00:00:00,1.02306525250188
2008-03-05 00:00:00,1.0223751082883574
2008-03-06 00:00:00,1.0255638025832141
2008-03-07 00:00:00,1.0220787352869252
2008-03-10 00:00:00,1.0214159086103445
2008-03-11 00:00:00,1.0272285040242661
2008-03-12 00:00:00,1.0177960858768391
2008-03-13 00:00:00,1.0222300018034733
2008-03-14 00:00:00,1.0178894181855367
2008-03-17 00:00:00,1.0144211144739794
2008-03-18 00:00:00,0.9853578912116072
2008-03-19 00:00:00,0.9867491037393095
2008-03-20 00:00:00,0.98407360179825
2008-03-24 00:00:00,0.9894924272910942
2008-03-25 00:00:00,0.9875757685469633
2008-03-26 00:00:00,0.9866709007320704
2008-03-27 00:00:00,0.9865248761141058
2008-03-28 00:00:00,0.9857464821653675
2008-03-31 00:00:00,0.9788826210831814
2008-04-01 00:00:00,0.9696930079994529
2008-04-02 00:00:00,0.968455557360918
2008-04-03 00:00:00,0.9709379613905876
2008-04-04 00:00:00,0.9720625999559049
2008-04-07 00:00:00,0.9757921305315381
2008-04-08 00:00:00,0.9752730265270838
2008-04-09 00:00:00,0.9715049666672684
2008-04-10 00:00:00,0.974359778358766
2008-04-11 00:00:00,0.9687173208900886
2008-04-14 00:00:00,0.9719470121033584
2008-04-15 00:00:00,0.9751767033166284
2008-04-16 00:00:00,0.9802682961547015
2008-04-17 00:00:00,0.981137495979211
2008-04-18 00:00:00,0.9803547267111101
2008-04-21 00:00:00,0.9787234801253976
2008-04-22 00:00:00,0.9765798981932627
2008-04-23 00:00:00,0.9774353524353073
2008-04-24 00:00:00,0.9815397625327129
2008-04-25 00:00:00,0.9827713458949359
2008-04-28 00:00:00,0.979376915958487
2008-04-29 00:00:00,0.9799824505193498
2008-04-30 00:00:00,0.9722156757606287
2008-05-01 00:00:00,0.9758202464956711
2008-05-02 00:00:00,0.9781752188248053
2008-05-05 00:00:00,0.9762815565738522
2008-05-06 00:00:00,0.9797611674683038
2008-05-07 00:00:00,0.9783673445797139
2008-05-08 00:00:00,0.9735996059951719
2008-05-09 00:00:00,0.9742051405560348
2008-05-12 00:00:00,0.9751855546386703
2008-05-13 00:00:00,0.9801646836202116
2008-05-14 00:00:00,0.9795206197751665
2008-05-15 00:00:00,0.9743780016688522
2008-05-16 00:00:00,0.9762331346356232
2008-05-19 00:00:00,0.9735897133411251
2008-05-20 00:00:00,0.9739453282208065
2008-05-21 00:00:00,0.974175983259897
2008-05-22 00:00:00,0.978030473676121
2008-05-23 00:00:00,0.9739125262626513
2008-05-27 00:00:00,0.9792415427978468
2008-05-28 00:00:00,0.9842206717793882
2008-05-29 00:00:00,0.9858258850649777
2008-05-30 00:00:00,0.9851818212199326
2008-06-02 00:00:00,0.984037918012524
2008-06-03 00:00:00,0.9802698581527088
2008-06-04 00:00:00,0.9848741076124777
2008-06-05 00:00:00,0.9892284373910649
2008-06-06 00:00:00,0.9843357389659322
2008-06-09 00:00:00,0.9921889442810621
2008-06-10 00:00:00,0.9975429527843758
2008-06-11 00:00:00,0.9920254551562893
2008-06-12 00:00:00,1.0023778572832351
2008-06-13 00:00:00,1.0014838737570084
2008-06-16 00:00:00,1.0005898902307817
2008-06-17 00:00:00,0.9975091094942158
2008-06-18 00:00:00,0.9943021193186532
2008-06-19 00:00:00,0.9966583412461935
2008-06-20 00:00:00,0.9947659285936461
2008-06-23 00:00:00,0.9979943702085102
2008-06-24 00:00:00,0.9939763906675132
2008-06-25 00:00:00,0.9935822465036498
2008-06-26 00:00:00,0.9935629818615587
2008-06-27 00:00:00,0.9910445204076513
2008-06-30 00:00:00,0.98790125975079
2008-07-01 00:00:00,0.9922555895293772
2008-07-02 00:00:00,0.9954852807426472
2008-07-03 00:00:00,0.9947162570570113
2008-07-07 00:00:00,0.994197153052557
2008-07-08 00:00:00,0.988804615265061
2008-07-09 00:00:00,0.9886603907823791
2008-07-10 00:00:00,0.9860169694878811
2008-07-11 00:00:00,0.9919957771941489
2008-07-14 00:00:00,0.9868531590878347
2008-07-15 00:00:00,0.9859604251600138
2008-07-16 00:00:00,0.9938123808767376
2008-07-17 00:00:00,0.998166710655325
2008-07-18 00:00:00,0.9996219721322055
2008-07-21 00:00:00,0.9976283420087796
2008-07-22 00:00:00,1.0004831537002772
2008-07-23 00:00:00,1.0000890095364137
2008-07-24 00:00:00,0.9933219135024188
2008-07-25 00:00:00,0.9993007212086866
2008-07-28 00:00:00,0.993033464537055
2008-07-29 00:00:00,0.9945137179820537
2008-07-30 00:00:00,0.9942445336587811
2008-07-31 00:00:00,0.9909763131613288
2008-08-01 00:00:00,0.9930813658092816
2008-08-04 00:00:00,0.9948115389354618
2008-08-05 00:00:00,0.9986660293516858
2008-08-06 00:00:00,0.9998963631155028
2008-08-07 00:00:00,0.9938790261250529
2008-08-08 00:00:00,0.9942346410047342
2008-08-11 00:00:00,0.998214091261549
2008-08-12 00:00:00,0.9939461920393705
2008-08-13 00:00:00,0.9964261242090955
2008-08-14 00:00:00,0.9940326225957792
2008-08-15 00:00:00,0.9910143217795085
2008-08-18 00:00:00,0.9897454587315094
2008-08-19 00:00:00,0.9902260334517815
2008-08-20 00:00:00,0.9880824515196467
2008-08-21 00:00:00,0.9883131065587373
2008-08-22 00:00:00,0.9907930387284624
2008-08-25 00:00:00,0.9876497780716011
2008-08-26 00:00:00,0.9863809150236018
2008-08-27 00:00:00,0.9861117307003292
2008-08-28 00:00:00,0.9852177471741024
2008-08-29 00:00:00,0.9864480809379194
2008-09-02 00:00:00,0.9855406017489088
2008-09-03 00:00:00,0.9867035577493991
2008-09-04 00:00:00,0.9894171217505433
2008-09-05 00:00:00,0.9879957310832774
2008-09-08 00:00:00,0.9949734670862198
2008-09-09 00:00:00,0.9967825097536491
2008-09-10 00:00:00,0.9967825097536491
2008-09-11 00:00:00,0.9961364230867101
2008-09-12 00:00:00,0.9929059897520147
2008-09-15 00:00:00,1.0004005950885084
2008-09-16 00:00:00,0.9907092950844216
2008-09-17 00:00:00,0.9919368597516061
2008-09-18 00:00:00,0.9779167790790274
2008-09-19 00:00:00,0.9899339910840947
2008-09-22 00:00:00,0.9873496444163383
2008-09-23 00:00:00,0.9904508604176461
2008-09-24 00:00:00,0.9903216430842583
2008-09-25 00:00:00,0.9935520764189537
2008-09-26 00:00:00,0.9836023417480916
2008-09-29 00:00:00,0.988383383083441
2008-09-30 00:00:00,0.9771414750787005
2008-10-01 00:00:00,0.9696990503219773
2008-10-02 00:00:00,0.9793114516931309
2008-10-03 00:00:00,0.9739285069252849
2008-10-06 00:00:00,0.9661104204767467
2008-10-07 00:00:00,0.9689300582122851
2008-10-08 00:00:00,0.9691830053502333
2008-10-09 00:00:00,0.9986153298878782
2008-10-10 00:00:00,1.0272470354569712
2008-10-13 00:00:00,0.989330432005106
2008-10-14 00:00:00,0.9771736240999053
2008-10-15 00:00:00,0.9830408591858998
2008-10-16 00:00:00,0.9831518608888677
2008-10-17 00:00:00,0.9778973237823184
2008-10-20 00:00:00,0.9782948348391929
2008-10-21 00:00:00,0.9618664329302986
2008-10-22 00:00:00,0.9574193312756668
2008-10-23 00:00:00,0.9619582048117321
2008-10-24 00:00:00,0.9731388860974426
2008-10-27 00:00:00,0.9783289172560219
2008-10-28 00:00:00,0.98573288433115
2008-10-29 00:00:00,0.978811383710964
2008-10-30 00:00:00,0.9851734985900691
2008-10-31 00:00:00,0.9857142643238966
2008-11-03 00:00:00,0.9821397138834339
2008-11-04 00:00:00,0.9724846535639331
2008-11-05 00:00:00,0.9651711560549935
2008-11-06 00:00:00,0.9643705370864416
2008-11-07 00:00:00,0.9664350116569529
2008-11-10 00:00:00,0.9664157818354181
2008-11-11 00:00:00,0.9639221530483288
2008-11-12 00:00:00,0.9670284798148628
2008-11-13 00:00:00,0.9670092499933282
2008-11-14 00:00:00,0.9636040005347191
2008-11-17 00:00:00,0.9660591696787386
2008-11-18 00:00:00,0.9653887822346895
2008-11-19 00:00:00,0.9619835327760806
2008-11-20 00:00:00,0.962745692101563
2008-11-21 00:00:00,0.967545028686634
2008-11-24 00:00:00,0.9716932076491904
2008-11-25 00:00:00,0.9550043426912908
2008-11-26 00:00:00,0.9488642312181218
2008-11-28 00:00:00,0.9519705579846556
2008-12-01 00:00:00,0.949997855295578
2008-12-02 00:00:00,0.9439879753469121
2008-12-03 00:00:00,0.94865708040748
2008-12-04 00:00:00,0.947468788236788
2008-12-05 00:00:00,0.9455953329476301
2008-12-08 00:00:00,0.9414737313114827
2008-12-09 00:00:00,0.9464696120825705
2008-12-10 00:00:00,0.9448459508319671
2008-12-11 00:00:00,0.9549626093934196
2008-12-12 00:00:00,0.9499667286223319
2008-12-15 00:00:00,0.9599584901645073
2008-12-16 00:00:00,0.9679518993982478
2008-12-17 00:00:00,0.9682016934368022
2008-12-18 00:00:00,0.9750710294970477
2008-12-19 00:00:00,0.968826178533188
2008-12-22 00:00:00,0.97719427882476
2008-12-23 00:00:00,0.9808162923837987
2008-12-24 00:00:00,0.9763199996898198
2008-12-26 00:00:00,0.9770693818054829
2008-12-29 00:00:00,0.9831893357500653
2008-12-30 00:00:00,0.9850627910392233
2008-12-31 00:00:00,0.9863117612319952
2009-01-02 00:00:00,0.9826897476729566
2009-01-05 00:00:00,0.9785681460368091
2009-01-06 00:00:00,0.9723232950729495
2009-01-07 00:00:00,0.9753208235356021
2009-01-08 00:00:00,0.9736971622849986
2009-01-09 00:00:00,0.9771692994209046
2009-01-12 00:00:00,0.9733224712271672
2009-01-13 00:00:00,0.9785681460368091
2009-01-14 00:00:00,0.9821901595958479
2009-01-15 00:00:00,0.9779761341654354
2009-01-16 00:00:00,0.9794411762015568
2009-01-20 00:00:00,0.975195926516325
2009-01-21 00:00:00,0.9684514874753566
2009-01-22 00:00:00,0.9705747368030687
2009-01-23 00:00:00,0.9687012815139109
2009-01-26 00:00:00,0.9654539590127039
2009-01-27 00:00:00,0.9713241189187318
2009-01-28 00:00:00,0.9718237069958408
2009-01-29 00:00:00,0.9653290619934267
2009-01-30 00:00:00,0.9658286500705354
2009-02-02 00:00:00,0.9654539590127039
2009-02-03 00:00:00,0.9554621974705285
2009-02-04 00:00:00,0.9572107557404091
2009-02-05 00:00:00,0.9593340050681215
2009-02-06 00:00:00,0.9592091080488442
2009-02-09 00:00:00,0.9594589020873986
2009-02-10 00:00:00,0.9647058258672335
2009-02-11 00:00:00,0.9682016934368022
2009-02-12 00:00:00,0.9657037530512581
2009-02-13 00:00:00,0.9612074603572793
2009-02-17 00:00:00,0.9674523113211388
2009-02-18 00:00:00,0.9637054007428232
2009-02-19 00:00:00,0.9595588197028203
2009-02-20 00:00:00,0.9613323573765564
2009-02-23 00:00:00,0.9629560186271601
2009-02-24 00:00:00,0.9622066365114968
2009-02-25 00:00:00,0.9573356527596864
2009-02-26 00:00:00,0.9555870944898056
2009-02-27 00:00:00,0.9565862706440231
2009-03-02 00:00:00,0.9546753462490821
2009-03-03 00:00:00,0.9520856814925812
2009-03-04 00:00:00,0.9495792034578501
2009-03-05 00:00:00,0.9451739763081525
2009-03-06 00:00:00,0.9491654505748035
2009-03-09 00:00:00,0.9526556292345084
2009-03-10 00:00:00,0.9516341474316976
2009-03-11 00:00:00,0.9496100744149942
2009-03-12 00:00:00,0.9474606774965543
2009-03-13 00:00:00,0.9481937303180552
2009-03-16 00:00:00,0.9488014592378194
2009-03-17 00:00:00,0.9509130749784224
2009-03-18 00:00:00,0.9323727212486053
2009-03-19 00:00:00,0.9328546298782725
2009-03-20 00:00:00,0.9370528309291054
2009-03-23 00:00:00,0.939202920303853
2009-03-24 00:00:00,0.9396663294747652
2009-03-25 00:00:00,0.9427802361088471
2009-03-26 00:00:00,0.9396293305572554
2009-03-27 00:00:00,0.9373217651075813
2009-03-30 00:00:00,0.9354961082875742
2009-03-31 00:00:00,0.9351161773565689
2009-04-01 00:00:00,0.9365434037868156
2009-04-02 00:00:00,0.9383320616893127
2009-04-03 00:00:00,0.9432531256846466
2009-04-06 00:00:00,0.9422708089665571
2009-04-07 00:00:00,0.9404451521465502
2009-04-08 00:00:00,0.9360894750207905
2009-04-09 00:00:00,0.9371552699787868
2009-04-13 00:00:00,0.9356910446310303
2009-04-14 00:00:00,0.9332630020239393
2009-04-15 00:00:00,0.931943349265083
2009-04-16 00:00:00,0.9337079117360967
2009-04-17 00:00:00,0.9386289757314304
2009-04-20 00:00:00,0.9340323442908373
2009-04-21 00:00:00,0.9358210021933344
2009-04-22 00:00:00,0.9341158225307442
2009-04-23 00:00:00,0.9333744601274885
2009-04-24 00:00:00,0.9338378692984007
2009-04-27 00:00:00,0.9317712581635601
2009-04-28 00:00:00,0.9351261191124756
2009-04-29 00:00:00,0.9364328683853055
2009-04-30 00:00:00,0.9337650762349552
2009-05-01 00:00:00,0.938564458301298
2009-05-04 00:00:00,0.9377676764056306
2009-05-05 00:00:00,0.9379250735967043
2009-05-06 00:00:00,0.9339308279431949
2009-05-07 00:00:00,0.9352260595997758
2009-05-08 00:00:00,0.9352260595997758
2009-05-11 00:00:00,0.9391061625308263
2009-05-12 00:00:00,0.9387424028810405
2009-05-13 00:00:00,0.9415312268627329
2009-05-14 00:00:00,0.9411674672129471
2009-05-15 00:00:00,0.9409249607797562
2009-05-18 00:00:00,0.9381361367980637
2009-05-19 00:00:00,0.9401974414801845
2009-05-20 00:00:00,0.9429862654618769
2009-05-21 00:00:00,0.9381361367980637
2009-05-22 00:00:00,0.937893630364873
2009-05-26 00:00:00,0.9359535788993477
2009-05-27 00:00:00,0.9304098818366093
2009-05-28 00:00:00,0.9328009952678694
2009-05-29 00:00:00,0.9394699221806124
2009-06-01 00:00:00,0.9298909180695814
2009-06-02 00:00:00,0.933407261350846
2009-06-03 00:00:00,0.9365598449823244
2009-06-04 00:00:00,0.9307396905857488
2009-06-05 00:00:00,0.9244345233227914
2009-06-08 00:00:00,0.9224944718572663
2009-06-09 00:00:00,0.9211503557006637
2009-06-10 00:00:00,0.9233240193612055
2009-06-11 00:00:00,0.9188376561550979
2009-06-12 00:00:00,0.9164041975172798
2009-06-15 00:00:00,0.9145745343407232
2009-06-16 00:00:00,0.9102149681814804
2009-06-17 00:00:00,0.9106736898031054
2009-06-18 00:00:00,0.9175386812687156
2009-06-19 00:00:00,0.915346740815402
2009-06-22 00:00:00,0.9131548003620884
2009-06-23 00:00:00,0.9089099553404856
2009-06-24 00:00:00,0.910944583116003
2009-06-25 00:00:00,0.904609975935192
2009-06-26 00:00:00,0.9053081570331609
2009-06-29 00:00:00,0.9031829116872307
2009-06-30 00:00:00,0.9032991813720515
2009-07-01 00:00:00,0.8996948211426096
2009-07-02 00:00:00,0.9000436301970717
2009-07-06 00:00:00,0.8993460120881474
2009-07-07 00:00:00,0.9012063270452788
2009-07-08 00:00:00,0.9073686203407761
2009-07-09 00:00:00,0.9046944175898999
2009-07-10 00:00:00,0.9079499687648795
2009-07-13 00:00:00,0.9064384628622102
2009-07-14 00:00:00,0.9037642601113343
2009-07-15 00:00:00,0.8992297424033268
2009-07-16 00:00:00,0.9031829116872307
2009-07-17 00:00:00,0.9008575179908166
2009-07-20 00:00:00,0.9037642601113343
2009-07-21 00:00:00,0.9092289352979073
2009-07-22 00:00:00,0.9072523506559553
2009-07-23 00:00:00,0.904229338850617
2009-07-24 00:00:00,0.9045781479050792
2009-07-27 00:00:00,0.903415451056872
2009-07-28 00:00:00,0.9043456085354378
2009-07-29 00:00:00,0.9039967994809757
2009-07-30 00:00:00,0.9080662384497001
2009-07-31 00:00:00,0.9120194077336041
2009-08-03 00:00:00,0.9060896538077484
2009-08-04 00:00:00,0.9052757660140034
2009-08-05 00:00:00,0.9031945386557128
2009-08-06 00:00:00,0.9037642601113343
2009-08-07 00:00:00,0.8974856971310161
2009-08-10 00:00:00,0.9048106872747205
2009-08-11 00:00:00,0.9065035738857098
2009-08-12 00:00:00,0.9059733841229276
2009-08-13 00:00:00,0.9082987778193418
2009-08-14 00:00:00,0.9110892502550385
2009-08-17 00:00:00,0.9136471833210941
2009-08-18 00:00:00,0.9123682167880662
2009-08-19 00:00:00,0.9134146439514527
2009-08-20 00:00:00,0.9146936104844804
2009-08-21 00:00:00,0.9117868683639627
2009-08-24 00:00:00,0.9135309136362734
2009-08-25 00:00:00,0.9150424195389426
2009-08-26 00:00:00,0.915623767963046
2009-08-27 00:00:00,0.9145773407996596
2009-08-28 00:00:00,0.9164376557567908
2009-08-31 00:00:00,0.9181817010291015
2009-09-01 00:00:00,0.9162051163871495
2009-09-02 00:00:00,0.9181817010291015
2009-09-03 00:00:00,0.9165539254416117
2009-09-04 00:00:00,0.915623767963046
2009-09-08 00:00:00,0.9151586892237631
2009-09-09 00:00:00,0.9166701951264323
2009-09-10 00:00:00,0.9201582856710536
2009-09-11 00:00:00,0.9206233644103364
2009-09-14 00:00:00,0.917135273865715
2009-09-15 00:00:00,0.9178328919746395
2009-09-16 00:00:00,0.9180654313442808
2009-09-17 00:00:00,0.9207396340951569
2009-09-18 00:00:00,0.9196932069317705
2009-09-21 00:00:00,0.9189955888228465
2009-09-22 00:00:00,0.9178328919746395
2009-09-23 00:00:00,0.9205070947255156
2009-09-24 00:00:00,0.9209721734647982
2009-09-25 00:00:00,0.923878915585316
2009-09-28 00:00:00,0.9243439943245988
2009-09-29 00:00:00,0.9243439943245988
2009-09-30 00:00:00,0.9243439943245988
2009-10-01 00:00:00,0.9255648260152163
2009-10-02 00:00:00,0.9228324884219298
2009-10-05 00:00:00,0.9242277246397781
2009-10-06 00:00:00,0.9252741518031645
2009-10-07 00:00:00,0.9257380678455991
2009-10-08 00:00:00,0.9253904214879852
2009-10-09 00:00:00,0.9186467797683843
2009-10-12 00:00:00,0.9217860612585433
2009-10-13 00:00:00,0.9224604254305033
2009-10-14 00:00:00,0.9185305100835637
2009-10-15 00:00:00,0.918763049453205
2009-10-16 00:00:00,0.9191630171689883
2009-10-19 00:00:00,0.9203908250406949
2009-10-20 00:00:00,0.922251139997826
2009-10-21 00:00:00,0.9221348703130056
2009-10-22 00:00:00,0.9213209825192604
2009-10-23 00:00:00,0.9185305100835637
2009-10-26 00:00:00,0.9173678132353565
2009-10-27 00:00:00,0.9206233644103364
2009-10-28 00:00:00,0.9196932069317705
2009-10-29 00:00:00,0.9201582856710536
2009-10-30 00:00:00,0.9239951852701368
2009-11-02 00:00:00,0.9202745553558742
2009-11-03 00:00:00,0.9186467797683843
2009-11-04 00:00:00,0.9184142403987428
2009-11-05 00:00:00,0.9192281281924879
2009-11-06 00:00:00,0.9194606675621292
2009-11-09 00:00:00,0.9213209825192604
2009-11-10 00:00:00,0.9216697915737226
2009-11-11 00:00:00,0.9239951852701368
2009-11-12 00:00:00,0.925041612433523
2009-11-13 00:00:00,0.9244602640094197
2009-11-16 00:00:00,0.9267856577058337
2009-11-17 00:00:00,0.9265531183361922
2009-11-18 00:00:00,0.9267856577058337
2009-11-19 00:00:00,0.9274832758147579
2009-11-20 00:00:00,0.9270181970754752
2009-11-23 00:00:00,0.9277158151843994
2009-11-24 00:00:00,0.9300412088808133
2009-11-25 00:00:00,0.9319015238379446
2009-11-27 00:00:00,0.9335292994254345
2009-11-30 00:00:00,0.9330642206861517
2009-12-01 00:00:00,0.9288785120326063
2009-12-02 00:00:00,0.9275995454995785
2009-12-03 00:00:00,0.926669388021013
2009-12-04 00:00:00,0.9228324884219298
2009-12-07 00:00:00,0.9252741518031645
2009-12-08 00:00:00,0.9267856577058337
2009-12-09 00:00:00,0.9258555002272679
2009-12-10 00:00:00,0.9245765336942402
2009-12-11 00:00:00,0.923530106530854
2009-12-14 00:00:00,0.9227162187371091
2009-12-15 00:00:00,0.9219023309433642
2009-12-16 00:00:00,0.9223674096826469
2009-12-17 00:00:00,0.9249253427487023
2009-12-18 00:00:00,0.924692803379061
2009-12-21 00:00:00,0.9203908250406949
2009-12-22 00:00:00,0.9184142403987428
2009-12-23 00:00:00,0.9182979707139223
2009-12-24 00:00:00,0.9145773407996596
2009-12-28 00:00:00,0.9115418648841087
2009-12-29 00:00:00,0.9096811006791907
2009-12-30 00:00:00,0.908383739140197
2009-12-31 00:00:00,0.9090634395689284
2010-01-04 00:00:00,0.9079998365331775
2010-01-05 00:00:00,0.9053057388628674
2010-01-06 00:00:00,0.9056365460031767
2010-01-07 00:00:00,0.9063162464319082
2010-01-08 00:00:00,0.9053677781813362
2010-01-11 00:00:00,0.9050007987448014
2010-01-12 00:00:00,0.9022809996082939
2010-01-13 00:00:00,0.9034209629685066
2010-01-14 00:00:00,0.9012371301833167
2010-01-15 00:00:00,0.9006492461024245
2010-01-19 00:00:00,0.9010873290457236
2010-01-20 00:00:00,0.8989034962605338
2010-01-21 00:00:00,0.8978607667989168
2010-01-22 00:00:00,0.8966828376827786
2010-01-25 00:00:00,0.8945419764216611
2010-01-26 00:00:00,0.8966828376827786
2010-01-27 00:00:00,0.8954433916895
2010-01-28 00:00:00,0.8957814224149396
2010-01-29 00:00:00,0.8969081914997383
2010-02-01 00:00:00,0.8935278842453422
2010-02-02 00:00:00,0.8940912687877416
2010-02-03 00:00:00,0.8935278842453422
2010-02-04 00:00:00,0.8952180378725404
2010-02-05 00:00:00,0.8966828376827786
2010-02-08 00:00:00,0.8967955145912585
2010-02-09 00:00:00,0.8949926840555807
2010-02-10 00:00:00,0.892964499702943
2010-02-11 00:00:00,0.8914996998927047
2010-02-12 00:00:00,0.8927391458859832
2010-02-16 00:00:00,0.8938659149707819
2010-02-17 00:00:00,0.8918377306181444
2010-02-18 00:00:00,0.8905982846248659
2010-02-19 00:00:00,0.8888260552628531
2010-02-22 00:00:00,0.8879270024822105
2010-02-23 00:00:00,0.8889200512310691
2010-02-24 00:00:00,0.8886961136945454
2010-02-25 00:00:00,0.8870912519205685
2010-02-26 00:00:00,0.8882069496339637
2010-03-01 00:00:00,0.8865334030638707
2010-03-02 00:00:00,0.8872028216919078
2010-03-03 00:00:00,0.8873143914632475
2010-03-04 00:00:00,0.8879838100912847
2010-03-05 00:00:00,0.8866449728352103
2010-03-08 00:00:00,0.8851945658077965
2010-03-09 00:00:00,0.8857936954798897
2010-03-10 00:00:00,0.8850829960364569
2010-03-11 00:00:00,0.8849714262651174
2010-03-12 00:00:00,0.885306135579136
2010-03-15 00:00:00,0.8865334030638707
2010-03-16 00:00:00,0.888095379862624
2010-03-17 00:00:00,0.8883185194053033
2010-03-18 00:00:00,0.8867565426065499
2010-03-19 00:00:00,0.8874259612345871
2010-03-22 00:00:00,0.8883185194053033
2010-03-23 00:00:00,0.8883185194053033
2010-03-24 00:00:00,0.8838557285517221
2010-03-25 00:00:00,0.881066484268234
2010-03-26 00:00:00,0.882963170381006
2010-03-29 00:00:00,0.881066484268234
2010-03-30 00:00:00,0.8828516006096664
2010-03-31 00:00:00,0.8836325890090432
2010-04-01 00:00:00,0.8806213208805892
2010-04-05 00:00:00,0.8774761243986196
2010-04-06 00:00:00,0.8774761243986196
2010-04-07 00:00:00,0.8779072978188193
2010-04-08 00:00:00,0.8799083528220785
2010-04-09 00:00:00,0.8782233881904375
2010-04-12 00:00:00,0.8773166116156195
2010-04-13 00:00:00,0.875520477261575
2010-04-14 00:00:00,0.8761700768004032
2010-04-15 00:00:00,0.8748186213359721
2010-04-16 00:00:00,0.8729113172595244
2010-04-19 00:00:00,0.8740055956879657
2010-04-20 00:00:00,0.8730988191131477
2010-04-21 00:00:00,0.8724143819831363
2010-04-22 00:00:00,0.8729528117995612
2010-04-23 00:00:00,0.8736024113383892
2010-04-26 00:00:00,0.8720109626772338
2010-04-27 00:00:00,0.8735475458713786
2010-04-28 00:00:00,0.8729987661591841
2010-04-29 00:00:00,0.8733280339865006
2010-04-30 00:00:00,0.875852420662596
2010-05-03 00:00:00,0.8727792542743061
2010-05-04 00:00:00,0.8752926653561575
2010-05-05 00:00:00,0.8757426647201572
2010-05-06 00:00:00,0.8791440013763393
2010-05-07 00:00:00,0.8769499800869853
2010-05-10 00:00:00,0.875962176605035
2010-05-11 00:00:00,0.8771694919718631
2010-05-12 00:00:00,0.8747548612382068
2010-05-13 00:00:00,0.8764012003747906
2010-05-14 00:00:00,0.8793646108206417
2010-05-17 00:00:00,0.8794743667630803
2010-05-18 00:00:00,0.8827670450362481
2010-05-19 00:00:00,0.8829865569211259
2010-05-20 00:00:00,0.8845231401152708
2010-05-21 00:00:00,0.8857304554820989
2010-05-24 00:00:00,0.88562069953966
2010-05-25 00:00:00,0.8858402114245378
2010-05-26 00:00:00,0.8847426520001486
2010-05-27 00:00:00,0.8813402177845422
2010-05-28 00:00:00,0.8830963128635648
2010-06-01 00:00:00,0.8811207058996643
2010-06-02 00:00:00,0.8803524143025918
2010-06-03 00:00:00,0.8793646108206417
2010-06-04 00:00:00,0.8817792415542978
2010-06-07 00:00:00,0.8845231401152708
2010-06-08 00:00:00,0.8841938722879541
2010-06-09 00:00:00,0.8841938722879541
2010-06-10 00:00:00,0.8805719261874696
2010-06-11 00:00:00,0.8819987534391756
2010-06-14 00:00:00,0.8822182653240533
2010-06-15 00:00:00,0.8806816821299085
2010-06-16 00:00:00,0.8827670450362481
2010-06-17 00:00:00,0.8851816757699045
2010-06-18 00:00:00,0.8848524079425877
2010-06-21 00:00:00,0.8850719198274656
2010-06-22 00:00:00,0.8871572827338049
2010-06-23 00:00:00,0.8893524015825834
2010-06-24 00:00:00,0.8881450862157553
2010-06-25 00:00:00,0.8892426456401443
2010-06-28 00:00:00,0.8908889847767283
2010-06-29 00:00:00,0.8929743476830677
2010-06-30 00:00:00,0.8931938595679455
2010-07-01 00:00:00,0.8911084966616062
2010-07-02 00:00:00,0.8905597169494116
2010-07-06 00:00:00,0.8927548357981899
2010-07-07 00:00:00,0.8916572763738007
2010-07-08 00:00:00,0.8909987407191672
2010-07-09 00:00:00,0.8900109372372169
2010-07-12 00:00:00,0.8903402050645338
2010-07-13 00:00:00,0.888803621870389
2010-07-14 00:00:00,0.8911084966616062
2010-07-15 00:00:00,0.8919865442011173
2010-07-16 00:00:00,0.8949499546469685
2010-07-19 00:00:00,0.8939621511650181
2010-07-20 00:00:00,0.8938523952225792
2010-07-21 00:00:00,0.897035317553308
2010-07-22 00:00:00,0.8960475140713576
2010-07-23 00:00:00,0.8945109308772128
2010-07-26 00:00:00,0.8949499546469685
2010-07-27 00:00:00,0.8945109308772128
2010-07-28 00:00:00,0.8960475140713576
2010-07-29 00:00:00,0.897035317553308
2010-07-30 00:00:00,0.898352388862575
2010-08-02 00:00:00,0.8956084903016018
2010-08-03 00:00:00,0.8980779990064777
2010-08-04 00:00:00,0.8962670259562355
2010-08-05 00:00:00,0.8976938532079415
2010-08-06 00:00:00,0.9003279958264756
2010-08-09 00:00:00,0.8992304364020863
2010-08-10 00:00:00,0.901096287423548
2010-08-11 00:00:00,0.9017548230781816
2010-08-12 00:00:00,0.9001084839415978
2010-08-13 00:00:00,0.9026328706176928
2010-08-16 00:00:00,0.9060353048332995
2010-08-17 00:00:00,0.9047182335240325
2010-08-18 00:00:00,0.9041694538118377
2010-08-19 00:00:00,0.9062548167181773
2010-08-20 00:00:00,0.9050475013513491
2010-08-23 00:00:00,0.9055962810635438
2010-08-24 00:00:00,0.9087792033942725
2010-08-25 00:00:00,0.9075718880274444
2010-08-26 00:00:00,0.908340179624517
2010-08-27 00:00:00,0.9041694538118377
2010-08-30 00:00:00,0.908230423682078
2010-08-31 00:00:00,0.9097670068762229
2010-09-01 00:00:00,0.9043889656967157
2010-09-02 00:00:00,0.9026328706176928
2010-09-03 00:00:00,0.9009865314811091
2010-09-07 00:00:00,0.9048279894664714
2010-09-08 00:00:00,0.9023036027903761
2010-09-09 00:00:00,0.8989011685747696
2010-09-10 00:00:00,0.8978036091503804
2010-09-13 00:00:00,0.9001084839415978
2010-09-14 00:00:00,0.9014255552508647
2010-09-15 00:00:00,0.9005475077113534
2010-09-16 00:00:00,0.8991206804596474
2010-09-17 00:00:00,0.8999987279991589
2010-09-20 00:00:00,0.9006572636537923
2010-09-21 00:00:00,0.9039499419269599
2010-09-22 00:00:00,0.9047182335240325
2010-09-23 00:00:00,0.9049377454089103
2010-09-24 00:00:00,0.9028523825025708
2010-09-27 00:00:00,0.9066938404879329
2010-09-28 00:00:00,0.9086694474518336
2010-09-29 00:00:00,0.9076816439698833
2010-09-30 00:00:00,0.9072426202001277
2010-10-01 00:00:00,0.904059697869399
2010-10-04 00:00:00,0.9063645726606162
2010-10-05 00:00:00,0.906584084545494
2010-10-06 00:00:00,0.9086694474518336
2010-10-07 00:00:00,0.9102060306459787
2010-10-08 00:00:00,0.9091084712215892
2010-10-11 00:00:00,0.9087792033942725
2010-10-12 00:00:00,0.907901155854761
2010-10-13 00:00:00,0.909327983106467
2010-10-14 00:00:00,0.9058157929484216
2010-10-15 00:00:00,0.9037304300420823
2010-10-18 00:00:00,0.9071328642576888
2010-10-19 00:00:00,0.9084499355669559
2010-10-20 00:00:00,0.908120667739639
2010-10-21 00:00:00,0.9073523761425666
2010-10-22 00:00:00,0.906803596430372
2010-10-25 00:00:00,0.9073523761425666
2010-10-26 00:00:00,0.9048279894664714
2010-10-27 00:00:00,0.9029621384450097
2010-10-28 00:00:00,0.9060353048332995
2010-10-29 00:00:00,0.9076816439698833
2010-11-01 00:00:00,0.905157257293788
2010-11-02 00:00:00,0.9066938404879329
2010-11-03 00:00:00,0.9076816439698833
2010-11-04 00:00:00,0.9105352984732952
2010-11-05 00:00:00,0.9066938404879329
2010-11-08 00:00:00,0.9069133523728108
2010-11-09 00:00:00,0.9023036027903761
2010-11-10 00:00:00,0.9019743349630593
2010-11-11 00:00:00,0.9023036027903761
2010-11-12 00:00:00,0.898242632920136
2010-11-15 00:00:00,0.8939621511650181
2010-11-16 00:00:00,0.8969255616108689
2010-11-17 00:00:00,0.8971450734957468
2010-11-18 00:00:00,0.8971450734957468
2010-11-19 00:00:00,0.8966865131682371
2010-11-22 00:00:00,0.8954820252399369
2010-11-23 00:00:00,0.8952452360357206
2010-11-24 00:00:00,0.899497901836987
2010-11-26 00:00:00,0.897399631289034
2010-11-29 00:00:00,0.8967248464745268
2010-11-30 00:00:00,0.8963785583677376
2010-12-01 00:00:00,0.9042446879539048
2010-12-02 00:00:00,0.9049933888728431
2010-12-03 00:00:00,0.9035521117403266
2010-12-06 00:00:00,0.9005778499717917
2010-12-07 00:00:00,0.9070204938245129
2010-12-08 00:00:00,0.9116016563334975
2010-12-09 00:00:00,0.9108173726164176
2010-12-10 00:00:00,0.9136465526842383
2010-12-13 00:00:00,0.9113292843311398
2010-12-14 00:00:00,0.9168959369632791
2010-12-15 00:00:00,0.9196156181285271
2010-12-16 00:00:00,0.9176268464831467
2010-12-17 00:00:00,0.9122436088580113
2010-12-20 00:00:00,0.9116783229460768
2010-12-21 00:00:00,0.9106750414238513
2010-12-22 00:00:00,0.9116427401479351
2010-12-23 00:00:00,0.912610438872019
2010-12-27 00:00:00,0.9165346079655672
2010-12-28 00:00:00,0.9222107595002793
2010-12-29 00:00:00,0.9170465196802894
2010-12-30 00:00:00,0.9169192293786458
2010-12-31 00:00:00,0.9139449676101109
2011-01-03 00:00:00,0.9150221652367675
2011-01-04 00:00:00,0.9148948749351239
2011-01-05 00:00:00,0.9187095451260994
2011-01-06 00:00:00,0.9179252614090192
2011-01-07 00:00:00,0.9145951282071229
2011-01-10 00:00:00,0.9125242323848131
2011-01-11 00:00:00,0.9142584234269062
2011-01-12 00:00:00,0.9147881265406991
2011-01-13 00:00:00,0.9120328625773095
2011-01-14 00:00:00,0.9132195591065392
2011-01-18 00:00:00,0.9140777589280503
2011-01-19 00:00:00,0.912964978503252
2011-01-20 00:00:00,0.9162321541813636
2011-01-21 00:00:00,0.9144623803411288
2011-01-24 00:00:00,0.9145540878446309
2011-01-25 00:00:00,0.9122368194915322
2011-01-26 00:00:00,0.9152849973644984
2011-01-27 00:00:00,0.9135152235242636
2011-01-28 00:00:00,0.9116359507814562
2011-01-31 00:00:00,0.9128226473106856
2011-02-01 00:00:00,0.9169658142093794
2011-02-02 00:00:00,0.9179335129334631
2011-02-03 00:00:00,0.9208721919038566
2011-02-04 00:00:00,0.92381087087425
2011-02-07 00:00:00,0.9236835805726065
2011-02-08 00:00:00,0.9264032617378543
2011-02-09 00:00:00,0.9243049911899013
2011-02-10 00:00:00,0.9270246723551493
2011-02-11 00:00:00,0.9240504105866142
2011-02-14 00:00:00,0.9230471290643887
2011-02-15 00:00:00,0.9218248497370177
2011-02-16 00:00:00,0.9214785616302287
2011-02-17 00:00:00,0.9201467834002848
2011-02-18 00:00:00,0.920128992001214
2011-02-22 00:00:00,0.9168262335249608
2011-02-23 00:00:00,0.9169179410284628
2011-02-24 00:00:00,0.91602415840881
2011-02-25 00:00:00,0.9135973911531388
2011-02-28 00:00:00,0.9123751118257678
2011-03-01 00:00:00,0.9150947929910156
2011-03-02 00:00:00,0.9168289840331088
2011-03-03 00:00:00,0.9203151575163658
2011-03-04 00:00:00,0.917340895747831
2011-03-07 00:00:00,0.9174326032513329
2011-03-08 00:00:00,0.9181813041702713
2011-03-09 00:00:00,0.9166305281351821
2011-03-10 00:00:00,0.9125612773409196
2011-03-11 00:00:00,0.912433987039276
2011-03-14 00:00:00,0.9115402044196232
2011-03-15 00:00:00,0.9109749185076887
2011-03-16 00:00:00,0.9067961688108535
2011-03-17 00:00:00,0.9080912692536298
2011-03-18 00:00:00,0.9081840717461577
2011-03-21 00:00:00,0.9084645991572559
2011-03-22 00:00:00,0.9089165153861615
2011-03-23 00:00:00,0.9085775782144824
2011-03-24 00:00:00,0.9071088504705396
2011-03-25 00:00:00,0.9058660808410494
2011-03-28 00:00:00,0.9050752274404648
2011-03-29 00:00:00,0.9034935206392956
2011-03-30 00:00:00,0.9050752274404648
2011-03-31 00:00:00,0.9040584159254273
2011-04-01 00:00:00,0.9025896881814846
2011-04-04 00:00:00,0.9037194787537483
2011-04-05 00:00:00,0.9016858557236737
2011-04-06 00:00:00,0.9003504432672579
2011-04-07 00:00:00,0.9004186374261998
2011-04-08 00:00:00,0.8997395886800261
2011-04-11 00:00:00,0.899608548439842
2011-04-12 00:00:00,0.8964217888418765
2011-04-13 00:00:00,0.8947063015272873
2011-04-14 00:00:00,0.8951411352422477
2011-04-15 00:00:00,0.8919758139674521
2011-04-18 00:00:00,0.8931984599429837
2011-04-19 00:00:00,0.894643405186794
2011-04-20 00:00:00,0.8934207592112622
2011-04-21 00:00:00,0.8940876570160976
2011-04-25 00:00:00,0.894643405186794
2011-04-26 00:00:00,0.897422146040275
2011-04-27 00:00:00,0.8969775475037182
2011-04-28 00:00:00,0.8986447920158067
2011-04-29 00:00:00,0.8998674379913386
2011-05-02 00:00:00,0.8976444453085537
2011-05-03 00:00:00,0.8986447920158067
2011-05-04 00:00:00,0.8997562883571992
2011-05-05 00:00:00,0.9017569817717057
2011-05-06 00:00:00,0.9024238795765412
2011-05-09 00:00:00,0.903201927015516
2011-05-10 00:00:00,0.9008677846985919
2011-05-11 00:00:00,0.9019792810399844
2011-05-12 00:00:00,0.9011011989302842
2011-05-13 00:00:00,0.9024238795765412
2011-05-16 00:00:00,0.9045357226251868
2011-05-17 00:00:00,0.9059806678689971
2011-05-18 00:00:00,0.9034242262837945
2011-05-19 00:00:00,0.9030907773813767
2011-05-20 00:00:00,0.9038688248203514
2011-05-23 00:00:00,0.9044245729910477
2011-05-24 00:00:00,0.9049803211617439
2011-05-25 00:00:00,0.9053137700641616
2011-05-26 00:00:00,0.9065364160396935
2011-05-27 00:00:00,0.9068698649421112
2011-05-31 00:00:00,0.9079813612835035
2011-06-01 00:00:00,0.9098709050638707
2011-06-02 00:00:00,0.9062029671372757
2011-06-03 00:00:00,0.9077590620152252
2011-06-06 00:00:00,0.9072033138445289
2011-06-07 00:00:00,0.9083148101859213
2011-06-08 00:00:00,0.9100932043321491
2011-06-09 00:00:00,0.9079813612835035
2011-06-10 00:00:00,0.9090928576248961
2011-06-13 00:00:00,0.9082036605517819
2011-06-14 00:00:00,0.9044245729910477
2011-06-15 00:00:00,0.9080925109176429
2011-06-16 00:00:00,0.908648259088339
2011-06-17 00:00:00,0.909537456161453
2011-06-20 00:00:00,0.9084259598200606
2011-06-21 00:00:00,0.908648259088339
2011-06-22 00:00:00,0.9088705583566175
2011-06-23 00:00:00,0.9110935510394024
2011-06-24 00:00:00,0.9119827481125165
2011-06-27 00:00:00,0.9093151568931745
2011-06-28 00:00:00,0.9059806678689971
2011-06-29 00:00:00,0.9039799744544906
2011-06-30 00:00:00,0.9020904306741235
2011-07-01 00:00:00,0.900089737259617
2011-07-05 00:00:00,0.9030907773813767
2011-07-06 00:00:00,0.9036465255520729
2011-07-07 00:00:00,0.9017569817717057
2011-07-08 00:00:00,0.9064252664055541
2011-07-11 00:00:00,0.9090928576248961
2011-07-12 00:00:00,0.90998205469801
2011-07-13 00:00:00,0.9112047006735416
2011-07-14 00:00:00,0.9077590620152252
2011-07-15 00:00:00,0.9094263065273136
2011-07-18 00:00:00,0.9082036605517819
2011-07-19 00:00:00,0.9106489525028455
2011-07-20 00:00:00,0.9092040072590352
2011-07-21 00:00:00,0.9072033138445289
2011-07-22 00:00:00,0.9096486057955923
2011-07-25 00:00:00,0.9066475656738325
2011-07-26 00:00:00,0.9088705583566175
2011-07-27 00:00:00,0.9069810145762504
2011-07-28 00:00:00,0.9096486057955923
2011-07-29 00:00:00,0.9143168904294406
2011-08-01 00:00:00,0.9147614889659975
2011-08-02 00:00:00,0.9186517261608713
2011-08-03 00:00:00,0.9193186239657066
2011-08-04 00:00:00,0.9248761056726689
2011-08-05 00:00:00,0.9188740254291498
2011-08-08 00:00:00,0.9232088611605804
2011-08-09 00:00:00,0.9264322005506184
2011-08-10 00:00:00,0.9337680764038087
2011-08-11 00:00:00,0.9247649560385298
2011-08-12 00:00:00,0.9277659961602893
2011-08-15 00:00:00,0.9262099012823399
2011-08-16 00:00:00,0.9289886421358211
2011-08-17 00:00:00,0.9306180957723025
2011-08-18 00:00:00,0.9326565800624161
2011-08-19 00:00:00,0.9335457771355302
2011-08-22 00:00:00,0.9314339340868845
2011-08-23 00:00:00,0.9286551932334034
2011-08-24 00:00:00,0.9233200107947195
2011-08-25 00:00:00,0.9258764523799221
2011-08-26 00:00:00,0.9269879487213147
2011-08-29 00:00:00,0.9247649560385298
2011-08-30 00:00:00,0.9282105946968464
2011-08-31 00:00:00,0.9269879487213147
2011-09-01 00:00:00,0.9285440435992641
2011-09-02 00:00:00,0.9311004851844668
2011-09-06 00:00:00,0.9324342807941377
2011-09-07 00:00:00,0.9303224377454922
2011-09-08 00:00:00,0.9315450837210237
2011-09-09 00:00:00,0.9323231311599984
2011-09-12 00:00:00,0.9295443903065174
2011-09-13 00:00:00,0.9285440435992641
2011-09-14 00:00:00,0.9305447370137706
2011-09-15 00:00:00,0.9287663428675428
2011-09-16 00:00:00,0.928432893965125
2011-09-19 00:00:00,0.9313227844527454
2011-09-20 00:00:00,0.932545430428277
2011-09-21 00:00:00,0.9351018720134796
2011-09-22 00:00:00,0.9373248646962645
2011-09-23 00:00:00,0.9342126749403658
2011-09-26 00:00:00,0.9313227844527454
2011-09-27 00:00:00,0.9294332406723782
2011-09-28 00:00:00,0.9274325472578715
2011-09-29 00:00:00,0.9273213976237324
2011-09-30 00:00:00,0.930767036282049
2011-10-03 00:00:00,0.9336569267696694
2011-10-04 00:00:00,0.9299889888430743
2011-10-05 00:00:00,0.9259876020140615
2011-10-06 00:00:00,0.9254318538433652
2011-10-07 00:00:00,0.9234311604288589
2011-10-10 00:00:00,0.9220973648191877
2011-10-11 00:00:00,0.9216527662826308
2011-10-12 00:00:00,0.9214304670143524
2011-10-13 00:00:00,0.9225419633557447
2011-10-14 00:00:00,0.920874718843656
2011-10-17 00:00:00,0.9240980582336943
2011-10-18 00:00:00,0.923097711526441
2011-10-19 00:00:00,0.9255430034775044
2011-10-20 00:00:00,0.9250984049409475
2011-10-21 00:00:00,0.9236534596971373
2011-10-24 00:00:00,0.9243203575019727
2011-10-25 00:00:00,0.9290997917699605
2011-10-26 00:00:00,0.9267656494530361
2011-10-27 00:00:00,0.9255430034775044
2011-10-28 00:00:00,0.925320704209226
2011-10-31 00:00:00,0.9294332406723782
2011-11-01 00:00:00,0.9339903756720873
2011-11-02 00:00:00,0.933434627501391
2011-11-03 00:00:00,0.9311004851844668
2011-11-04 00:00:00,0.9324342807941377
2011-11-07 00:00:00,0.9326565800624161
2011-11-08 00:00:00,0.9297666895747959
2011-11-09 00:00:00,0.9308781859161883
2011-11-10 00:00:00,0.9297666895747959
2011-11-11 00:00:00,0.9290997917699605
2011-11-14 00:00:00,0.929166481550444
2011-11-15 00:00:00,0.9286551932334034
2011-11-16 00:00:00,0.9304335873796312
2011-11-17 00:00:00,0.9299889888430743
2011-11-18 00:00:00,0.9294332406723782
2011-11-21 00:00:00,0.9292109414040995
2011-11-22 00:00:00,0.9302112881113528
2011-11-23 00:00:00,0.931211634818606
2011-11-25 00:00:00,0.929900069135763
2011-11-28 00:00:00,0.9298778392089351
2011-11-29 00:00:00,0.9285440435992641
2011-11-30 00:00:00,0.9265433501847576
2011-12-01 00:00:00,0.923986908599555
2011-12-02 00:00:00,0.9269879487213147
2011-12-05 00:00:00,0.9270990983554538
2011-12-06 00:00:00,0.9258764523799221
2011-12-07 00:00:00,0.9260754102250314
2011-12-08 00:00:00,0.9238546058839644
2011-12-09 00:00:00,0.9260570357129237
2011-12-12 00:00:00,0.925039299247336
2011-12-13 00:00:00,0.9226890801771076
2011-12-14 00:00:00,0.9208940621921463
2011-12-15 00:00:00,0.9213935792523756
2011-12-16 00:00:00,0.9228209048637056
2011-12-19 00:00:00,0.9224915220303216
2011-12-20 00:00:00,0.9206250193078133
2011-12-21 00:00:00,0.9180997509185373
2011-12-22 00:00:00,0.919856459363251
2011-12-23 00:00:00,0.911363125374749
2011-12-27 00:00:00,0.9107054971423678
2011-12-28 00:00:00,0.9142128477150667
2011-12-29 00:00:00,0.9149800806528446
2011-12-30 00:00:00,0.9156377088852258
2012-01-03 00:00:00,0.9127879865449078
2012-01-04 00:00:00,0.9132264053664952
2012-01-05 00:00:00,0.9128975912503047
2012-01-06 00:00:00,0.9134456147772889
2012-01-09 00:00:00,0.9130810695271391
2012-01-10 00:00:00,0.9136283489982054
2012-01-11 00:00:00,0.9114211144260526
2012-01-12 00:00:00,0.9127164684687243
2012-01-13 00:00:00,0.909961954425505
2012-01-17 00:00:00,0.9107100289971106
2012-01-18 00:00:00,0.9084659296797867
2012-01-19 00:00:00,0.9075966882687787
2012-01-20 00:00:00,0.9058582054467625
2012-01-23 00:00:00,0.9047716536830024
2012-01-24 00:00:00,0.9056034742512666
2012-01-25 00:00:00,0.9036477618893561
2012-01-26 00:00:00,0.9012394784574528
2012-01-27 00:00:00,0.8995917498329591
2012-01-30 00:00:00,0.8972182539212147
2012-01-31 00:00:00,0.897645348175134
2012-02-01 00:00:00,0.8945489148342183
2012-02-02 00:00:00,0.8959369711594564
2012-02-03 00:00:00,0.8947624619611779
2012-02-06 00:00:00,0.8951895562150975
2012-02-07 00:00:00,0.8940150470168191
2012-02-08 00:00:00,0.8929473113820204
2012-02-09 00:00:00,0.8930540849455003
2012-02-10 00:00:00,0.8936413395446394
2012-02-13 00:00:00,0.8935879527628996
2012-02-14 00:00:00,0.8947624619611779
2012-02-15 00:00:00,0.8935879527628996
2012-02-16 00:00:00,0.8936947263263796
2012-02-17 00:00:00,0.8916660286202622
2012-02-21 00:00:00,0.891132160802863
2012-02-22 00:00:00,0.8941218205802989
2012-02-23 00:00:00,0.8945489148342183
2012-02-24 00:00:00,0.8951895562150975
2012-02-27 00:00:00,0.8967911596672952
2012-02-28 00:00:00,0.8966843861038155
2012-02-29 00:00:00,0.8958301975959766
2012-03-01 00:00:00,0.8923066700011413
2012-03-02 00:00:00,0.8941218205802989
2012-03-05 00:00:00,0.8923066700011413
2012-03-06 00:00:00,0.8938014998898592
2012-03-07 00:00:00,0.8940150470168191
2012-03-08 00:00:00,0.8926269906915809
2012-03-09 00:00:00,0.8917728021837421
2012-03-12 00:00:00,0.8924134435646213
2012-03-13 00:00:00,0.8897441044776249
2012-03-14 00:00:00,0.8886378022316975
2012-03-15 00:00:00,0.8885305435953389
2012-03-16 00:00:00,0.8886201705292723
2012-03-19 00:00:00,0.8909622288267381
2012-03-20 00:00:00,0.8907300798515954
2012-03-21 00:00:00,0.8881382408765619
2012-03-22 00:00:00,0.8868335055378324
2012-03-23 00:00:00,0.8852069942900269
2012-03-26 00:00:00,0.8852966212239604
2012-03-27 00:00:00,0.8837773686125135
2012-03-28 00:00:00,0.8839742541828056
2012-03-29 00:00:00,0.8820259670259241
2012-03-30 00:00:00,0.8838317321415965
2012-04-02 00:00:00,0.8868173422572144
2012-04-03 00:00:00,0.8901247282819084
2012-04-04 00:00:00,0.8876401479432334
2012-04-05 00:00:00,0.8859063780590692
2012-04-09 00:00:00,0.8827782459022422
2012-04-10 00:00:00,0.8806681988546319
2012-04-11 00:00:00,0.8807736681000037
2012-04-12 00:00:00,0.8806507252792578
2012-04-13 00:00:00,0.8784183975510758
2012-04-16 00:00:00,0.8784009239757017
2012-04-17 00:00:00,0.8779257138754138
2012-04-18 00:00:00,0.8780305157989993
2012-04-19 00:00:00,0.8782227004851806
2012-04-20 00:00:00,0.8783100832477764
2012-04-23 00:00:00,0.8762646630238693
2012-04-24 00:00:00,0.875637191013111
2012-04-25 00:00:00,0.8754280336761915
2012-04-26 00:00:00,0.8765783990292483
2012-04-27 00:00:00,0.877101292371547
2012-04-30 00:00:00,0.8776241857138454
2012-05-01 00:00:00,0.874370743338064
2012-05-02 00:00:00,0.8757417696815707
2012-05-03 00:00:00,0.8768921350346274
2012-05-04 00:00:00,0.8778333430507648
2012-05-07 00:00:00,0.8775196070453857
2012-05-08 00:00:00,0.8783562363930634
2012-05-09 00:00:00,0.8778333430507648
2012-05-10 00:00:00,0.8773104497084662
2012-05-11 00:00:00,0.8779379217192245
2012-05-14 00:00:00,0.8795066017461199
2012-05-15 00:00:00,0.8797157590830396
2012-05-16 00:00:00,0.8791928657407408
2012-05-17 00:00:00,0.8799249164199588
2012-05-18 00:00:00,0.8794020230776605
2012-05-21 00:00:00,0.8795066017461199
2012-05-22 00:00:00,0.8780425003876842
2012-05-23 00:00:00,0.8786699723984425
2012-05-24 00:00:00,0.8777287643823053
2012-05-25 00:00:00,0.8787745510669022
2012-05-29 00:00:00,0.8787745510669022
2012-05-30 00:00:00,0.8821210684576126
2012-05-31 00:00:00,0.883794327152968
2012-06-01 00:00:00,0.8849446925060248
2012-06-04 00:00:00,0.8827485404683708
2012-06-05 00:00:00,0.8809707031045559
2012-06-06 00:00:00,0.8792974444092008
2012-06-07 00:00:00,0.8796111804145796
2012-06-08 00:00:00,0.8801340737568782
2012-06-11 00:00:00,0.8808661244360962
2012-06-12 00:00:00,0.8795066017461199
2012-06-13 00:00:00,0.8813890177783948
2012-06-14 00:00:00,0.8808661244360962
2012-06-15 00:00:00,0.8828531191368307
2012-06-18 00:00:00,0.8829576978052904
2012-06-19 00:00:00,0.8818073324522334
2012-06-20 00:00:00,0.8801340737568782
2012-06-21 00:00:00,0.8815981751153142
2012-06-22 00:00:00,0.8798203377514991
2012-06-25 00:00:00,0.8821210684576126
2012-06-26 00:00:00,0.8811798604414753
2012-06-27 00:00:00,0.8821210684576126
2012-06-28 00:00:00,0.88306227647375
2012-06-29 00:00:00,0.8824348044629917
2012-07-02 00:00:00,0.8823302257945322
2012-07-03 00:00:00,0.8810752817730156
2012-07-05 00:00:00,0.8835851698160485
2012-07-06 00:00:00,0.8844217991637262
2012-07-09 00:00:00,0.8860950578590816
2012-07-10 00:00:00,0.8869316872067592
2012-07-11 00:00:00,0.8856767431852426
2012-07-12 00:00:00,0.887350001880598
2012-07-13 00:00:00,0.8874545805490577
2012-07-16 00:00:00,0.8879774738913561
2012-07-17 00:00:00,0.8876637378859771
2012-07-18 00:00:00,0.8891278392444129
2012-07-19 00:00:00,0.8889186819074935
2012-07-20 00:00:00,0.8905919406028489
2012-07-23 00:00:00,0.8910102552766878
2012-07-24 00:00:00,0.8920560419612846
2012-07-25 00:00:00,0.8926835139720429
2012-07-26 00:00:00,0.8920560419612846
2012-07-27 00:00:00,0.8887095245705743
2012-07-30 00:00:00,0.8903827832659295
2012-07-31 00:00:00,0.8913239912820669
2012-08-01 00:00:00,0.8882912098967352
2012-08-02 00:00:00,0.8899644685920906
2012-08-03 00:00:00,0.8867225298698397
2012-08-06 00:00:00,0.8875591592175174
2012-08-07 00:00:00,0.8852584285114039
2012-08-08 00:00:00,0.8850492711744843
2012-08-09 00:00:00,0.884526377832186
2012-08-10 00:00:00,0.8855721645167831
2012-08-13 00:00:00,0.8856767431852426
2012-08-14 00:00:00,0.8834805911475888
2012-08-15 00:00:00,0.8803432310937979
2012-08-16 00:00:00,0.8794020230776605
2012-08-17 00:00:00,0.8808661244360962
2012-08-20 00:00:00,0.8804478097622573
2012-08-21 00:00:00,0.8806201972393464
2012-08-22 00:00:00,0.8784308964056744
2012-08-23 00:00:00,0.8771229039179583
2012-08-24 00:00:00,0.8756758475127202
2012-08-27 00:00:00,0.8770195427461556
2012-08-28 00:00:00,0.8773296262615637
2012-08-29 00:00:00,0.8766060980589446
2012-08-30 00:00:00,0.8773296262615637
2012-08-31 00:00:00,0.8804304614156458
2012-09-04 00:00:00,0.8779497932923801
2012-09-05 00:00:00,0.8779497932923801
2012-09-06 00:00:00,0.8758825698563255
2012-09-07 00:00:00,0.8758825698563255
2012-09-10 00:00:00,0.8760892921999311
2012-09-11 00:00:00,0.8749523193101011
2012-09-12 00:00:00,0.8737119852484684
2012-09-13 00:00:00,0.8754691251691147
2012-09-14 00:00:00,0.8711279559534001
2012-09-17 00:00:00,0.8723682900150328
2012-09-18 00:00:00,0.8734019017330601
2012-09-19 00:00:00,0.87453887462289
2012-09-20 00:00:00,0.8747455969664956
2012-09-21 00:00:00,0.8757275280986214
2012-09-24 00:00:00,0.8766060980589446
2012-09-25 00:00:00,0.8783632379795913
2012-09-26 00:00:00,0.8798102943848293
2012-09-27 00:00:00,0.8792934885258156
2012-09-28 00:00:00,0.8801203779002374
2012-10-01 00:00:00,0.8789834050104076
2012-10-02 00:00:00,0.8789834050104076
2012-10-03 00:00:00,0.8786733214949994
2012-10-04 00:00:00,0.8772262650897611
2012-10-05 00:00:00,0.8762960145435365
2012-10-08 00:00:00,0.8774329874333665
2012-10-09 00:00:00,0.8758825698563255
2012-10-10 00:00:00,0.8772262650897611
2012-10-11 00:00:00,0.8779497932923801
2012-10-12 00:00:00,0.8785699603231966
2012-10-15 00:00:00,0.8782598768077884
2012-10-16 00:00:00,0.8765027368871419
2012-10-17 00:00:00,0.8743321522792846
2012-10-18 00:00:00,0.8739187075920737
2012-10-19 00:00:00,0.8752624028255093
2012-10-22 00:00:00,0.8748081924921394
2012-10-23 00:00:00,0.8741884204818722
2012-10-24 00:00:00,0.8746358921841659
2012-10-25 00:00:00,0.8760130219018606
2012-10-26 00:00:00,0.8741879962331746
2012-10-31 00:00:00,0.8726728565696222
2012-11-01 00:00:00,0.8740200306401541
2012-11-02 00:00:00,0.874354125382703
2012-11-05 00:00:00,0.8752817673877065
2012-11-06 00:00:00,0.8735920983969929
2012-11-07 00:00:00,0.8751337315118112
2012-11-08 00:00:00,0.8737803163024132
2012-11-09 00:00:00,0.8745851874537607
2012-11-12 00:00:00,0.8733962131099433
2012-11-13 00:00:00,0.8736017181012633
2012-11-14 00:00:00,0.8733962131099433
2012-11-15 00:00:00,0.8732934606142833
2012-11-16 00:00:00,0.8728824506316433
2012-11-19 00:00:00,0.8728824506316433
2012-11-20 00:00:00,0.8715466681880634
2012-11-21 00:00:00,0.8706218957271236
2012-11-23 00:00:00,0.8708274007184434
2012-11-26 00:00:00,0.8706218957271236
2012-11-27 00:00:00,0.8723686881533435
2012-11-28 00:00:00,0.8728824506316433
2012-11-29 00:00:00,0.8733962131099433
2012-11-30 00:00:00,0.8727796981359833
2012-12-03 00:00:00,0.8717521731793835
2012-12-04 00:00:00,0.8724714406490034
2012-12-05 00:00:00,0.8730879556229634
2012-12-06 00:00:00,0.8730879556229634
2012-12-07 00:00:00,0.8714439156924035
2012-12-10 00:00:00,0.8719576781707034
2012-12-11 00:00:00,0.8712384107010835
2012-12-12 00:00:00,0.8699026282575035
2012-12-13 00:00:00,0.8681558358312836
2012-12-14 00:00:00,0.8686695983095837
2012-12-17 00:00:00,0.8669229887531783
2012-12-18 00:00:00,0.8681567501223716
2012-12-19 00:00:00,0.8662889072156301
2012-12-20 00:00:00,0.866066079467813
2012-12-21 00:00:00,0.8648151172456684
2012-12-24 00:00:00,0.8706582828963851
2012-12-26 00:00:00,0.869976907173018
2012-12-27 00:00:00,0.8691844929264233
2012-12-28 00:00:00,0.8689616651786064
2012-12-31 00:00:00,0.8697669719051171
2013-01-02 00:00:00,0.8710863458687917
2013-01-03 00:00:00,0.8736394812016598
2013-01-04 00:00:00,0.8722857055320823
2013-01-07 00:00:00,0.8728853853637275
2013-01-08 00:00:00,0.8720456769313139
2013-01-09 00:00:00,0.8723369164206607
2013-01-10 00:00:00,0.8723197155677093
2013-01-11 00:00:00,0.8716856340301611
2013-01-14 00:00:00,0.8716684331772097
2013-01-15 00:00:00,0.8705202844024976
2013-01-16 00:00:00,0.8706058969969789
2013-01-17 00:00:00,0.8720280844080863
2013-01-18 00:00:00,0.8706743087385088
2013-01-22 00:00:00,0.8714796154650196
2013-01-23 00:00:00,0.870125839795442
2013-01-24 00:00:00,0.871342400311684
2013-01-25 00:00:00,0.8741011625394174
2013-01-28 00:00:00,0.8751120961607937
2013-01-29 00:00:00,0.8760202163347374
2013-01-30 00:00:00,0.876928336508681
2013-01-31 00:00:00,0.8753689339442376
2013-02-01 00:00:00,0.8794642709885975
2013-02-04 00:00:00,0.8764654801600954
2013-02-05 00:00:00,0.8778876675712028
2013-02-06 00:00:00,0.8758141977695958
2013-02-07 00:00:00,0.8756941834692117
2013-02-08 00:00:00,0.8758826095111257
2013-02-11 00:00:00,0.876893543132502
2013-02-12 00:00:00,0.876670715384685
2013-02-13 00:00:00,0.8777844624534941
2013-02-14 00:00:00,0.8765335002313493
2013-02-15 00:00:00,0.8772359935104274
2013-02-19 00:00:00,0.8775272329997742
2013-02-20 00:00:00,0.876893151462226
2013-02-21 00:00:00,0.8760534430298125
2013-02-22 00:00:00,0.8756249883871298
2013-02-25 00:00:00,0.8728318244534934
2013-02-26 00:00:00,0.8724033698108109
2013-02-27 00:00:00,0.8725917958527251
2013-02-28 00:00:00,0.8721633412100424
2013-03-01 00:00:00,0.8732770882788514
2013-03-04 00:00:00,0.8734655143207657
2013-03-05 00:00:00,0.873962380704978
2013-03-06 00:00:00,0.8753845681160854
2013-03-07 00:00:00,0.8766011286323273
2013-03-08 00:00:00,0.8789486370703297
2013-03-11 00:00:00,0.8793426900071095
2013-03-12 00:00:00,0.8776804739952334
2013-03-13 00:00:00,0.8786914076166099
2013-03-14 00:00:00,0.8783657664213601
2013-03-15 00:00:00,0.877320431094081
2013-03-18 00:00:00,0.8756582150822049
2013-03-19 00:00:00,0.8751269469920897
2013-03-20 00:00:00,0.8759322537186004
2013-03-21 00:00:00,0.8757094259707834
2013-03-22 00:00:00,0.8748697175383697
2013-03-25 00:00:00,0.874955330132851
2013-03-26 00:00:00,0.8746296889376013
2013-03-27 00:00:00,0.8728646594782926
2013-03-28 00:00:00,0.8727446451779083
2013-04-01 00:00:00,0.8750921536159109
2013-04-02 00:00:00,0.8749721393155265
2013-04-03 00:00:00,0.8744408712254113
2013-04-04 00:00:00,0.8719561476340731
2013-04-05 00:00:00,0.8695742374901677
2013-04-08 00:00:00,0.8699682904269473
2013-04-09 00:00:00,0.870876410600891
2013-04-10 00:00:00,0.872504224906864
2013-04-11 00:00:00,0.8720757702641815
2013-04-12 00:00:00,0.8700023004625744
2013-04-15 00:00:00,0.869059778582728
2013-04-16 00:00:00,0.8692584859693853
2013-04-17 00:00:00,0.8691926749184875
2013-04-18 00:00:00,0.8696065269241622
2013-04-19 00:00:00,0.8688822859142314
2013-04-22 00:00:00,0.8700203789298371
2013-04-23 00:00:00,0.8698134529269996
2013-04-24 00:00:00,0.8696065269241622
2013-04-25 00:00:00,0.8690892119170688
2013-04-26 00:00:00,0.8702273049326744
2013-04-29 00:00:00,0.8709515459426054
2013-04-30 00:00:00,0.8709515459426054
2013-05-01 00:00:00,0.8707446199397679
2013-05-02 00:00:00,0.8709515459426054
2013-05-03 00:00:00,0.8668130258858574
2013-05-06 00:00:00,0.8667095628844387
2013-05-07 00:00:00,0.8658818588730891
2013-05-08 00:00:00,0.8667095628844387
2013-05-09 00:00:00,0.8653645438659956
2013-05-10 00:00:00,0.8639564372767583
2013-05-13 00:00:00,0.8641638200029411
2013-05-14 00:00:00,0.8625047581934802
2013-05-15 00:00:00,0.8634898261428475
2013-05-16 00:00:00,0.863714546064939
2013-05-17 00:00:00,0.8652685484867904
2013-05-20 00:00:00,0.8654586116163295
2013-05-21 00:00:00,0.8646126731313012
2013-05-22 00:00:00,0.867496340458716
2013-05-23 00:00:00,0.8675828034267985
2013-05-24 00:00:00,0.8674620660719674
2013-05-28 00:00:00,0.8722105363056035
2013-05-29 00:00:00,0.8714681979820321
2013-05-30 00:00:00,0.8721762619188549
2013-05-31 00:00:00,0.8736095269858751
2013-06-03 00:00:00,0.876078793667463
2013-06-04 00:00:00,0.876372456958459
2013-06-05 00:00:00,0.8766661202494549
2013-06-06 00:00:00,0.8755093812800564
2013-06-07 00:00:00,0.8776678474772739
2013-06-10 00:00:00,0.8798263136744912
2013-06-11 00:00:00,0.87939477583529
2013-06-12 00:00:00,0.8810352412252237
2013-06-13 00:00:00,0.8772884982194064
2013-06-14 00:00:00,0.8763389595729212
2013-06-17 00:00:00,0.8769434233482873
2013-06-18 00:00:00,0.8776514872851106
2013-06-19 00:00:00,0.8826071578416601
2013-06-20 00:00:00,0.8902564325960856
2013-06-21 00:00:00,0.893658100730784
2013-06-24 00:00:00,0.897681369834223
2013-06-25 00:00:00,0.8957165496054618
2013-06-26 00:00:00,0.8927778878590071
2013-06-27 00:00:00,0.8894455454990167
2013-06-28 00:00:00,0.8890140076598154
2013-07-01 00:00:00,0.8893076709508114
2013-07-02 00:00:00,0.8890833334345235
2013-07-03 00:00:00,0.8896877972098898
2013-07-05 00:00:00,0.8989946745476232
2013-07-08 00:00:00,0.8952479315418058
2013-07-09 00:00:00,0.8942983928953206
2013-07-10 00:00:00,0.8963532589310814
2013-07-11 00:00:00,0.8907417130190425
2013-07-12 00:00:00,0.8918641776016925
2013-07-15 00:00:00,0.8895678368562696
2013-07-16 00:00:00,0.8883074977254142
2013-07-17 00:00:00,0.8864255576258184
2013-07-18 00:00:00,0.8877552225313818
2013-07-19 00:00:00,0.8855624819474159
2013-07-22 00:00:00,0.8850273439467579
2013-07-23 00:00:00,0.885217407076297
2013-07-24 00:00:00,0.8878938740807982
2013-07-25 00:00:00,0.8881875373717941
2013-07-26 00:00:00,0.8875487992096794
2013-07-29 00:00:00,0.8876352621777618
2013-07-30 00:00:00,0.8881361257916712
2013-07-31 00:00:00,0.8871865871451863
2013-08-01 00:00:00,0.8929710589933901
2013-08-02 00:00:00,0.8902603176021401
2013-08-05 00:00:00,0.8899323799243956
2013-08-06 00:00:00,0.890433243538305
2013-08-07 00:00:00,0.8891729044074498
2013-08-08 00:00:00,0.8887413665682484
2013-08-09 00:00:00,0.8876882277603066
2013-08-12 00:00:00,0.8892250929887836
2013-08-13 00:00:00,0.8921087603161983
2013-08-14 00:00:00,0.8925060237686511
2013-08-15 00:00:00,0.8954932912575224
2013-08-16 00:00:00,0.89765175745474
2013-08-19 00:00:00,0.900017423974871
2013-08-20 00:00:00,0.8976174830679915
2013-08-21 00:00:00,0.9008119508797764
2013-08-22 00:00:00,0.899966012394748
2013-08-23 00:00:00,0.8975660714878686
2013-08-26 00:00:00,0.8960985320340997
2013-08-27 00:00:00,0.8940093916115903
2013-08-28 00:00:00,0.8954426566786106
2013-08-29 00:00:00,0.8945967181935822
2013-08-30 00:00:00,0.8957191827762322
2013-09-03 00:00:00,0.8993280512338442
2013-09-04 00:00:00,0.9003469156550374
2013-09-05 00:00:00,0.9060277873417845
2013-09-06 00:00:00,0.9029026453047077
2013-09-09 00:00:00,0.9008135048821982
2013-09-10 00:00:00,0.9025575704335888
2013-09-11 00:00:00,0.9002612296881659
2013-09-12 00:00:00,0.9004512928177051
2013-09-13 00:00:00,0.899087353525393
2013-09-16 00:00:00,0.8980342147174512
2013-09-17 00:00:00,0.8972918763938796
2013-09-18 00:00:00,0.8906443288672732
2013-09-19 00:00:00,0.8915595931270095
2013-09-20 00:00:00,0.8916460560950921
2013-09-23 00:00:00,0.8910073179329772
2013-09-24 00:00:00,0.8892289779948381
2013-09-25 00:00:00,0.887450638056699
2013-09-26 00:00:00,0.8886767028008058
2013-09-27 00:00:00,0.888452365284518
2013-09-30 00:00:00,0.88791722728386
2013-10-01 00:00:00,0.8906972944498179
2013-10-02 00:00:00,0.889816670630734
2013-10-03 00:00:00,0.8910306087898483
2013-10-04 00:00:00,0.8900373866596639
2013-10-07 00:00:00,0.8916679042517803
2013-10-08 00:00:00,0.8918889972109304
2013-10-09 00:00:00,0.8917534230083797
2013-10-10 00:00:00,0.8931931640042949
2013-10-11 00:00:00,0.8935254119264293
2013-10-14 00:00:00,0.8917534230083797
2013-10-15 00:00:00,0.8915319243936235
2013-10-16 00:00:00,0.8952974008444787
2013-10-17 00:00:00,0.8983983814510652
2013-10-18 00:00:00,0.8993951252174679
2013-10-21 00:00:00,0.8982876321436869
2013-10-22 00:00:00,0.9011671141355174
2013-10-23 00:00:00,0.9016101113650297
2013-10-24 00:00:00,0.9016101113650297
2013-10-25 00:00:00,0.9026068551314326
2013-10-28 00:00:00,0.901831609979786
2013-10-29 00:00:00,0.9024407311703654
2013-10-30 00:00:00,0.9014993620576516
2013-10-31 00:00:00,0.9014993620576516
2013-11-01 00:00:00,0.897069389762528
2013-11-04 00:00:00,0.8976231362994185
2013-11-05 00:00:00,0.8949651529223444
2013-11-06 00:00:00,0.8965156432256375
2013-11-07 00:00:00,0.8982876321436869
2013-11-08 00:00:00,0.8924179188526482
2013-11-11 00:00:00,0.8916426737010017
2013-11-12 00:00:00,0.8911996764714892
2013-11-13 00:00:00,0.8936361612338072
2013-11-14 00:00:00,0.8961833953035034
2013-11-15 00:00:00,0.8965156432256375
2013-11-18 00:00:00,0.8981768828363088
2013-11-19 00:00:00,0.8964048939182594
2013-11-20 00:00:00,0.8939684091559416
2013-11-21 00:00:00,0.8939684091559416
2013-11-22 00:00:00,0.8959618966887472
2013-11-25 00:00:00,0.8966263925330157
2013-11-26 00:00:00,0.8967371418403938
2013-11-27 00:00:00,0.8964048939182594
2013-11-29 00:00:00,0.8968478911477719
2013-12-02 00:00:00,0.8915319243936235
2013-12-03 00:00:00,0.8924179188526482
2013-12-04 00:00:00,0.8910889271641111
2013-12-05 00:00:00,0.8895384368608178
2013-12-06 00:00:00,0.890867428549355
2013-12-09 00:00:00,0.8917534230083797
2013-12-10 00:00:00,0.8936361612338072
2013-12-11 00:00:00,0.892085670930514
2013-12-12 00:00:00,0.8902892285653955
2013-12-13 00:00:00,0.8902892285653955
2013-12-16 00:00:00,0.8899394905312763
2013-12-17 00:00:00,0.8882614582359627
2013-12-18 00:00:00,0.8885758673324406
2013-12-19 00:00:00,0.8902185706901126
2013-12-20 00:00:00,0.8885405383947992
2013-12-23 00:00:00,0.8896297858103067
2013-12-24 00:00:00,0.894150460067233
2013-12-26 00:00:00,0.8954610898596063
2013-12-27 00:00:00,0.8954434253907856
2013-12-30 00:00:00,0.8939867754723378
2013-12-31 00:00:00,0.8943011845688157
2014-01-02 00:00:00,0.8935086817809649
2014-01-03 00:00:00,0.8933803261237114
2014-01-06 00:00:00,0.8925878233358606
2014-01-07 00:00:00,0.8914632469827115
2014-01-08 00:00:00,0.8943235534131447
2014-01-09 00:00:00,0.8926455211178314
2014-01-10 00:00:00,0.8883109003001295
2014-01-13 00:00:00,0.8870756327585474
2014-01-14 00:00:00,0.8883862625509208
2014-01-15 00:00:00,0.8889220540242644
2014-01-16 00:00:00,0.8869119481636524
2014-01-17 00:00:00,0.8858980629989359
2014-01-21 00:00:00,0.8858803985301151
2014-01-22 00:00:00,0.8874124106993542
2014-01-23 00:00:00,0.884959540085011
2014-01-24 00:00:00,0.8828230541746772
2014-01-27 00:00:00,0.8812985046793714
2014-01-28 00:00:00,0.8820607794270243
2014-01-29 00:00:00,0.8840209144924177
2014-01-30 00:00:00,0.8840209144924177
2014-01-31 00:00:00,0.8852187748101582
2014-02-03 00:00:00,0.8861988423428547
2014-02-04 00:00:00,0.8847831892400707
2014-02-05 00:00:00,0.8829319505671991
2014-02-06 00:00:00,0.8826052613896336
2014-02-07 00:00:00,0.8836942253148521
2014-02-10 00:00:00,0.8842387072774615
2014-02-11 00:00:00,0.8823874686045898
2014-02-12 00:00:00,0.8808629191092838
2014-02-13 00:00:00,0.883040846959721
2014-02-14 00:00:00,0.8827141577821555
2014-02-18 00:00:00,0.8839120180998958
2014-02-19 00:00:00,0.8831497433522428
2014-02-20 00:00:00,0.883040846959721
2014-02-21 00:00:00,0.8836942253148521
2014-02-24 00:00:00,0.8834764325298083
2014-02-25 00:00:00,0.8852187748101582
2014-02-26 00:00:00,0.8870700134830295
2014-02-27 00:00:00,0.8881589774082481
2014-02-28 00:00:00,0.8875055990531171
2014-03-03 00:00:00,0.8875055990531171
2014-03-04 00:00:00,0.8844565000625052
2014-03-05 00:00:00,0.8856543603802455
2014-03-06 00:00:00,0.8834764325298083
2014-03-07 00:00:00,0.8808629191092838
2014-03-10 00:00:00,0.8814074010718932
2014-03-11 00:00:00,0.8812985046793714
2014-03-12 00:00:00,0.8831497433522428
2014-03-13 00:00:00,0.8857632567727673
2014-03-14 00:00:00,0.8852187748101582
2014-03-17 00:00:00,0.8840209144924177
2014-03-18 00:00:00,0.8850009820251142
2014-03-19 00:00:00,0.8808629191092838
2014-03-20 00:00:00,0.8801006443616308
2014-03-21 00:00:00,0.8826052613896336
2014-03-24 00:00:00,0.8827141577821555
2014-03-25 00:00:00,0.8824963649971118
2014-03-26 00:00:00,0.8848920856325926
2014-03-27 00:00:00,0.8857632567727673
2014-03-28 00:00:00,0.8841298108849396
2014-03-31 00:00:00,0.8841298108849396
2014-04-01 00:00:00,0.8810807118943276
2014-04-02 00:00:00,0.8793383696139779
2014-04-03 00:00:00,0.8801006443616308
2014-04-04 00:00:00,0.8827141577821555
2014-04-07 00:00:00,0.8843476036699831
2014-04-08 00:00:00,0.8850009820251142
2014-04-09 00:00:00,0.8847831892400707
2014-04-10 00:00:00,0.8875055990531171
2014-04-11 00:00:00,0.8880500810157262
2014-04-14 00:00:00,0.8879411846232046
2014-04-15 00:00:00,0.8883767701932919
2014-04-16 00:00:00,0.8878322882306825
2014-04-17 00:00:00,0.8855454639877236
2014-04-21 00:00:00,0.8857632567727673
2014-04-22 00:00:00,0.8857632567727673
2014-04-23 00:00:00,0.8871244616792906
2014-04-24 00:00:00,0.8873967026605951
2014-04-25 00:00:00,0.8877233918381606
2014-04-28 00:00:00,0.8867433243054641
2014-04-29 00:00:00,0.8871789098755516
2014-04-30 00:00:00,0.8891390449409449
2014-05-01 00:00:00,0.8893568377259886
2014-05-02 00:00:00,0.8903369052586854
2014-05-05 00:00:00,0.8893568377259886
2014-05-06 00:00:00,0.8902280088661634
2014-05-07 00:00:00,0.890663594436251
2014-05-08 00:00:00,0.8910991800063383
2014-05-09 00:00:00,0.8900102160811197
2014-05-12 00:00:00,0.8891390449409449
2014-05-13 00:00:00,0.8907724908287726
2014-05-14 00:00:00,0.8930593150717318
2014-05-15 00:00:00,0.8946927609595595
2014-05-16 00:00:00,0.8946927609595595
2014-05-19 00:00:00,0.8943660717819939
2014-05-20 00:00:00,0.8948016573520814
2014-05-21 00:00:00,0.8940393826044284
2014-05-22 00:00:00,0.893494900641819
2014-05-23 00:00:00,0.8943660717819939
2014-05-27 00:00:00,0.8952372429221687
2014-05-28 00:00:00,0.8981774455202589
2014-05-29 00:00:00,0.8974151707726057
2014-05-30 00:00:00,0.896543999632431
2014-06-02 00:00:00,0.8924059367166006
2014-06-03 00:00:00,0.8902280088661634
2014-06-04 00:00:00,0.8903369052586854
2014-06-05 00:00:00,0.891316972791382
2014-06-06 00:00:00,0.8912080763988601
2014-06-09 00:00:00,0.890445801651207
2014-06-10 00:00:00,0.8887034593708575
2014-06-11 00:00:00,0.889030148548423
2014-06-12 00:00:00,0.891316972791382
2014-06-13 00:00:00,0.8910991800063383
2014-06-16 00:00:00,0.8908813872212945
2014-06-17 00:00:00,0.8888123557633792
2014-06-18 00:00:00,0.8910991800063383
2014-06-19 00:00:00,0.8903369052586854
2014-06-20 00:00:00,0.8908813872212945
2014-06-23 00:00:00,0.8905546980437289
2014-06-24 00:00:00,0.8921881439315569
2014-06-25 00:00:00,0.8933860042492974
2014-06-26 00:00:00,0.8945838645670376
2014-06-27 00:00:00,0.8945838645670376
2014-06-30 00:00:00,0.8953461393146905
2014-07-01 00:00:00,0.8917525583614694
2014-07-02 00:00:00,0.8893568377259886
2014-07-03 00:00:00,0.88826787380077
2014-07-07 00:00:00,0.8893568377259886
2014-07-08 00:00:00,0.8909902836138164
2014-07-09 00:00:00,0.8918614547539913
2014-07-10 00:00:00,0.892079247539035
2014-07-11 00:00:00,0.8933860042492974
2014-07-14 00:00:00,0.892079247539035
2014-07-15 00:00:00,0.8914258691839039
2014-07-16 00:00:00,0.8917525583614694
2014-07-17 00:00:00,0.8941482789969502
2014-07-18 00:00:00,0.8941482789969502
2014-07-21 00:00:00,0.8941482789969502
2014-07-22 00:00:00,0.8953461393146905
2014-07-23 00:00:00,0.8949105537446033
2014-07-24 00:00:00,0.8931682114642534
2014-07-25 00:00:00,0.8948016573520814
2014-07-28 00:00:00,0.8945838645670376
2014-07-29 00:00:00,0.8953461393146905
2014-07-30 00:00:00,0.8919703511465131
2014-07-31 00:00:00,0.8909902836138164
2014-08-01 00:00:00,0.8957817248847781
2014-08-04 00:00:00,0.8932771078567753
2014-08-05 00:00:00,0.892079247539035
2014-08-06 00:00:00,0.8930593150717318
2014-08-07 00:00:00,0.8950194501371249
2014-08-08 00:00:00,0.8943660717819939
2014-08-11 00:00:00,0.8948016573520814
2014-08-12 00:00:00,0.8940393826044284
2014-08-13 00:00:00,0.895672828492256
2014-08-14 00:00:00,0.896543999632431
2014-08-15 00:00:00,0.8981774455202589
2014-08-18 00:00:00,0.8963262068473873
2014-08-19 00:00:00,0.8962173104548654
2014-08-20 00:00:00,0.8949105537446033
2014-08-21 00:00:00,0.8958906212772998
2014-08-22 00:00:00,0.8958906212772998
2014-08-25 00:00:00,0.8962173104548654
2014-08-26 00:00:00,0.8966528960249529
2014-08-27 00:00:00,0.8980685491277369
2014-08-28 00:00:00,0.8992664094454774
2014-08-29 00:00:00,0.8992664094454774
2014-09-02 00:00:00,0.894257175389472
2014-09-03 00:00:00,0.8957817248847781
2014-09-04 00:00:00,0.894257175389472
2014-09-05 00:00:00,0.8939304862119065
2014-09-08 00:00:00,0.8932771078567753
2014-09-09 00:00:00,0.8917525583614694
2014-09-10 00:00:00,0.8901191124736415
2014-09-11 00:00:00,0.8894657341185105
2014-09-12 00:00:00,0.8880500810157262
2014-09-15 00:00:00,0.8884856665858137
2014-09-16 00:00:00,0.8882414337566658
2014-09-17 00:00:00,0.8903083764684083
2014-09-18 00:00:00,0.8901819661719241
2014-09-19 00:00:00,0.8883149725392359
2014-09-22 00:00:00,0.887209484116137
2014-09-23 00:00:00,0.8867567144441145
2014-09-24 00:00:00,0.8872830228987069
2014-09-25 00:00:00,0.8850896698904802
2014-09-26 00:00:00,0.8859423377206113
2014-09-29 00:00:00,0.8848368492975123
2014-09-30 00:00:00,0.8850367983765661
2014-10-01 00:00:00,0.8829522318268526
2014-10-02 00:00:00,0.8819265926643018
2014-10-03 00:00:00,0.88149622711951
2014-10-06 00:00:00,0.8794344922382445
2014-10-07 00:00:00,0.8777731264232987
2014-10-08 00:00:00,0.8795827484399367
2014-10-09 00:00:00,0.8781989198389784
2014-10-10 00:00:00,0.8789440583164174
2014-10-13 00:00:00,0.8814988188104946
2014-10-14 00:00:00,0.8826697507036131
2014-10-15 00:00:00,0.8846922694280909
2014-10-16 00:00:00,0.8832019924732124
2014-10-17 00:00:00,0.8825633023496932
2014-10-20 00:00:00,0.8833084408271324
2014-10-21 00:00:00,0.8820310605800938
2014-10-22 00:00:00,0.8818181638722541
2014-10-23 00:00:00,0.8791569550242573
2014-10-24 00:00:00,0.8799020935016963
2014-10-27 00:00:00,0.8795827484399367
2014-10-28 00:00:00,0.8790505066703372
2014-10-29 00:00:00,0.8775602297154591
2014-10-30 00:00:00,0.8781989198389784
2014-10-31 00:00:00,0.874871344295443
2014-11-03 00:00:00,0.8744732274517828
2014-11-04 00:00:00,0.8742603307439428
2014-11-05 00:00:00,0.8753248142831417
2014-11-06 00:00:00,0.8733022955586641
2014-11-07 00:00:00,0.8742285665551331
2014-11-10 00:00:00,0.876351768902565
2014-11-11 00:00:00,0.8759097826281868
2014-11-12 00:00:00,0.8759985969406663
2014-11-13 00:00:00,0.8753442904315448
2014-11-14 00:00:00,0.8751146243919096
2014-11-17 00:00:00,0.8750972785870177
2014-11-18 00:00:00,0.8738060113736664
2014-11-19 00:00:00,0.8760180280335781
2014-11-20 00:00:00,0.8749390810549702
2014-11-21 00:00:00,0.8730108531373894
2014-11-24 00:00:00,0.8728873472151258
2014-11-25 00:00:00,0.8712775996496599
2014-11-26 00:00:00,0.8699863324363087
2014-11-28 00:00:00,0.8686638541484504
2014-12-01 00:00:00,0.8662511903825508
2014-12-02 00:00:00,0.8643630187396729
2014-12-03 00:00:00,0.864100772678162
2014-12-04 00:00:00,0.8656217998349248
2014-12-05 00:00:00,0.8622866210089098
2014-12-08 00:00:00,0.863858224813908
2014-12-09 00:00:00,0.8641725455749075
2014-12-10 00:00:00,0.8664775644889047
2014-12-11 00:00:00,0.8656393757929057
2014-12-12 00:00:00,0.868573036228902
2014-12-15 00:00:00,0.8670014324239038
2014-12-16 00:00:00,0.8689921305769014
2014-12-17 00:00:00,0.866896658836904
2014-12-18 00:00:00,0.8655346022059057
2014-12-19 00:00:00,0.8674205267719034
2014-12-22 00:00:00,0.8670014324239038
2014-12-23 00:00:00,0.8592481869859138
2014-12-24 00:00:00,0.8595625077469133
2014-12-26 00:00:00,0.8602959228559124
2014-12-29 00:00:00,0.8617627530739106
2014-12-30 00:00:00,0.8623913945959099
2014-12-31 00:00:00,0.863020036117909
2015-01-02 00:00:00,0.8659536965539053
2015-01-05 00:00:00,0.868468262641902
2015-01-06 00:00:00,0.870982828729899
2015-01-07 00:00:00,0.8715066966648983
2015-01-08 00:00:00,0.8701446400338999
2015-01-09 00:00:00,0.8716114702518981
2015-01-12 00:00:00,0.8727639797088966
2015-01-13 00:00:00,0.8736021684048956
2015-01-14 00:00:00,0.8755928665578929
2015-01-15 00:00:00,0.8794694892768882
2015-01-16 00:00:00,0.8768501496018914
2015-01-20 00:00:00,0.8759071873188925
2015-01-21 00:00:00,0.8742308099268948
2015-01-22 00:00:00,0.8744403571008944
2015-01-23 00:00:00,0.877269243949891
2015-01-26 00:00:00,0.8762215080798923
2015-01-27 00:00:00,0.8767453760148917
2015-01-28 00:00:00,0.8798885836248878
2015-01-29 00:00:00,0.8789456213418888
2015-01-30 00:00:00,0.8837652063438827
2015-02-02 00:00:00,0.8809363194948864
2015-02-03 00:00:00,0.8782122062328896
2015-02-04 00:00:00,0.8785265269938892
2015-02-05 00:00:00,0.8766406024278917
2015-02-06 00:00:00,0.870982828729899
2015-02-09 00:00:00,0.8706685079688992
2015-02-10 00:00:00,0.8690969041639014
2015-02-11 00:00:00,0.8690969041639014
2015-02-12 00:00:00,0.8695159985119008
2015-02-13 00:00:00,0.8675253003589033
2015-02-17 00:00:00,0.8640677719879076
2015-02-18 00:00:00,0.8664775644889047
2015-02-19 00:00:00,0.8657441493799055
2015-02-20 00:00:00,0.8659536965539053
2015-02-23 00:00:00,0.8677348475329029
2015-02-24 00:00:00,0.8712971494908985
2015-02-25 00:00:00,0.8721353381868975
2015-02-26 00:00:00,0.8697255456859005
2015-02-27 00:00:00,0.8704589607948995
2015-03-02 00:00:00,0.8659536965539053
2015-03-03 00:00:00,0.8649059606839066
2015-03-04 00:00:00,0.8649059606839066
2015-03-05 00:00:00,0.8654298286189059
2015-03-06 00:00:00,0.8620464799475063
2015-03-09 00:00:00,0.8626750991599134
2015-03-10 00:00:00,0.8593053592635846
2015-03-11 00:00:00,0.85834532634815
2015-03-12 00:00:00,0.8576996030389186
2015-03-13 00:00:00,0.8585206578919703
2015-03-16 00:00:00,0.8568272358953939
2015-03-17 00:00:00,0.8560767427174277
2015-03-18 00:00:00,0.8524419330202226
2015-03-19 00:00:00,0.8544886123311957
2015-03-20 00:00:00,0.8522203515587083
2015-03-23 00:00:00,0.8517941021660965
2015-03-24 00:00:00,0.8503445131179984
2015-03-25 00:00:00,0.8516579411397138
2015-03-26 00:00:00,0.8544040446791102
2015-03-27 00:00:00,0.8535684594243039
2015-03-30 00:00:00,0.8519825615340951
2015-03-31 00:00:00,0.8526985132664767
2015-04-01 00:00:00,0.8541304167312399
2015-04-02 00:00:00,0.8530053497232117
2015-04-06 00:00:00,0.8537213014555933
2015-04-07 00:00:00,0.8542326955501515
2015-04-08 00:00:00,0.8536190226366815
2015-04-09 00:00:00,0.8517780038962718
2015-04-10 00:00:00,0.8513688886206251
2015-04-13 00:00:00,0.8515734462584487
2015-04-14 00:00:00,0.8531076285421233
2015-04-15 00:00:00,0.8539258590934165
2015-04-16 00:00:00,0.8537213014555933
2015-04-17 00:00:00,0.8551532049203565
2015-04-20 00:00:00,0.8542326955501515
2015-04-21 00:00:00,0.8532099073610351
2015-04-22 00:00:00,0.8500392639747737
2015-04-23 00:00:00,0.8516757250773601
2015-04-24 00:00:00,0.8530053497232117
2015-04-27 00:00:00,0.8523916768097417
2015-04-28 00:00:00,0.8497324275180387
2015-04-29 00:00:00,0.8470731782263357
2015-04-30 00:00:00,0.8479936875965406
2015-05-01 00:00:00,0.8437965331878071
2015-05-04 00:00:00,0.8418548916557049
2015-05-05 00:00:00,0.8419261396807671
2015-05-06 00:00:00,0.8437697735632799
2015-05-07 00:00:00,0.8420118589016273
2015-05-08 00:00:00,0.8397418237170547
2015-05-11 00:00:00,0.8441293553304444
2015-05-12 00:00:00,0.845136891492561
2015-05-13 00:00:00,0.8455298830271732
2015-05-14 00:00:00,0.8438743924701049
2015-05-15 00:00:00,0.8404776921351079
2015-05-18 00:00:00,0.8435337103889052
2015-05-19 00:00:00,0.845360639387694
2015-05-20 00:00:00,0.8453439345039702
2015-05-21 00:00:00,0.8426642029010614
2015-05-22 00:00:00,0.8431596185402578
2015-05-26 00:00:00,0.8410944315648531
2015-05-27 00:00:00,0.8406680302627934
2015-05-28 00:00:00,0.8405489012744853
2015-05-29 00:00:00,0.8402249240770094
2015-06-01 00:00:00,0.844714879794983
2015-06-02 00:00:00,0.8470539293166921
2015-06-03 00:00:00,0.8507244921979935
2015-06-04 00:00:00,0.848659305222589
2015-06-05 00:00:00,0.8519201716855543
2015-06-08 00:00:00,0.8508792257559902
2015-06-09 00:00:00,0.8533206993822833
2015-06-10 00:00:00,0.8550452042764881
2015-06-11 00:00:00,0.8511363834185708
2015-06-12 00:00:00,0.8517342231623511
2015-06-15 00:00:00,0.8516150941740435
2015-06-16 00:00:00,0.8494474830940547
2015-06-17 00:00:00,0.8491235058965788
2015-06-18 00:00:00,0.8497213456403593
2015-06-19 00:00:00,0.8473488863512025
2015-06-22 00:00:00,0.8513267215462561
2015-06-23 00:00:00,0.8532560746496289
2015-06-24 00:00:00,0.8517030081971446
2015-06-25 00:00:00,0.8528129684638452
2015-06-26 00:00:00,0.8543326251488819
2015-06-29 00:00:00,0.8501165319772126
2015-06-30 00:00:00,0.8509192199301611
2015-07-01 00:00:00,0.8545897828114625
2015-07-02 00:00:00,0.8525245958360581
2015-07-06 00:00:00,0.8496400160239812
2015-07-07 00:00:00,0.8488039183035851
2015-07-08 00:00:00,0.8464314590144285
2015-07-09 00:00:00,0.8491802049544735
2015-07-10 00:00:00,0.8530556160449431
2015-07-13 00:00:00,0.854984969148316
2015-07-14 00:00:00,0.8534319026958316
2015-07-15 00:00:00,0.8510594434066748
2015-07-16 00:00:00,0.8510427385229511
2015-07-17 00:00:00,0.8509236095346433
2015-07-20 00:00:00,0.8520335698013439
2015-07-21 00:00:00,0.8504805033488595
2015-07-22 00:00:00,0.8501565261513835
2015-07-23 00:00:00,0.8481937632805631
2015-07-24 00:00:00,0.847664937873919
2015-07-27 00:00:00,0.8460094473168508
2015-07-28 00:00:00,0.8474266798973035
2015-07-29 00:00:00,0.8481269437456678
2015-07-30 00:00:00,0.8478029665481918
2015-07-31 00:00:00,0.8449183867361151
2015-08-03 00:00:00,0.8446968336432231
2015-08-04 00:00:00,0.8475480036878523
2015-08-05 00:00:00,0.849170084477473
2015-08-06 00:00:00,0.8483339867570769
2015-08-07 00:00:00,0.8465760720954245
2015-08-10 00:00:00,0.8483005769896294
2015-08-11 00:00:00,0.8451087248638003
2015-08-12 00:00:00,0.8453992922938286
2015-08-13 00:00:00,0.8471237971880334
2015-08-14 00:00:00,0.8474143646180616
2015-08-17 00:00:00,0.8458612981655773
2015-08-18 00:00:00,0.847380954850614
2015-08-19 00:00:00,0.8443939509339532
2015-08-20 00:00:00,0.8436602773181412
2015-08-21 00:00:00,0.8423120590748248
2015-08-24 00:00:00,0.8425002024002691
2015-08-25 00:00:00,0.8452489483403142
2015-08-26 00:00:00,0.8470463791969828
2015-08-27 00:00:00,0.8485037528369923
2015-08-28 00:00:00,0.8489201453055665
2015-08-31 00:00:00,0.8477750660169876
2015-09-01 00:00:00,0.848087360368418
2015-09-02 00:00:00,0.8474627716655568
2015-09-03 00:00:00,0.848087360368418
2015-09-04 00:00:00,0.850169322711289
2015-09-08 00:00:00,0.848087360368418
2015-09-09 00:00:00,0.847879164134131
2015-09-10 00:00:00,0.8461094961426908
2015-09-11 00:00:00,0.847879164134131
2015-09-14 00:00:00,0.848087360368418
2015-09-15 00:00:00,0.8445480243855378
2015-09-16 00:00:00,0.84402753379982
2015-09-17 00:00:00,0.8432723227795672
2015-09-18 00:00:00,0.8418260637425815
2015-09-21 00:00:00,0.8430215864736769
2015-09-22 00:00:00,0.8432282094115382
2015-09-23 00:00:00,0.8432282094115382
2015-09-24 00:00:00,0.8435381438183299
2015-09-25 00:00:00,0.841988471784371
2015-09-28 00:00:00,0.8441580126319134
2015-09-29 00:00:00,0.8447778814454971
2015-09-30 00:00:00,0.8464308649483867
2015-10-01 00:00:00,0.8451911273212195
2015-10-02 00:00:00,0.8483937828580681
2015-10-05 00:00:00,0.8450878158522888
2015-10-06 00:00:00,0.8462242420105255
2015-10-07 00:00:00,0.8462242420105255
2015-10-08 00:00:00,0.8448811929144276
2015-10-09 00:00:00,0.8447778814454971
2015-10-12 00:00:00,0.8462242420105255
2015-10-13 00:00:00,0.8467407993551783
2015-10-14 00:00:00,0.8498401434230964
2015-10-15 00:00:00,0.8481871599202068
2015-10-16 00:00:00,0.847877225513415
2015-10-19 00:00:00,0.847877225513415
2015-10-20 00:00:00,0.8465341764173172
2015-10-21 00:00:00,0.8480838484512763
2015-10-22 00:00:00,0.8495302090163046
2015-10-23 00:00:00,0.847360668168762
2015-10-26 00:00:00,0.8482904713891374
2015-10-27 00:00:00,0.8484970943269986
2015-10-28 00:00:00,0.846120930541595
2015-10-29 00:00:00,0.8431248979426076
2015-10-30 00:00:00,0.8449845043833583
2015-11-02 00:00:00,0.8415752259086485
2015-11-03 00:00:00,0.8401288653436202
2015-11-04 00:00:00,0.8406454226882732
2015-11-05 00:00:00,0.8390957506543142
2015-11-06 00:00:00,0.8357897836485352
2015-11-09 00:00:00,0.8341095259178478
2015-11-10 00:00:00,0.8342125914715262
2015-11-11 00:00:00,0.8340929761256669
2015-11-12 00:00:00,0.8339733607798079
2015-11-13 00:00:00,0.8324108276824537
2015-11-16 00:00:00,0.8323942778902728
2015-11-17 00:00:00,0.8314501381149877
2015-11-18 00:00:00,0.8318458505375198
2015-11-19 00:00:00,0.8306955796548784
2015-11-20 00:00:00,0.8308851609700539
2015-11-23 00:00:00,0.8305594145168383
2015-11-24 00:00:00,0.8302336680636228
2015-11-25 00:00:00,0.8301140527177636
2015-11-27 00:00:00,0.8296852407108698
2015-11-30 00:00:00,0.8300809531334018
2015-12-01 00:00:00,0.8286214855897259
2015-12-02 00:00:00,0.8296355913343271
2015-12-03 00:00:00,0.8361121714238743
2015-12-04 00:00:00,0.8327975239139903
2015-12-07 00:00:00,0.8313380563703142
2015-12-08 00:00:00,0.8311153754707769
2015-12-09 00:00:00,0.8314080223396306
2015-12-10 00:00:00,0.831494538101128
2015-12-11 00:00:00,0.8292105461280261
2015-12-14 00:00:00,0.8331104873756177
2015-12-15 00:00:00,0.8340215275665407
2015-12-16 00:00:00,0.8349325677574638
2015-12-17 00:00:00,0.8331639035527532
2015-12-18 00:00:00,0.8312818672389963
2015-12-21 00:00:00,0.8322032139852873
2015-12-22 00:00:00,0.8333203852835669
2015-12-23 00:00:00,0.8355712776723069
2015-12-24 00:00:00,0.8349363345580566
2015-12-28 00:00:00,0.8349197847658757
2015-12-29 00:00:00,0.8374798738156504
2015-12-30 00:00:00,0.8369479962550783
2015-12-31 00:00:00,0.8352823976040458
2016-01-04 00:00:00,0.8356265772497388
2016-01-05 00:00:00,0.8346309046976148
2016-01-06 00:00:00,0.8309039949730177
2016-01-07 00:00:00,0.8307843796271586
2016-01-08 00:00:00,0.8297371742981954
2016-01-11 00:00:00,0.8332248533310741
2016-01-12 00:00:00,0.8310439269116506
2016-01-13 00:00:00,0.8289660660459052
2016-01-14 00:00:00,0.8299801717905065
2016-01-15 00:00:00,0.8285207042468304
2016-01-19 00:00:00,0.8295348099914318
2016-01-20 00:00:00,0.828590670216147
2016-01-21 00:00:00,0.8290894481923571
2016-01-22 00:00:00,0.8293820950612107
2016-01-25 00:00:00,0.8293655452690298
2016-01-26 00:00:00,0.8281122088327104
2016-01-27 00:00:00,0.8280956590405295
2016-01-28 00:00:00,0.8274607159262792
2016-01-29 00:00:00,0.8243277523744191
2016-02-01 00:00:00,0.8230131963414374
2016-02-02 00:00:00,0.8255148166961407
2016-02-03 00:00:00,0.8262224585914227
2016-02-04 00:00:00,0.8268290087873789
2016-02-05 00:00:00,0.8260202751927708
2016-02-08 00:00:00,0.8295584846691809
2016-02-09 00:00:00,0.8294573929698549
2016-02-10 00:00:00,0.8311759518583969
2016-02-11 00:00:00,0.831681410355027
2016-02-12 00:00:00,0.8289519344732248
2016-02-16 00:00:00,0.8277388340813128
2016-02-17 00:00:00,0.8275366506826607
2016-02-18 00:00:00,0.8303672182637888
2016-02-19 00:00:00,0.8292552095712029
2016-02-22 00:00:00,0.8294573929698549
2016-02-23 00:00:00,0.8299628514664847
2016-02-24 00:00:00,0.8305694016624409
2016-02-25 00:00:00,0.831782502054353
2016-02-26 00:00:00,0.8309737684597449
2016-02-29 00:00:00,0.8314792269563749
2016-03-01 00:00:00,0.8270311921860308
2016-03-02 00:00:00,0.8265257336894007
2016-03-03 00:00:00,0.8269301004867047
2016-03-04 00:00:00,0.8265257336894007
2016-03-07 00:00:00,0.8263235502907488
2016-03-08 00:00:00,0.8290530261725508
2016-03-09 00:00:00,0.827637742381987
2016-03-10 00:00:00,0.8272333755846827
2016-03-11 00:00:00,0.8261213668920967
2016-03-14 00:00:00,0.827941017479965
2016-03-15 00:00:00,0.8271322838853566
2016-03-16 00:00:00,0.8303672182637888
2016-03-17 00:00:00,0.8321868688516568
2016-03-18 00:00:00,0.8328945107469389
2016-03-21 00:00:00,0.831378135257049
2016-03-22 00:00:00,0.8311759518583969
2016-03-23 00:00:00,0.832995602446265
2016-03-24 00:00:00,0.831984685453005
2016-03-28 00:00:00,0.832389052250309
2016-03-29 00:00:00,0.8358261700273931
2016-03-30 00:00:00,0.8355228949294151
2016-03-31 00:00:00,0.8370898162689682
2016-04-01 00:00:00,0.8363316285240231
2016-04-04 00:00:00,0.8363316285240231
2016-04-05 00:00:00,0.837848004013913
2016-04-06 00:00:00,0.8374436372166092
2016-04-07 00:00:00,0.840173113098411
2016-04-08 00:00:00,0.8394654712031292
2016-04-11 00:00:00,0.8393643795038032
2016-04-12 00:00:00,0.8380501874125652
2016-04-13 00:00:00,0.8385556459091951
2016-04-14 00:00:00,0.837848004013913
2016-04-15 00:00:00,0.839768746301107
2016-04-18 00:00:00,0.8394654712031292
2016-04-19 00:00:00,0.8399709296997593
2016-04-20 00:00:00,0.837645820615261
2016-04-21 00:00:00,0.8366349036220011
2016-04-22 00:00:00,0.8363316285240231
2016-04-25 00:00:00,0.8353207115307629
2016-04-26 00:00:00,0.834107611138851
2016-04-27 00:00:00,0.8366349036220011
2016-04-28 00:00:00,0.838151279111891
2016-04-29 00:00:00,0.8387578293078471
2016-05-02 00:00:00,0.8356239866287409
2016-05-03 00:00:00,0.8379490957132391
2016-05-04 00:00:00,0.8382523708112171
2016-05-05 00:00:00,0.839768746301107
2016-05-06 00:00:00,0.8393643795038032
2016-05-09 00:00:00,0.8399709296997593
2016-05-10 00:00:00,0.8399709296997593
2016-05-11 00:00:00,0.840173113098411
2016-05-12 00:00:00,0.8402742047977373
2016-05-13 00:00:00,0.8411840300916712
2016-05-16 00:00:00,0.8393643795038032
2016-05-17 00:00:00,0.8387578293078471
2016-05-18 00:00:00,0.8348152530341328
2016-05-19 00:00:00,0.835725078328067
2016-05-20 00:00:00,0.835725078328067
2016-05-23 00:00:00,0.835927261726719
2016-05-24 00:00:00,0.8355228949294151
2016-05-25 00:00:00,0.8352196198314371
2016-05-26 00:00:00,0.8366349036220011
2016-05-27 00:00:00,0.8363316285240231
2016-05-31 00:00:00,0.8370392704193051
2016-06-01 00:00:00,0.8356239866287409
2016-06-02 00:00:00,0.837241453817957
2016-06-03 00:00:00,0.8424982221829093
2016-06-06 00:00:00,0.8411840300916712
2016-06-07 00:00:00,0.8412851217909971
2016-06-08 00:00:00,0.8422960387842571
2016-06-09 00:00:00,0.8431047723788654
2016-06-10 00:00:00,0.8439135059734733
2016-06-13 00:00:00,0.8441156893721253
2016-06-14 00:00:00,0.8440145976727993
2016-06-15 00:00:00,0.8459353399599935
2016-06-16 00:00:00,0.8468451652539274
2016-06-17 00:00:00,0.8456320648620155
2016-06-20 00:00:00,0.8437113225748213
2016-06-21 00:00:00,0.8425993138822351
2016-06-22 00:00:00,0.8429025889802132
2016-06-23 00:00:00,0.8413862134903232
2016-06-24 00:00:00,0.8460364316593193
2016-06-27 00:00:00,0.8503833747303375
2016-06-28 00:00:00,0.8513942917235975
2016-06-29 00:00:00,0.8510910166256195
2016-06-30 00:00:00,0.8522030253182056
2016-07-01 00:00:00,0.8529106672134876
2016-07-05 00:00:00,0.8558423264939415
2016-07-06 00:00:00,0.8573587019838317
2016-07-07 00:00:00,0.8559434181932676
2016-07-08 00:00:00,0.8581674355784398
2016-07-11 00:00:00,0.8556401430952897
2016-07-12 00:00:00,0.8522030253182056
2016-07-13 00:00:00,0.8537194008080955
2016-07-14 00:00:00,0.8524052087168574
2016-07-15 00:00:00,0.8496757328350555
2016-07-18 00:00:00,0.8499790079330335
2016-07-19 00:00:00,0.8512932000242714
2016-07-20 00:00:00,0.8503833747303375
2016-07-21 00:00:00,0.8513942917235975
2016-07-22 00:00:00,0.8514953834229235
2016-07-25 00:00:00,0.8509899249262936
2016-07-26 00:00:00,0.8508888332269674
2016-07-27 00:00:00,0.8534161257101175
2016-07-28 00:00:00,0.8529106672134876
2016-07-29 00:00:00,0.8556401430952897
2016-08-01 00:00:00,0.8512932000242714
2016-08-02 00:00:00,0.8504844664296634
2016-08-03 00:00:00,0.8504844664296634
2016-08-04 00:00:00,0.8520008419195535
2016-08-05 00:00:00,0.8491702743384254
2016-08-08 00:00:00,0.8492713660377514
2016-08-09 00:00:00,0.8516975668215755
2016-08-10 00:00:00,0.8528095755141616
2016-08-11 00:00:00,0.8505855581289896
2016-08-12 00:00:00,0.8525063004161836
2016-08-15 00:00:00,0.8510910166256195
2016-08-16 00:00:00,0.8506866498283155
2016-08-17 00:00:00,0.8520008419195535
2016-08-18 00:00:00,0.8529106672134876
2016-08-19 00:00:00,0.8511921083249454
2016-08-22 00:00:00,0.8524052087168574
2016-08-23 00:00:00,0.8528095755141616
2016-08-24 00:00:00,0.8527084838148354
2016-08-25 00:00:00,0.8517986585209015
2016-08-26 00:00:00,0.8496757328350555
2016-08-29 00:00:00,0.8526073921155096
2016-08-30 00:00:00,0.8518997502202276
2016-08-31 00:00:00,0.8512932000242714
2016-09-01 00:00:00,0.8507877415276414
2016-09-02 00:00:00,0.8495746411357294
2016-09-06 00:00:00,0.8521019336188795
2016-09-07 00:00:00,0.8522030253182056
2016-09-08 00:00:00,0.8489680909397734
2016-09-09 00:00:00,0.8452276980647114
2016-09-12 00:00:00,0.8455309731626892
2016-09-13 00:00:00,0.8431047723788654
2016-09-14 00:00:00,0.8442167810714513
2016-09-15 00:00:00,0.8449244229667333
2016-09-16 00:00:00,0.8456320648620155
2016-09-19 00:00:00,0.8450255146660594
2016-09-20 00:00:00,0.8452276980647114
2016-09-21 00:00:00,0.8442909419420769
2016-09-22 00:00:00,0.8434862805725823
2016-09-23 00:00:00,0.8436706941105524
2016-09-26 00:00:00,0.8422457849095334
2016-09-27 00:00:00,0.8412232063932618
2016-09-28 00:00:00,0.8412064545888581
2016-09-29 00:00:00,0.8410891201132678
2016-09-30 00:00:00,0.8421787776919188
2016-10-03 00:00:00,0.8446765926671855
2016-10-04 00:00:00,0.8474761556560126
2016-10-05 00:00:00,0.8488675612482244
2016-10-06 00:00:00,0.8491525574573813
2016-10-07 00:00:00,0.8484317269546698
2016-10-10 00:00:00,0.8493202191909476
2016-10-11 00:00:00,0.8506110421119725
2016-10-12 00:00:00,0.8500913769516348
2016-10-13 00:00:00,0.8490687984353632
2016-10-14 00:00:00,0.8507619520411354
2016-10-17 00:00:00,0.8489347121553691
2016-10-18 00:00:00,0.8478115509679105
2016-10-19 00:00:00,0.847191303136386
2016-10-20 00:00:00,0.8476774646879166
2016-10-21 00:00:00,0.8469566341852053
2016-10-24 00:00:00,0.8481468744350433
2016-10-25 00:00:00,0.8481301226306398
2016-10-26 00:00:00,0.8496221108940383
2016-10-27 00:00:00,0.8519187605269313
2016-10-28 00:00:00,0.852304339407275
2016-10-31 00:00:00,0.85138234356219
2016-11-01 00:00:00,0.8532766625103358
2016-11-02 00:00:00,0.8524552493364377
2016-11-03 00:00:00,0.8529414108879682
2016-11-04 00:00:00,0.8514159190157623
2016-11-07 00:00:00,0.8525055765944137
2016-11-08 00:00:00,0.8539975648578122
2016-11-09 00:00:00,0.862228592090727
2016-11-10 00:00:00,0.8657322337778617
2016-11-11 00:00:00,0.8672242220412602
2016-11-14 00:00:00,0.8703255330436476
2016-11-15 00:00:00,0.8692023718561891
2016-11-16 00:00:00,0.8674757146416098
2016-11-17 00:00:00,0.8707781909863709
2016-11-18 00:00:00,0.8727730926057033
2016-11-21 00:00:00,0.8728569234724867
2016-11-22 00:00:00,0.8721360929697753
2016-11-23 00:00:00,0.8742315772602948
2016-11-25 00:00:00,0.8739130774423307
2016-11-28 00:00:00,0.8719852548853777
2016-11-29 00:00:00,0.8713650070538532
2016-11-30 00:00:00,0.8741645700426802
2016-12-01 00:00:00,0.8787746211128697
2016-12-02 00:00:00,0.8758409718440489
2016-12-05 00:00:00,0.8748183933277771
2016-12-06 00:00:00,0.8749022241945602
2016-12-07 00:00:00,0.8729744016376073
2016-12-08 00:00:00,0.8745669725721926
2016-12-09 00:00:00,0.8769642048762726
2016-12-12 00:00:00,0.8778526971125501
2016-12-13 00:00:00,0.8769307012674653
2016-12-14 00:00:00,0.8810378389817208
2016-12-15 00:00:00,0.8822280792315589
2016-12-16 00:00:00,0.8815072487288476
2016-12-19 00:00:00,0.8793782608295211
2016-12-20 00:00:00,0.8792609263539306
2016-12-21 00:00:00,0.8780371824952853
2016-12-22 00:00:00,0.8806355801417387
2016-12-23 00:00:00,0.8802164976525878
2016-12-27 00:00:00,0.880803241875305
2016-12-28 00:00:00,0.8787748366471653
2016-12-29 00:00:00,0.8765452660766518
2016-12-30 00:00:00,0.8748186088620724
2017-01-03 00:00:00,0.8747012743864822
2017-01-04 00:00:00,0.8740810265549577
2017-01-05 00:00:00,0.8699403852318949
2017-01-06 00:00:00,0.873142278905469
2017-01-09 00:00:00,0.8711138736773293
2017-01-10 00:00:00,0.8712982872152993
2017-01-11 00:00:00,0.8708792047261484
2017-01-12 00:00:00,0.8706612875793712
2017-01-13 00:00:00,0.8719521105003961
2017-01-17 00:00:00,0.8694207919163223
2017-01-18 00:00:00,0.8736285123017646
2017-01-19 00:00:00,0.8750199178939764
2017-01-20 00:00:00,0.8743996700624519
2017-01-23 00:00:00,0.8721700994919385
2017-01-24 00:00:00,0.8733603397417766
2017-01-25 00:00:00,0.8757575720458564
2017-01-26 00:00:00,0.8754390722278923
2017-01-27 00:00:00,0.8745170763828074
2017-01-30 00:00:00,0.8747014899207776
2017-01-31 00:00:00,0.8729748327061981
2017-02-01 00:00:00,0.8760761437085857
2017-02-02 00:00:00,0.8755564785482479
2017-02-03 00:00:00,0.8753385614014706
2017-02-06 00:00:00,0.8728072428173969
2017-02-07 00:00:00,0.8714829162875647
2017-02-08 00:00:00,0.8692533457170514
2017-02-09 00:00:00,0.8714494126787574
2017-02-10 00:00:00,0.8716338262167275
2017-02-13 00:00:00,0.8725223184530052
2017-02-14 00:00:00,0.8742154720587774
2017-02-15 00:00:00,0.8755062949798021
2017-02-16 00:00:00,0.8739808031075965
2017-02-17 00:00:00,0.8720529805506434
2017-02-21 00:00:00,0.8721368114174267
2017-02-22 00:00:00,0.871617146257089
2017-02-23 00:00:00,0.8700916543848832
2017-02-24 00:00:00,0.8670574224448754
2017-02-27 00:00:00,0.8687505760506475
2017-02-28 00:00:00,0.8693373202733649
2017-03-01 00:00:00,0.8742491193571148
2017-03-02 00:00:00,0.8757411076205134
2017-03-03 00:00:00,0.8751208597889889
2017-03-06 00:00:00,0.8756070213405193
2017-03-07 00:00:00,0.8770990096039178
2017-03-08 00:00:00,0.8789933285520636
2017-03-09 00:00:00,0.8814911435273303
2017-03-10 00:00:00,0.8798650689839377
2017-03-13 00:00:00,0.881457639918523
2017-03-14 00:00:00,0.8815414707853061
2017-03-15 00:00:00,0.876495585421562
2017-03-16 00:00:00,0.8776858256714002
2017-03-17 00:00:00,0.8760597511280076
2017-03-20 00:00:00,0.8743934435161403
2017-03-21 00:00:00,0.872505854027662
2017-03-22 00:00:00,0.8713826928402035
2017-03-23 00:00:00,0.8717682717205473
2017-03-24 00:00:00,0.8719526852585171
2017-03-27 00:00:00,0.8702260280439378
2017-03-28 00:00:00,0.8717180163073364
2017-03-29 00:00:00,0.8708606347702219
2017-03-30 00:00:00,0.8701089671446497
2017-03-31 00:00:00,0.870645872591487
2017-04-03 00:00:00,0.8719344456638968
2017-04-04 00:00:00,0.8709680158595894
2017-04-05 00:00:00,0.8717196834851619
2017-04-06 00:00:00,0.8720418267532642
2017-04-07 00:00:00,0.8701089671446497
2017-04-10 00:00:00,0.8709680158595894
2017-04-11 00:00:00,0.8737599241831439
2017-04-12 00:00:00,0.8758001648811258
2017-04-13 00:00:00,0.8770887379535356
2017-04-17 00:00:00,0.8765518325066981
2017-04-18 00:00:00,0.879665884098355
2017-04-19 00:00:00,0.8780551677578428
2017-04-20 00:00:00,0.8768739757748006
2017-04-21 00:00:00,0.8770887379535356
2017-04-24 00:00:00,0.8759075459704933
2017-04-25 00:00:00,0.8732230187363064
2017-04-26 00:00:00,0.8740820674512464
2017-04-27 00:00:00,0.8747263539874509
2017-04-28 00:00:00,0.8756927837917583
2017-05-01 00:00:00,0.8722565889319992
2017-05-02 00:00:00,0.8737599241831439
2017-05-03 00:00:00,0.8727934943788366
2017-05-04 00:00:00,0.8718270645745292
2017-05-05 00:00:00,0.8723639700213666
2017-05-08 00:00:00,0.8708606347702219
2017-05-09 00:00:00,0.8704311104127521
2017-05-10 00:00:00,0.8703237293233846
2017-05-11 00:00:00,0.8694384796226391
2017-05-12 00:00:00,0.8687967486744615
2017-05-15 00:00:00,0.8689934082270362
2017-05-16 00:00:00,0.8683075165976137
2017-05-17 00:00:00,0.8706476814102007
2017-05-18 00:00:00,0.8699030835152868
2017-05-19 00:00:00,0.870434939154511
2017-05-22 00:00:00,0.8696903412595971
2017-05-23 00:00:00,0.8678820320862344
2017-05-24 00:00:00,0.8696903412595971
2017-05-25 00:00:00,0.8696903412595971
2017-05-26 00:00:00,0.8701158257709765
2017-05-30 00:00:00,0.8713922793051148
2017-05-31 00:00:00,0.8718177638164941
2017-06-01 00:00:00,0.8702221968988213
2017-06-02 00:00:00,0.8730942173506325
2017-06-05 00:00:00,0.8717113926886494
2017-06-06 00:00:00,0.8733069596063222
2017-06-07 00:00:00,0.8721368772000287
2017-06-08 00:00:00,0.8714986504329597
2017-06-09 00:00:00,0.8707540525380456
2017-06-12 00:00:00,0.8705413102823559
2017-06-13 00:00:00,0.8707540525380456
2017-06-14 00:00:00,0.8739451863733915
2017-06-15 00:00:00,0.8729878462227876
2017-06-16 00:00:00,0.8739451863733915
2017-06-19 00:00:00,0.8726687328392532
2017-06-20 00:00:00,0.8739451863733915
2017-06-21 00:00:00,0.8743706708847709
2017-06-22 00:00:00,0.8746897842683056
2017-06-23 00:00:00,0.8749025265239952
2017-06-26 00:00:00,0.875859866674599
2017-06-27 00:00:00,0.8728814750949428
2017-06-28 00:00:00,0.8728814750949428
2017-06-29 00:00:00,0.8710731659215802
2017-06-30 00:00:00,0.870434939154511
2017-07-03 00:00:00,0.8669246919356306
2017-07-05 00:00:00,0.8674565475748549
2017-07-06 00:00:00,0.8654354961458025
2017-07-07 00:00:00,0.8652227538901127
2017-07-10 00:00:00,0.8656482384014922
2017-07-11 00:00:00,0.866499207424251
2017-07-12 00:00:00,0.8685202588533036
2017-07-13 00:00:00,0.868201145469769
2017-07-14 00:00:00,0.8685202588533036
2017-07-17 00:00:00,0.8696903412595971
2017-07-18 00:00:00,0.8717113926886494
2017-07-19 00:00:00,0.8718177638164941
2017-07-20 00:00:00,0.8723496194557187
2017-07-21 00:00:00,0.8733069596063222
2017-07-24 00:00:00,0.8728814750949428
2017-07-25 00:00:00,0.8695839701317521
2017-07-26 00:00:00,0.8717113926886494
2017-07-27 00:00:00,0.8706476814102007
2017-07-28 00:00:00,0.8722432483278737
2017-07-31 00:00:00,0.8721368772000287
2017-08-01 00:00:00,0.872030506072184
2017-08-02 00:00:00,0.8714986504329597
2017-08-03 00:00:00,0.8733069596063222
2017-08-04 00:00:00,0.8719241349443391
2017-08-07 00:00:00,0.8722432483278737
2017-08-08 00:00:00,0.8710731659215802
2017-08-09 00:00:00,0.8717113926886494
2017-08-10 00:00:00,0.8729878462227876
2017-08-11 00:00:00,0.8737324441177018
2017-08-14 00:00:00,0.8730942173506325
2017-08-15 00:00:00,0.8716050215608044
2017-08-16 00:00:00,0.8728814750949428
2017-08-17 00:00:00,0.8744770420126157
2017-08-18 00:00:00,0.8740515575012363
2017-08-21 00:00:00,0.8744770420126157
2017-08-22 00:00:00,0.8734133307341672
2017-08-23 00:00:00,0.8759662378024438
2017-08-24 00:00:00,0.8746897842683056
2017-08-25 00:00:00,0.8757534955467541
2017-08-28 00:00:00,0.8761789800581337
2017-08-29 00:00:00,0.8771363202087372
2017-08-30 00:00:00,0.8770299490808925
2017-08-31 00:00:00,0.8777745469758065
2017-09-01 00:00:00,0.8744770420126157
2017-09-05 00:00:00,0.878093660359341
2017-09-06 00:00:00,0.876604464569513
2017-09-07 00:00:00,0.8793701138934794
2017-09-08 00:00:00,0.8784127737428756
2017-09-11 00:00:00,0.8757534955467541
2017-09-12 00:00:00,0.8744770420126157
2017-09-13 00:00:00,0.8734133307341672
2017-09-14 00:00:00,0.8739451863733915
2017-09-15 00:00:00,0.8740515575012363
2017-09-18 00:00:00,0.8734133307341672
2017-09-19 00:00:00,0.8727751039670979
2017-09-20 00:00:00,0.872030506072184
2017-09-21 00:00:00,0.8718177638164941
2017-09-22 00:00:00,0.8726687328392532
2017-09-25 00:00:00,0.8745834131404606
2017-09-26 00:00:00,0.8741579286290813
2017-09-27 00:00:00,0.8714986504329597
2017-09-28 00:00:00,0.8717113926886494
2017-09-29 00:00:00,0.8718177638164941
2017-10-02 00:00:00,0.8696903412595971
2017-10-03 00:00:00,0.8689175337415785
2017-10-04 00:00:00,0.8696604704383163
2017-10-05 00:00:00,0.8702800328939775
2017-10-06 00:00:00,0.8712179967910976
2017-10-09 00:00:00,0.8703516858532835
2017-10-10 00:00:00,0.8699099101707481
2017-10-11 00:00:00,0.8694681344882126
2017-10-12 00:00:00,0.8687079573642182
2017-10-13 00:00:00,0.8668864421020273
2017-10-16 00:00:00,0.8677182721853278
2017-10-17 00:00:00,0.8675948979442513
2017-10-18 00:00:00,0.8689573970966502
2017-10-19 00:00:00,0.8685156214141146
2017-10-20 00:00:00,0.8706210572632511
2017-10-23 00:00:00,0.8698608801392568
2017-10-24 00:00:00,0.8713295131054752
2017-10-25 00:00:00,0.8720552093749562
2017-10-26 00:00:00,0.873099307085896
2017-10-27 00:00:00,0.8711716580098854
2017-10-30 00:00:00,0.869137875120055
2017-10-31 00:00:00,0.8696513037618965
2017-11-01 00:00:00,0.8709076691004756
2017-11-02 00:00:00,0.8700413581626615
2017-11-03 00:00:00,0.8692811810386671
2017-11-06 00:00:00,0.8686271377284924
2017-11-07 00:00:00,0.8682914958597766
2017-11-08 00:00:00,0.868857991408528
2017-11-09 00:00:00,0.8697428883987383
2017-11-10 00:00:00,0.8732280638275304
2017-11-13 00:00:00,0.8731046895864538
2017-11-14 00:00:00,0.8720261110210006
2017-11-15 00:00:00,0.8699923281311702
2017-11-16 00:00:00,0.8711425596559298
2017-11-17 00:00:00,0.8702762487181156
2017-11-20 00:00:00,0.8707896773599572
2017-11-21 00:00:00,0.8700295002359628
2017-11-22 00:00:00,0.8682079849737717
2017-11-24 00:00:00,0.8684030121741543
2017-11-27 00:00:00,0.8687041731883565
2017-11-28 00:00:00,0.8686869327610997
2017-11-29 00:00:00,0.8707923686102362
2017-11-30 00:00:00,0.8720487339488152
2017-12-01 00:00:00,0.8715008244524602
2017-12-04 00:00:00,0.8713774502113839
2017-12-05 00:00:00,0.8702988716459303
2017-12-06 00:00:00,0.8693264268942966
2017-12-07 00:00:00,0.8704766584190561
2017-12-08 00:00:00,0.8707778194332584
2017-12-11 00:00:00,0.8713973818889196
2017-12-12 00:00:00,0.8714862752754825
2017-12-13 00:00:00,0.8690279571303735
2017-12-14 00:00:00,0.8686923152616577
2017-12-15 00:00:00,0.8685689410205814
2017-12-18 00:00:00,0.8699314401729801
2017-12-19 00:00:00,0.8725675450912149
2017-12-20 00:00:00,0.8742484456850727
2017-12-21 00:00:00,0.8737005361887177
2017-12-22 00:00:00,0.8732587605061822
2017-12-26 00:00:00,0.8746212596585811
2017-12-27 00:00:00,0.8719506738858328
2017-12-28 00:00:00,0.8724641025276743
2017-12-29 00:00:00,0.8710671225207619
2018-01-02 00:00:00,0.8734909598113573
2018-01-03 00:00:00,0.8727307826873629
2018-01-04 00:00:00,0.8731380775153847
2018-01-05 00:00:00,0.8742883090401442
2018-01-08 00:00:00,0.8741649347990679
2018-01-09 00:00:00,0.8766949059034829
2018-01-10 00:00:00,0.8765715316624064
2018-01-11 00:00:00,0.8765542912351496
2018-01-12 00:00:00,0.8766431846217125
2018-01-16 00:00:00,0.8759891413115378
2018-01-17 00:00:00,0.876927105208658
2018-01-18 00:00:00,0.8786080058025159
2018-01-19 00:00:00,0.8803950402101934
2018-01-22 00:00:00,0.8810146026658546
2018-01-23 00:00:00,0.8787685521483849
2018-01-24 00:00:00,0.879706516045505
2018-01-25 00:00:00,0.8773543317142156
2018-01-26 00:00:00,0.8789290984942539
2018-01-29 00:00:00,0.8800793300190134
2018-01-30 00:00:00,0.8816540967990515
2018-01-31 00:00:00,0.8814245887441554
2018-02-01 00:00:00,0.8856527008696852
2018-02-02 00:00:00,0.8881826719741003
2018-02-05 00:00:00,0.8844507480631554
2018-02-06 00:00:00,0.8871929867952096
2018-02-07 00:00:00,0.889086155016707
2018-02-08 00:00:00,0.8897057174723682
2018-02-09 00:00:00,0.8918111533215046
2018-02-12 00:00:00,0.8915816452666084
2018-02-13 00:00:00,0.8908214681426142
2018-02-14 00:00:00,0.8935637068746685
2018-02-15 00:00:00,0.8926973959368545
2018-02-16 00:00:00,0.8908758806746634
2018-02-20 00:00:00,0.891707710757964
2018-02-21 00:00:00,0.8948744847452971
2018-02-22 00:00:00,0.8937959061798436
2018-02-23 00:00:00,0.891549855662374
2018-02-26 00:00:00,0.8911080799798384
2018-02-27 00:00:00,0.892895114387516
2018-02-28 00:00:00,0.8918165358220627
2018-03-01 00:00:00,0.8921176968362649
2018-03-02 00:00:00,0.893692463616303
2018-03-05 00:00:00,0.8942058922581446
2018-03-06 00:00:00,0.8938702503894288
2018-03-07 00:00:00,0.8940652775898112
2018-03-08 00:00:00,0.8930928328381775
2018-03-09 00:00:00,0.8941369305491175
2018-03-12 00:00:00,0.8932706196113033
2018-03-13 00:00:00,0.8930411115564072
2018-03-14 00:00:00,0.8912195962942161
2018-03-15 00:00:00,0.8910962220531398
2018-03-16 00:00:00,0.8918219183226206
2018-03-19 00:00:00,0.8924414807782818
2018-03-20 00:00:00,0.8934855784892216
2018-03-21 00:00:00,0.8934683380619648
2018-03-22 00:00:00,0.8920713580550526
2018-03-23 00:00:00,0.8918418500001565
2018-03-26 00:00:00,0.8923552786419979
2018-03-27 00:00:00,0.8894724252416103
2018-03-28 00:00:00,0.8895613186281731
2018-03-29 00:00:00,0.887421401924523
2018-04-02 00:00:00,0.8896329715874792
2018-04-03 00:00:00,0.8905709354845994
2018-04-04 00:00:00,0.8905536950573427
2018-04-05 00:00:00,0.8917039265821022
2018-04-06 00:00:00,0.8895640098784521
2018-04-09 00:00:00,0.888697698940638
2018-04-10 00:00:00,0.8901663319068566
2018-04-11 00:00:00,0.8895122885966817
2018-04-12 00:00:00,0.89108705537672
2018-04-13 00:00:00,0.8904330120665452
2018-04-16 00:00:00,0.8903096378254687
2018-04-17 00:00:00,0.889973995956753
2018-04-18 00:00:00,0.8927162346888075
2018-04-19 00:00:00,0.8947155367241243
2018-04-20 00:00:00,0.8968209725732608
2018-04-23 00:00:00,0.8972282674012826
2018-04-24 00:00:00,0.898696900367501
2018-04-25 00:00:00,0.8998471318922606
2018-04-26 00:00:00,0.8981317504438893
2018-04-27 00:00:00,0.8968409042507965
2018-04-30 00:00:00,0.8963991285682611
2018-05-01 00:00:00,0.8995659025555942
2018-05-02 00:00:00,0.8994425283145177
2018-05-03 00:00:00,0.8986823511905233
2018-05-04 00:00:00,0.8981344416941683
2018-05-07 00:00:00,0.89854173652219
2018-05-08 00:00:00,0.8991612989778514
2018-05-09 00:00:00,0.9000992628749716
2018-05-10 00:00:00,0.8983838814266002
2018-05-11 00:00:00,0.897517570488786
2018-05-14 00:00:00,0.8985616681997259
2018-05-15 00:00:00,0.9024713788837967
2018-05-16 00:00:00,0.9030909413394578
2018-05-17 00:00:00,0.9038166376089387
2018-05-18 00:00:00,0.901570587091469
2018-05-21 00:00:00,0.9015533466642122
2018-05-22 00:00:00,0.9013238386093161
2018-05-23 00:00:00,0.8987593866503875
2018-05-24 00:00:00,0.8970440052020161
2018-05-25 00:00:00,0.8952224899398251
2018-05-29 00:00:00,0.8893678897524867
2018-05-30 00:00:00,0.8918978608569019
2018-05-31 00:00:00,0.8921990218711041
2018-06-01 00:00:00,0.8955780634860766
2018-06-04 00:00:00,0.897365097893754
2018-06-05 00:00:00,0.8966049207697597
2018-06-06 00:00:00,0.8989226242465355
2018-06-07 00:00:00,0.8967827075428855
2018-06-08 00:00:00,0.8978268052538252
2018-06-11 00:00:00,0.8985525015233061
2018-06-12 00:00:00,0.8986413949098689
2018-06-13 00:00:00,0.8991548235517106
2018-06-14 00:00:00,0.8973333082895195
2018-06-15 00:00:00,0.897209934048443
2018-06-18 00:00:00,0.8971926936211863
2018-06-19 00:00:00,0.8957957136142739
2018-06-20 00:00:00,0.897688881835771
2018-06-21 00:00:00,0.8972471061532357
2018-06-22 00:00:00,0.8966991966568806
2018-06-25 00:00:00,0.8967880900434434
2018-06-26 00:00:00,0.895391110036531
2018-06-27 00:00:00,0.8933573271467007
2018-06-28 00:00:00,0.8939768896023619
2018-06-29 00:00:00,0.8941719168027444
2018-07-02 00:00:00,0.8965957540933399
2018-07-03 00:00:00,0.8948803726449684
2018-07-05 00:00:00,0.8936956602656954
2018-07-06 00:00:00,0.8927232155140618
2018-07-09 00:00:00,0.8934197462115049
2018-07-10 00:00:00,0.8935325659799368
2018-07-11 00:00:00,0.8939838450536639
2018-07-12 00:00:00,0.8946607636642547
2018-07-13 00:00:00,0.8954505020432775
2018-07-16 00:00:00,0.8942094845905276
2018-07-17 00:00:00,0.8938710252852322
2018-07-18 00:00:00,0.8934197462115049
2018-07-19 00:00:00,0.8951120427379821
2018-07-20 00:00:00,0.8930812869062095
2018-07-23 00:00:00,0.8902607926954142
2018-07-24 00:00:00,0.891614629916596
2018-07-25 00:00:00,0.891614629916596
2018-07-26 00:00:00,0.891614629916596
2018-07-27 00:00:00,0.8913889903797324
2018-07-30 00:00:00,0.890373612463846
2018-07-31 00:00:00,0.8910505310744369
2018-08-01 00:00:00,0.8873570758530206
2018-08-02 00:00:00,0.8874696846189917
2018-08-03 00:00:00,0.8855377293062939
2018-08-06 00:00:00,0.8847318616533079
2018-08-07 00:00:00,0.8862907780857172
2018-08-08 00:00:00,0.8864983893264718
2018-08-09 00:00:00,0.8847916515457165
2018-08-10 00:00:00,0.8829723049989897
2018-08-13 00:00:00,0.882842089941831
2018-08-14 00:00:00,0.8822443232883599
2018-08-15 00:00:00,0.8820215624442016
2018-08-16 00:00:00,0.8812056381788858
2018-08-17 00:00:00,0.8815388812035344
2018-08-20 00:00:00,0.882649691285696
2018-08-21 00:00:00,0.8822053672528314
2018-08-22 00:00:00,0.8827607722939121
2018-08-23 00:00:00,0.8827607722939121
2018-08-24 00:00:00,0.8832050963267769
2018-08-27 00:00:00,0.8820942862446151
2018-08-28 00:00:00,0.8807613141460212
2018-08-29 00:00:00,0.8802059091049402
2018-08-30 00:00:00,0.8808723951542372
2018-08-31 00:00:00,0.8810945571706695
2018-09-04 00:00:00,0.8776510459159683
2018-09-05 00:00:00,0.8778732079324006
2018-09-06 00:00:00,0.8792061800309948
2018-09-07 00:00:00,0.8758880672357714
2018-09-10 00:00:00,0.8763320606800679
2018-09-11 00:00:00,0.874445088541808
2018-09-12 00:00:00,0.8751110787082528
2018-09-13 00:00:00,0.8759817054531736
2018-09-14 00:00:00,0.8759817054531736
2018-09-17 00:00:00,0.8760755465125168
2018-09-18 00:00:00,0.8780601556003902
2018-09-19 00:00:00,0.8793774347958411
2018-09-20 00:00:00,0.8782478377190766
2018-09-21 00:00:00,0.8776743488859973
2018-09-24 00:00:00,0.8787691847839739
2018-09-25 00:00:00,0.8794191340870026
2018-09-26 00:00:00,0.8771773205228671
2018-09-27 00:00:00,0.8764926100410507
2018-09-28 00:00:00,0.8764752294516569
2018-10-01 00:00:00,0.8801281632705863
2018-10-02 00:00:00,0.8785536795988734
2018-10-03 00:00:00,0.8829851649589624
2018-10-04 00:00:00,0.88519221734431
2018-10-05 00:00:00,0.886731939837235
2018-10-08 00:00:00,0.8870482241940524
2018-10-09 00:00:00,0.8853625188736023
2018-10-10 00:00:00,0.8860124681766308
2018-10-11 00:00:00,0.8835482113150214
2018-10-12 00:00:00,0.8837532740231016
2018-10-15 00:00:00,0.8839583367311817
2018-10-16 00:00:00,0.8832736262493656
2018-10-17 00:00:00,0.8848133487422905
2018-10-18 00:00:00,0.885352076396582
2018-10-19 00:00:00,0.8857795824021363
2018-10-22 00:00:00,0.8860958667589536
2018-10-23 00:00:00,0.884855048033452
2018-10-24 00:00:00,0.8825020128205796
2018-10-25 00:00:00,0.8834856270698193
2018-10-26 00:00:00,0.8819111433981063
2018-10-29 00:00:00,0.8826723143498719
2018-10-30 00:00:00,0.8838783718965859
2018-10-31 00:00:00,0.885640537686985
2018-11-01 00:00:00,0.8861792653412764
2018-11-02 00:00:00,0.8893873125652576
2018-11-05 00:00:00,0.8887026020834413
2018-11-06 00:00:00,0.8887964431427845
2018-11-07 00:00:00,0.888000511012231
2018-11-08 00:00:00,0.8894290118564192
2018-11-09 00:00:00,0.8872984199410208
2018-11-12 00:00:00,0.8859463795667821
2018-11-13 00:00:00,0.8863738855723364
2018-11-14 00:00:00,0.8856891750905201
2018-11-15 00:00:00,0.8855605728523891
2018-11-16 00:00:00,0.883652424234465
2018-11-19 00:00:00,0.8836350436450711
2018-11-20 00:00:00,0.8841737712993625
2018-11-21 00:00:00,0.8832666175200721
2018-11-23 00:00:00,0.8833604585794153
2018-11-26 00:00:00,0.8840104078824438
2018-11-27 00:00:00,0.8834369190493644
2018-11-28 00:00:00,0.8829746518650222
2018-11-29 00:00:00,0.8822899413832059
2018-11-30 00:00:00,0.8819388958476008
2018-12-03 00:00:00,0.8827000667993665
2018-12-04 00:00:00,0.880569474883968
2018-12-06 00:00:00,0.8789949912122552
2018-12-07 00:00:00,0.8771980642430681
2018-12-10 00:00:00,0.8762909104637776
2018-12-11 00:00:00,0.8761623082256467
2018-12-12 00:00:00,0.8770347008261494
2018-12-13 00:00:00,0.876349990344333
2018-12-14 00:00:00,0.8753148871803355
2018-12-17 00:00:00,0.8766490391740053
2018-12-18 00:00:00,0.8779831911676755
2018-12-19 00:00:00,0.8795397018269572
2018-12-20 00:00:00,0.8783167291660928
2018-12-21 00:00:00,0.8783167291660928
2018-12-24 00:00:00,0.8763155011755879
2018-12-26 00:00:00,0.8744254525178888
2018-12-27 00:00:00,0.8763155011755879
2018-12-28 00:00:00,0.8784279084988988
2018-12-31 00:00:00,0.8806514951550153
2019-01-02 00:00:00,0.882430364479909
2019-01-03 00:00:00,0.8858769237968898
2019-01-04 00:00:00,0.8832086198095497
2019-01-07 00:00:00,0.8818744678158795
2019-01-08 00:00:00,0.8807626744878214
2019-01-09 00:00:00,0.8819856471486855
2019-01-10 00:00:00,0.8802067778237921
2019-01-11 00:00:00,0.8819856471486855
2019-01-14 00:00:00,0.8812073918190448
2019-01-15 00:00:00,0.8813185711518504
2019-01-16 00:00:00,0.881652109150268
2019-01-17 00:00:00,0.8806514951550153
2019-01-18 00:00:00,0.8799844191581806
2019-01-22 00:00:00,0.8815409298174621
2019-01-23 00:00:00,0.882430364479909
2019-01-24 00:00:00,0.884320413137608
2019-01-25 00:00:00,0.8833197991423556
2019-01-28 00:00:00,0.8836533371407731
2019-01-29 00:00:00,0.8854322064656663
2019-01-30 00:00:00,0.886321641128113
2019-01-31 00:00:00,0.8904352764419289
2019-02-01 00:00:00,0.8857657444640838
2019-02-04 00:00:00,0.8849874891344429
2019-02-05 00:00:00,0.8868775377921422
2019-02-06 00:00:00,0.8865439997937247
2019-02-07 00:00:00,0.8872110757905598
2019-02-08 00:00:00,0.8885452277842298
2019-02-11 00:00:00,0.8882116897858122
2019-02-12 00:00:00,0.8881005104530064
2019-02-13 00:00:00,0.8867663584593364
2019-02-14 00:00:00,0.8883228691186181
2019-02-15 00:00:00,0.8886564071170356
2019-02-19 00:00:00,0.8894346624466763
2019-02-20 00:00:00,0.8891011244482588
2019-02-21 00:00:00,0.8873222551233656
2019-02-22 00:00:00,0.8893234831138705
2019-02-25 00:00:00,0.888989945115453
2019-02-26 00:00:00,0.8902129177763172
2019-02-27 00:00:00,0.8884340484514239
2019-02-28 00:00:00,0.8874334344561713
2019-03-01 00:00:00,0.8826527231455205
2019-03-04 00:00:00,0.8842092338048022
2019-03-05 00:00:00,0.8848763098016372
2019-03-06 00:00:00,0.8859881031296954
2019-03-07 00:00:00,0.8885452277842298
2019-03-08 00:00:00,0.8896570211122881
2019-03-11 00:00:00,0.8892123037810648
2019-03-12 00:00:00,0.8913247111043757
2019-03-13 00:00:00,0.8908799937731523
2019-03-14 00:00:00,0.8901017384435115
2019-03-15 00:00:00,0.8917694284355989
2019-03-18 00:00:00,0.8912135317715696
2019-03-19 00:00:00,0.8907688144403464
2019-03-20 00:00:00,0.8946600910885506
2019-03-21 00:00:00,0.8948824497541623
2019-03-22 00:00:00,0.8997743403976189
2019-03-25 00:00:00,0.9008861337256773
2019-03-26 00:00:00,0.901108492391289
2019-03-27 00:00:00,0.9027761823833765
2019-03-28 00:00:00,0.9032208997145998
2019-03-29 00:00:00,0.9025538237177648
2019-04-01 00:00:00,0.8967724984118614
2019-04-02 00:00:00,0.8972172157430848
2019-04-03 00:00:00,0.8959942430822206
2019-04-04 00:00:00,0.8968836777446673
2019-04-05 00:00:00,0.8975507537415024
2019-04-08 00:00:00,0.8966613190790558
2019-04-09 00:00:00,0.8979954710727256
2019-04-10 00:00:00,0.8992184437335897
2019-04-11 00:00:00,0.897661933074308
2019-04-12 00:00:00,0.8959942430822206
2019-04-15 00:00:00,0.8962166017478324
2019-04-16 00:00:00,0.8946600910885506
2019-04-17 00:00:00,0.8946600910885506
2019-04-18 00:00:00,0.8958830637494148
2019-04-22 00:00:00,0.8949936290869682
2019-04-23 00:00:00,0.8965501397462499
2019-04-24 00:00:00,0.8988849057351722
2019-04-25 00:00:00,0.8986625470695607
2019-04-26 00:00:00,0.9006637750600658
2019-04-29 00:00:00,0.8987737264023665
2019-04-30 00:00:00,0.9001078783960363
2019-05-01 00:00:00,0.8979954710727256
2019-05-02 00:00:00,0.8959942430822206
2019-05-03 00:00:00,0.897661933074308
2019-05-06 00:00:00,0.8987737264023665
2019-05-07 00:00:00,0.9001078783960363
2019-05-08 00:00:00,0.8994408023992017
2019-05-09 00:00:00,0.9003302370616483
2019-05-10 00:00:00,0.9002190577288424
2019-05-13 00:00:00,0.9021091063865415
2019-05-14 00:00:00,0.9026650030505707
2019-05-15 00:00:00,0.9039991550442408
2019-05-16 00:00:00,0.9026650030505707
2019-05-17 00:00:00,0.9028873617161822
2019-05-20 00:00:00,0.9017755683881241
2019-05-21 00:00:00,0.9013308510569007
2019-05-22 00:00:00,0.9029985410489882
2019-05-23 00:00:00,0.9062227417003574
2019-05-24 00:00:00,0.9062227417003574
2019-05-28 00:00:00,0.9081127903580567
2019-05-29 00:00:00,0.907890431692445
2019-05-30 00:00:00,0.9103363770141732
2019-05-31 00:00:00,0.9143388329951834
2019-06-03 00:00:00,0.9147835503264068
2019-06-04 00:00:00,0.913227039667125
2019-06-05 00:00:00,0.913227039667125
2019-06-06 00:00:00,0.9130046810015133
2019-06-07 00:00:00,0.9154506263232417
2019-06-10 00:00:00,0.9135605776655426
2019-06-11 00:00:00,0.9128935016687074
2019-06-12 00:00:00,0.9144500123279892
2019-06-13 00:00:00,0.9160065229872709
2019-06-14 00:00:00,0.9161177023200767
2019-06-17 00:00:00,0.9161177023200767
2019-06-18 00:00:00,0.9182301096433876
2019-06-19 00:00:00,0.921343130961951
2019-06-20 00:00:00,0.9227884622884268
2019-06-21 00:00:00,0.9202313376338924
2019-06-24 00:00:00,0.9218990276259801
2019-06-25 00:00:00,0.9222325656243976
2019-06-26 00:00:00,0.9201201583010868
2019-06-27 00:00:00,0.9227884622884268
2019-06-28 00:00:00,0.9235667176180676
2019-07-01 00:00:00,0.921343130961951
2019-07-02 00:00:00,0.9231220002868442
2019-07-03 00:00:00,0.9247896902789318
2019-07-05 00:00:00,0.9204536962995044
2019-07-08 00:00:00,0.9203425169666983
2019-07-09 00:00:00,0.9191195443058342
2019-07-10 00:00:00,0.9198977996354749
2019-07-11 00:00:00,0.9168959576497175
2019-07-12 00:00:00,0.9176742129793585
2019-07-15 00:00:00,0.9190083649730283
2019-07-16 00:00:00,0.9177853923121642
2019-07-17 00:00:00,0.92056487563231
2019-07-18 00:00:00,0.9222325656243976
2019-07-19 00:00:00,0.9212319516291452
2019-07-22 00:00:00,0.9222325656243976
2019-07-23 00:00:00,0.9214543102947567
2019-07-24 00:00:00,0.9223437449572034
2019-07-25 00:00:00,0.921343130961951
2019-07-26 00:00:00,0.921343130961951
2019-07-29 00:00:00,0.9218990276259801
2019-07-30 00:00:00,0.9216766689603686
2019-07-31 00:00:00,0.9227884622884268
2019-08-01 00:00:00,0.9272356356006601
2019-08-02 00:00:00,0.928125070263107
2019-08-05 00:00:00,0.932127526244117
2019-08-06 00:00:00,0.9344622922330392
2019-08-07 00:00:00,0.9344622922330392
2019-08-08 00:00:00,0.9352405475626803
2019-08-09 00:00:00,0.9335728575705926
2019-08-12 00:00:00,0.9376864928844085
2019-08-13 00:00:00,0.9362411615579327
2019-08-14 00:00:00,0.9395765415421078
2019-08-15 00:00:00,0.9441348941871469
2019-08-16 00:00:00,0.9431342801918945
2019-08-19 00:00:00,0.9401324382061369
2019-08-20 00:00:00,0.9425783835278653
2019-08-21 00:00:00,0.9421336661966419
2019-08-22 00:00:00,0.9403547968717486
2019-08-23 00:00:00,0.9438013561887296
2019-08-26 00:00:00,0.9432454595247003
2019-08-27 00:00:00,0.9464696601760695
2019-08-28 00:00:00,0.946803198174487
2019-08-29 00:00:00,0.9462473015104579
2019-08-30 00:00:00,0.9461361221776519
2019-09-03 00:00:00,0.9449131495167877
2019-09-04 00:00:00,0.9466920188416813
2019-09-05 00:00:00,0.9418001281982245
2019-09-06 00:00:00,0.9429119215262828
2019-09-09 00:00:00,0.9385759275468554
2019-09-10 00:00:00,0.9337952162362043
2019-09-11 00:00:00,0.9332393195721751
2019-09-12 00:00:00,0.9314604502472819
2019-09-13 00:00:00,0.9261238422726018
2019-09-16 00:00:00,0.9285697875943302
2019-09-17 00:00:00,0.9306821949176409
2019-09-18 00:00:00,0.9313492709144761
2019-09-19 00:00:00,0.932683422908146
2019-09-20 00:00:00,0.936018802892321
2019-09-23 00:00:00,0.9366858788891561
2019-09-24 00:00:00,0.9399100795405254
2019-09-25 00:00:00,0.935462906228292
2019-09-26 00:00:00,0.9370194168875736
2019-09-27 00:00:00,0.9380200308828262
2019-09-30 00:00:00,0.9386871068796612
2019-10-01 00:00:00,0.9375753135516027
2019-10-02 00:00:00,0.9396877208749135
2019-10-03 00:00:00,0.942800742193477
2019-10-04 00:00:00,0.9443572528527586
2019-10-07 00:00:00,0.9419113075310304
2019-10-08 00:00:00,0.9423560248622538
2019-10-09 00:00:00,0.9412442315341952
2019-10-10 00:00:00,0.9383535688812437
2019-10-11 00:00:00,0.9349070095642626
2019-10-14 00:00:00,0.9364635202235444
2019-10-15 00:00:00,0.934017574901816
2019-10-16 00:00:00,0.9350181888970686
2019-10-17 00:00:00,0.9350181888970686
2019-10-18 00:00:00,0.935462906228292
2019-10-21 00:00:00,0.9332393195721751
2019-10-22 00:00:00,0.9349070095642626
2019-10-23 00:00:00,0.9353517268954861
2019-10-24 00:00:00,0.935462906228292
2019-10-25 00:00:00,0.9339063955690102
2019-10-28 00:00:00,0.9319051675785051
2019-10-29 00:00:00,0.932127526244117
2019-10-30 00:00:00,0.9351293682298744
2019-10-31 00:00:00,0.9395765415421078
2019-11-01 00:00:00,0.9366858788891561
2019-11-04 00:00:00,0.934017574901816
2019-11-05 00:00:00,0.9307933742504467
2019-11-06 00:00:00,0.9327946022409519
2019-11-07 00:00:00,0.9280138909303008
2019-11-08 00:00:00,0.9271244562678542
2019-11-11 00:00:00,0.9279973029738463
2019-11-12 00:00:00,0.9277749482828259
2019-11-13 00:00:00,0.9260888754552723
2019-11-14 00:00:00,0.9234022065181267
2019-11-15 00:00:00,0.923717325909757
2019-11-18 00:00:00,0.9223647851187341
2019-11-19 00:00:00,0.9213457763642415
2019-11-20 00:00:00,0.9182989205184269
2019-11-21 00:00:00,0.9186261831415624
2019-11-22 00:00:00,0.9180625252196597
2019-11-25 00:00:00,0.9171716046746211
2019-11-26 00:00:00,0.9156261588833113
2019-11-27 00:00:00,0.9170260767002218
2019-11-29 00:00:00,0.9170078564835449
2019-12-02 00:00:00,0.9213531379086758
2019-12-03 00:00:00,0.9164259783449652
2019-12-04 00:00:00,0.9169131388884423
2019-12-05 00:00:00,0.9173495563748242
2019-12-06 00:00:00,0.9161494082872738
2019-12-09 00:00:00,0.9169827911192687
2019-12-10 00:00:00,0.9181830303746604
2019-12-11 00:00:00,0.9151096818033924
2019-12-12 00:00:00,0.9194559940836364
2019-12-13 00:00:00,0.9152915189165576
2019-12-16 00:00:00,0.9177829159839238
2019-12-17 00:00:00,0.9176556092213443
2019-12-18 00:00:00,0.9188376543737375
2019-12-19 00:00:00,0.9181647843132528
2019-12-20 00:00:00,0.9179283648910923
2019-12-23 00:00:00,0.9205288746180393
2019-12-24 00:00:00,0.9196377792383925
2019-12-26 00:00:00,0.9187466838587456
2019-12-27 00:00:00,0.9174191378407743
2019-12-30 00:00:00,0.9177282817165192
2019-12-31 00:00:00,0.9186921015497503
2020-01-02 00:00:00,0.9174736681913603
2020-01-03 00:00:00,0.91418209430093
2020-01-06 00:00:00,0.9152550267937423
2020-01-07 00:00:00,0.9160006213078113
2020-01-08 00:00:00,0.9174008917793667
2020-01-09 00:00:00,0.9162915710805578
2020-01-10 00:00:00,0.9147457997434244
2020-01-13 00:00:00,0.9152731689383312
2020-01-14 00:00:00,0.9139456229203601
2020-01-15 00:00:00,0.9122512837859412
2020-01-16 00:00:00,0.9121431587078582
2020-01-17 00:00:00,0.9120350336297751
2020-01-21 00:00:00,0.9143056602695174
2020-01-22 00:00:00,0.9150625358160981
2020-01-23 00:00:00,0.9166844119873426
2020-01-24 00:00:00,0.918090038002421
2020-01-27 00:00:00,0.9211175401887439
2020-01-28 00:00:00,0.9194956640174995
2020-01-29 00:00:00,0.9220906658914907
2020-01-30 00:00:00,0.9223069160476566
2020-01-31 00:00:00,0.9246856677654817
2020-02-03 00:00:00,0.9218744157353248
2020-02-04 00:00:00,0.9190631637051677
2020-02-05 00:00:00,0.9175494126120062
2020-02-06 00:00:00,0.91841441323667
2020-02-07 00:00:00,0.9212256652668269
2020-02-10 00:00:00,0.9226312912819055
2020-02-11 00:00:00,0.9211175401887439
2020-02-12 00:00:00,0.9200362894079144
2020-02-13 00:00:00,0.920901290032578
2020-02-14 00:00:00,0.9218744157353248
2020-02-18 00:00:00,0.9232800417504031
2020-02-19 00:00:00,0.9231719166723201
2020-02-20 00:00:00,0.9254425433120623
2020-02-21 00:00:00,0.9277131699518046
2020-02-24 00:00:00,0.9306325470600445
2020-02-25 00:00:00,0.9313894226066252
2020-02-26 00:00:00,0.9308487972162106
2020-02-27 00:00:00,0.9319300479970399
2020-02-28 00:00:00,0.9380931774477689
2020-03-02 00:00:00,0.9356063006518608
2020-03-03 00:00:00,0.9412288047121746
2020-03-04 00:00:00,0.9410125545560087
2020-03-05 00:00:00,0.9445806821327465
2020-03-06 00:00:00,0.9510681868177241
2020-03-09 00:00:00,0.9490138103341478
2020-03-10 00:00:00,0.9362550511203586
2020-03-11 00:00:00,0.918522538314753
2020-03-12 00:00:00,0.9022632513230433
2020-03-13 00:00:00,0.924684531775801
2020-03-16 00:00:00,0.9344041016272426
2020-03-17 00:00:00,0.9150754115817621
2020-03-18 00:00:00,0.8929854801012125
2020-03-19 00:00:00,0.8924332318141988
2020-03-20 00:00:00,0.9075648348783754
2020-03-23 00:00:00,0.8966007624671821
2020-03-24 00:00:00,0.8870135383332919
2020-03-25 00:00:00,0.877412350506434
2020-03-26 00:00:00,0.874089521846902
2020-03-27 00:00:00,0.8701727943472178
2020-03-30 00:00:00,0.8702166933698191
2020-03-31 00:00:00,0.8772393812198404
2020-04-01 00:00:00,0.8709485252554596
2020-04-02 00:00:00,0.8718812483196369
2020-04-03 00:00:00,0.8712115785750274
2020-04-06 00:00:00,0.8712115785750274
2020-04-07 00:00:00,0.8718323908945231
2020-04-08 00:00:00,0.8735396247731362
2020-04-09 00:00:00,0.8809117710671472
2020-04-13 00:00:00,0.8787389279489124
2020-04-14 00:00:00,0.8787389279489124
2020-04-15 00:00:00,0.8820757941662015
2020-04-16 00:00:00,0.8824638018658865
2020-04-17 00:00:00,0.881532583386643
2020-04-20 00:00:00,0.8804461618275254
2020-04-21 00:00:00,0.881299778766832
2020-04-22 00:00:00,0.8807565679872732
2020-04-23 00:00:00,0.8818429895463907
2020-04-24 00:00:00,0.8816101849265797
2020-04-27 00:00:00,0.8792045371885341
2020-04-28 00:00:00,0.881222177226895
2020-04-29 00:00:00,0.8816877864665168
2020-04-30 00:00:00,0.8811445756869581
2020-05-01 00:00:00,0.879514943348282
2020-05-04 00:00:00,0.8802133572077147
2020-05-05 00:00:00,0.8795925448882189
2020-05-06 00:00:00,0.8765660848306775
2020-05-07 00:00:00,0.8787389279489124
2020-05-08 00:00:00,0.8767988894504883
2020-05-11 00:00:00,0.8747036478721906
2020-05-12 00:00:00,0.8768764909904253
2020-05-13 00:00:00,0.8776525063897951
2020-05-14 00:00:00,0.879514943348282
2020-05-15 00:00:00,0.8799029510479667
2020-05-18 00:00:00,0.8786613264089754
2020-05-19 00:00:00,0.879514943348282
2020-05-20 00:00:00,0.881299778766832
2020-05-21 00:00:00,0.8819981926262647
2020-05-22 00:00:00,0.8822309972460757
2020-05-26 00:00:00,0.8818429895463907
2020-05-27 00:00:00,0.8821533957061385
2020-05-28 00:00:00,0.8823862003259495
2020-05-29 00:00:00,0.8843262388243734
2020-06-01 00:00:00,0.8824638018658865
2020-06-02 00:00:00,0.8830070126454452
2020-06-03 00:00:00,0.8814549818467059
2020-06-04 00:00:00,0.8798253495080298
2020-06-05 00:00:00,0.8797477479680929
2020-06-08 00:00:00,0.8804461618275254
2020-06-09 00:00:00,0.8809117710671472
2020-06-10 00:00:00,0.8837830280448146
2020-06-11 00:00:00,0.8825414034058233
2020-06-12 00:00:00,0.883239817265256
2020-06-15 00:00:00,0.8846366449841213
2020-06-16 00:00:00,0.8837830280448146
2020-06-17 00:00:00,0.8839382311246887
2020-06-18 00:00:00,0.8847142465240583
2020-06-19 00:00:00,0.8849470511438691
2020-06-22 00:00:00,0.8847142465240583
2020-06-23 00:00:00,0.8844038403643104
2020-06-24 00:00:00,0.8844814419042473
2020-06-25 00:00:00,0.88517985576368
2020-06-26 00:00:00,0.8864214804026713
2020-06-29 00:00:00,0.8868870896422931
2020-06-30 00:00:00,0.8875855035017258
2020-07-01 00:00:00,0.8864990819426083
2020-07-02 00:00:00,0.8875855035017258
2020-07-06 00:00:00,0.8873526988819148
2020-07-07 00:00:00,0.8884391204410323
2020-07-08 00:00:00,0.8880511127413475
2020-07-09 00:00:00,0.8899135496998344
2020-07-10 00:00:00,0.8891375343004648
2020-07-13 00:00:00,0.8894479404602127
2020-07-14 00:00:00,0.8903015573995192
2020-07-15 00:00:00,0.8903791589394562
2020-07-16 00:00:00,0.890844768179078
2020-07-17 00:00:00,0.8915431820385105
2020-07-20 00:00:00,0.8922415958979433
2020-07-21 00:00:00,0.892629603597628
2020-07-22 00:00:00,0.8935608220768715
2020-07-23 00:00:00,0.8941816343963672
2020-07-24 00:00:00,0.8940264313164933
2020-07-27 00:00:00,0.8935608220768715
2020-07-28 00:00:00,0.8938712282366195
2020-07-29 00:00:00,0.8949576497957368
2020-07-30 00:00:00,0.8953456574954216
2020-07-31 00:00:00,0.8962768759746651
2020-08-03 00:00:00,0.8948024467158628
2020-08-04 00:00:00,0.8962768759746651
2020-08-05 00:00:00,0.8953456574954216
2020-08-06 00:00:00,0.896432079054539
2020-08-07 00:00:00,0.8956560636551694
2020-08-10 00:00:00,0.8948800482557998
2020-08-11 00:00:00,0.8924744005177541
2020-08-12 00:00:00,0.8906895650992039
2020-08-13 00:00:00,0.8884391204410323
2020-08-14 00:00:00,0.8876631050416626
2020-08-17 00:00:00,0.8885167219809692
2020-08-18 00:00:00,0.8894479404602127
2020-08-19 00:00:00,0.8882839173611583
2020-08-20 00:00:00,0.8894479404602127
2020-08-21 00:00:00,0.890922369719015
2020-08-24 00:00:00,0.8901463543196454
2020-08-25 00:00:00,0.8888271281407171
2020-08-26 00:00:00,0.8884391204410323
2020-08-27 00:00:00,0.8859558711630495
2020-08-28 00:00:00,0.8864990819426083
2020-08-31 00:00:00,0.8885167219809692
2020-09-01 00:00:00,0.8892151358404019
2020-09-02 00:00:00,0.8906895650992039
2020-09-03 00:00:00,0.890767166639141
2020-09-04 00:00:00,0.8867318865624191
2020-09-08 00:00:00,0.8877407065815996
2020-09-09 00:00:00,0.8872750973419778
2020-09-10 00:00:00,0.8874303004218517
2020-09-11 00:00:00,0.8881287142812844
2020-09-14 00:00:00,0.8881287142812844
2020-09-15 00:00:00,0.8885167219809692
2020-09-16 00:00:00,0.8883615189010952
2020-09-17 00:00:00,0.8883615189010952
2020-09-18 00:00:00,0.8875855035017258
2020-09-21 00:00:00,0.8884818633692294
2020-09-22 00:00:00,0.888280849372992
2020-09-23 00:00:00,0.8902733607269657
2020-09-24 00:00:00,0.8901552251204468
2020-09-25 00:00:00,0.8902381035101654
2020-09-28 00:00:00,0.8894164189168157
2020-09-29 00:00:00,0.8887957483197033
2020-09-30 00:00:00,0.8901852176849648
2020-10-01 00:00:00,0.8907706310652768
2020-10-02 00:00:00,0.8913560444455888
2020-10-05 00:00:00,0.8946551467751054
2020-10-06 00:00:00,0.893431434189281
2020-10-07 00:00:00,0.894619889558305
2020-10-08 00:00:00,0.8930946559781244
2020-10-09 00:00:00,0.8928760133734869
2020-10-12 00:00:00,0.8915517937895437
2020-10-13 00:00:00,0.8908306161943127
2020-10-14 00:00:00,0.890310452595319
2020-10-15 00:00:00,0.8907953589775124
2020-10-16 00:00:00,0.891481279355943
2020-10-19 00:00:00,0.8922677067324923
2020-10-20 00:00:00,0.8937576830958724
2020-10-21 00:00:00,0.8947451244686593
2020-10-22 00:00:00,0.8962351008320394
2020-10-23 00:00:00,0.8951118952443337
2020-10-26 00:00:00,0.8937876756603905
2020-10-27 00:00:00,0.8916594000914977
2020-10-28 00:00:00,0.8928478554605219
2020-10-29 00:00:00,0.8947398598163767
2020-10-30 00:00:00,0.896229836179757
2020-11-02 00:00:00,0.8965137285657129
2020-11-03 00:00:00,0.8966971139535501
2020-11-04 00:00:00,0.8906490654580285
2020-11-05 00:00:00,0.8897268738665601
2020-11-06 00:00:00,0.8917193852205337
2020-11-09 00:00:00,0.8958225435349998
2020-11-10 00:00:00,0.8975135338946174
2020-11-11 00:00:00,0.8968928632975051
2020-11-12 00:00:00,0.8939605317436627
2020-11-13 00:00:00,0.8936413821409066
2020-11-16 00:00:00,0.8931212185419128
2020-11-17 00:00:00,0.8915959849617324
2020-11-18 00:00:00,0.8905732863721453
2020-11-19 00:00:00,0.8887465317976088
2020-11-20 00:00:00,0.887924847204259
2020-11-23 00:00:00,0.8886107675826895
2020-11-24 00:00:00,0.8894977019573577
2020-11-25 00:00:00,0.8898821013414322
2020-11-27 00:00:00,0.8879548397687769
2020-11-30 00:00:00,0.8867311271829525
2020-12-01 00:00:00,0.8908342854974186
2020-12-02 00:00:00,0.8923242618607987
2020-12-03 00:00:00,0.8905980142843809
2020-12-04 00:00:00,0.8928920466327105
2020-12-07 00:00:00,0.8916683340468862
2020-12-08 00:00:00,0.8913491844441299
2020-12-09 00:00:00,0.8928391608075099
2020-12-10 00:00:00,0.8910124062329734
2020-12-11 00:00:00,0.8895876796509116
2020-12-14 00:00:00,0.8898715720368675
2020-12-15 00:00:00,0.8894519154359924
2020-12-16 00:00:00,0.8903388498106606
2020-12-17 00:00:00,0.890120207206023
2020-12-18 00:00:00,0.8904040995919789
2020-12-21 00:00:00,0.89028596398546
2020-12-22 00:00:00,0.8888612374033982
2020-12-23 00:00:00,0.892763381721627
2020-12-24 00:00:00,0.8912381481414463
2020-12-28 00:00:00,0.8915220405274021
2020-12-29 00:00:00,0.8912028909246459
2020-12-30 00:00:00,0.8905822203275336
2020-12-31 00:00:00,0.8893585077417092
2021-01-04 00:00:00,0.8905469631107333
2021-01-05 00:00:00,0.8906754716775976
2021-01-06 00:00:00,0.8899129505843287
2021-01-07 00:00:00,0.8878282992509149
2021-01-08 00:00:00,0.8890474249622103
2021-01-11 00:00:00,0.8899441536048237
2021-01-12 00:00:00,0.8901297255825149
2021-01-13 00:00:00,0.8877754523283404
2021-01-14 00:00:00,0.8888753685895031
2021-01-15 00:00:00,0.8881465962837227
2021-01-19 00:00:00,0.886909854931569
2021-01-20 00:00:00,0.8869938330999856
2021-01-21 00:00:00,0.8881953431704228
2021-01-22 00:00:00,0.8877713522924662
2021-01-25 00:00:00,0.8857218604661157
2021-01-26 00:00:00,0.885805838634532
2021-01-27 00:00:00,0.8857882229936739
2021-01-28 00:00:00,0.8864817640177381
2021-01-29 00:00:00,0.8871753050418023
2021-02-01 00:00:00,0.888275221302965
2021-02-02 00:00:00,0.8893751375641278
2021-02-03 00:00:00,0.8908814290623888
2021-02-04 00:00:00,0.8906606258029814
2021-02-05 00:00:00,0.8918621358734187
2021-02-08 00:00:00,0.8908285821398143
2021-02-09 00:00:00,0.8912173417360547
2021-02-10 00:00:00,0.8897774127653518
2021-02-11 00:00:00,0.8906741414079654
2021-02-12 00:00:00,0.8929931833804233
2021-02-16 00:00:00,0.8971409139198246
2021-02-17 00:00:00,0.8952946097120235
2021-02-18 00:00:00,0.8957849631175383
2021-02-19 00:00:00,0.8988151617549187
2021-02-22 00:00:00,0.9012357975366516
2021-02-23 00:00:00,0.9014213695143426
2021-02-24 00:00:00,0.9019117229198576
2021-02-25 00:00:00,0.909513642974596
2021-02-26 00:00:00,0.9019780854474159
2021-03-01 00:00:00,0.9043987212291487
2021-03-02 00:00:00,0.9044826993975651
2021-03-03 00:00:00,0.9072081166071218
2021-03-04 00:00:00,0.9099335338166783
2021-03-05 00:00:00,0.9104238872221934
2021-03-08 00:00:00,0.9143684301430455
2021-03-09 00:00:00,0.9115061878424979
2021-03-10 00:00:00,0.9098630712532457
2021-03-11 00:00:00,0.9097438618031131
2021-03-12 00:00:00,0.9149075304352605
2021-03-15 00:00:00,0.9138739767016562
2021-03-16 00:00:00,0.9139579548700727
2021-03-17 00:00:00,0.9142451206570383
2021-03-18 00:00:00,0.9177832883407919
2021-03-19 00:00:00,0.9170545160350114
2021-03-22 00:00:00,0.9145986489715623
2021-03-23 00:00:00,0.9126507509544864
2021-03-24 00:00:00,0.9113124157930582
2021-03-25 00:00:00,0.9119043630078477
2021-03-26 00:00:00,0.9134106545061088
2021-03-29 00:00:00,0.9145105707672716
2021-03-30 00:00:00,0.9135786108429418
2021-03-31 00:00:00,0.9139673704391822
2021-04-01 00:00:00,0.9131370043241271
2021-04-05 00:00:00,0.9144401082038389
2021-04-06 00:00:00,0.9113746782847423
2021-04-07 00:00:00,0.9123730007366302
2021-04-08 00:00:00,0.9104251027195543
2021-04-09 00:00:00,0.9115250189807169
2021-04-12 00:00:00,0.911710590958408
2021-04-13 00:00:00,0.9094579115135082
2021-04-14 00:00:00,0.9100498587282978
2021-04-15 00:00:00,0.9063748659535533
2021-04-16 00:00:00,0.9086939079260115
2021-04-19 00:00:00,0.9092350582361637
2021-04-20 00:00:00,0.9077443323608235
2021-04-21 00:00:00,0.9068123724364937
2021-04-22 00:00:00,0.9063883815585372
2021-04-23 00:00:00,0.9062691721084044
2021-04-26 00:00:00,0.906861119323194
2021-04-27 00:00:00,0.9090785674863775
2021-04-28 00:00:00,0.9086545766084209
2021-04-29 00:00:00,0.909348117632485
2021-04-30 00:00:00,0.9081113762803313
2021-05-03 00:00:00,0.909211292541494
2021-05-04 00:00:00,0.908076144998615
2021-05-05 00:00:00,0.9075505603113839
2021-05-06 00:00:00,0.9071265694334273
2021-05-07 00:00:00,0.9070073599832944
2021-05-10 00:00:00,0.9090216205279288
2021-05-11 00:00:00,0.9107310996447392
2021-05-12 00:00:00,0.9137612982821196
2021-05-13 00:00:00,0.912016587883593
2021-05-14 00:00:00,0.9099670960572424
2021-05-17 00:00:00,0.9107622308905811
2021-05-18 00:00:00,0.9116589595331946
2021-05-19 00:00:00,0.912555688175808
2021-05-20 00:00:00,0.9096934458752605
2021-05-21 00:00:00,0.9094726426158531
2021-05-24 00:00:00,0.9084390888822487
2021-05-25 00:00:00,0.9061864094373488
2021-05-26 00:00:00,0.9064735752243146
2021-05-27 00:00:00,0.9076750852947519
2021-05-28 00:00:00,0.9077590634631683
2021-06-01 00:00:00,0.9091637611521548
2021-06-02 00:00:00,0.9082318012278252
2021-06-03 00:00:00,0.909839686535361
2021-06-04 00:00:00,0.9063678813791657
2021-06-07 00:00:00,0.9069598285939553
2021-06-08 00:00:00,0.9053167120047032
2021-06-09 00:00:00,0.9035720016061765
2021-06-10 00:00:00,0.901725697398375
2021-06-11 00:00:00,0.9015561380563659
2021-06-14 00:00:00,0.8998741303361114
2021-06-15 00:00:00,0.8998741303361114
2021-06-16 00:00:00,0.8973511187557298
2021-06-17 00:00:00,0.900399757748691
2021-06-18 00:00:00,0.9032381457766203
2021-06-21 00:00:00,0.9000843813011433
2021-06-22 00:00:00,0.901345887091334
2021-06-23 00:00:00,0.9007151341962387
2021-06-24 00:00:00,0.9011356361263022
2021-06-25 00:00:00,0.8994536284060478
2021-06-28 00:00:00,0.9018715145039137
2021-06-29 00:00:00,0.9022920164339772
2021-06-30 00:00:00,0.9029227693290726
2021-07-01 00:00:00,0.90145101257385
2021-07-02 00:00:00,0.9030278948115885
2021-07-06 00:00:00,0.9062867847695812
2021-07-07 00:00:00,0.9081790434548676
2021-07-08 00:00:00,0.9090200473149948
2021-07-09 00:00:00,0.9061816592870655
2021-07-12 00:00:00,0.9058662828395178
2021-07-13 00:00:00,0.9030278948115885
2021-07-14 00:00:00,0.9060765338045497
2021-07-15 00:00:00,0.9082841689373835
2021-07-16 00:00:00,0.9074431650772563
2021-07-19 00:00:00,0.9125943137205356
2021-07-20 00:00:00,0.9116481843778924
2021-07-21 00:00:00,0.908704670867447
2021-07-22 00:00:00,0.9107020550352493
2021-07-23 00:00:00,0.9096508002100901
2021-07-26 00:00:00,0.9091251727975107
2021-07-27 00:00:00,0.9114379334128605
2021-07-28 00:00:00,0.9122789372729877
2021-07-29 00:00:00,0.9107020550352493
2021-07-30 00:00:00,0.9120686863079561
2021-08-02 00:00:00,0.9128045646855671
2021-08-03 00:00:00,0.913014815650599
2021-08-04 00:00:00,0.913014815650599
2021-08-05 00:00:00,0.9109123060002811
2021-08-06 00:00:00,0.906602161217129
2021-08-09 00:00:00,0.9049201534968746
2021-08-10 00:00:00,0.903553522224168
2021-08-11 00:00:00,0.9041842751192635
2021-08-12 00:00:00,0.9042894006017792
2021-08-13 00:00:00,0.90786366700732
2021-08-16 00:00:00,0.908704670867447
2021-08-17 00:00:00,0.9077585415248041
2021-08-18 00:00:00,0.9075482905597722
2021-08-19 00:00:00,0.9095456747275742
2021-08-20 00:00:00,0.9093354237625426
2021-08-23 00:00:00,0.9095456747275742
2021-08-24 00:00:00,0.9077585415248041
2021-08-25 00:00:00,0.9062867847695812
2021-08-26 00:00:00,0.9063919102520972
2021-08-27 00:00:00,0.9090200473149948
2021-08-30 00:00:00,0.9100713021401536
2021-08-31 00:00:00,0.9089149218324789
2021-09-01 00:00:00,0.9076534160422881
2021-09-02 00:00:00,0.9089149218324789
2021-09-03 00:00:00,0.9070226631471927
2021-09-07 00:00:00,0.9043945260842952
2021-09-08 00:00:00,0.9058662828395178
2021-09-09 00:00:00,0.9091251727975107
2021-09-10 00:00:00,0.9069175376646769
2021-09-13 00:00:00,0.9082841689373835
2021-09-14 00:00:00,0.9104918040702173
2021-09-15 00:00:00,0.9096508002100901
2021-09-16 00:00:00,0.9079687924898359
2021-09-17 00:00:00,0.9068124121821609
2021-09-20 00:00:00,0.9093354237625426
2021-09-21 00:00:00,0.9091251727975107
2021-09-22 00:00:00,0.9100713021401536
2021-09-23 00:00:00,0.9052355299444224
2021-09-24 00:00:00,0.9033432712591363
2021-09-27 00:00:00,0.9022920164339772
2021-09-28 00:00:00,0.8984023735808888
2021-09-29 00:00:00,0.8985074990634048
2021-09-30 00:00:00,0.898297248098373
2021-10-01 00:00:00,0.8999792558186273
2021-10-04 00:00:00,0.899348502923532
2021-10-05 00:00:00,0.8984622530557298
2021-10-06 00:00:00,0.898251741749953
2021-10-07 00:00:00,0.9007600507872704
2021-10-08 00:00:00,0.9029525928659226
2021-10-11 00:00:00,0.9043030897214672
2021-10-12 00:00:00,0.9010223378499205
2021-10-13 00:00:00,0.8985836312014813
2021-10-14 00:00:00,0.8969869697761498
2021-10-15 00:00:00,0.8991795118548018
2021-10-18 00:00:00,0.8996879634872389
2021-10-19 00:00:00,0.9021962725245565
2021-10-20 00:00:00,0.9032310024214357
2021-10-21 00:00:00,0.904476243624092
2021-10-22 00:00:00,0.902563815240095
2021-10-25 00:00:00,0.9021249659965361
2021-10-26 00:00:00,0.9003177932654276
2021-10-27 00:00:00,0.8970370413938809
2021-10-28 00:00:00,0.8981770269436486
2021-10-29 00:00:00,0.8979486890058668
2021-11-01 00:00:00,0.9000359754316304
2021-11-02 00:00:00,0.8983340583534103
2021-11-03 00:00:00,0.8998950665147318
2021-11-04 00:00:00,0.8957722694200776
2021-11-05 00:00:00,0.8930177958129729
2021-11-08 00:00:00,0.8949998265858483
2021-11-09 00:00:00,0.8924558642845205
2021-11-10 00:00:00,0.8985428655200451
2021-11-11 00:00:00,0.8999986180284782
2021-11-12 00:00:00,0.8998755357435847
2021-11-15 00:00:00,0.9035416569626751
2021-11-16 00:00:00,0.9041553642480007
2021-11-17 00:00:00,0.9022429358640036
2021-11-18 00:00:00,0.9011725527031141
2021-11-19 00:00:00,0.8992601243191172
2021-11-22 00:00:00,0.9036630351084266
2021-11-23 00:00:00,0.9072239006746285
2021-11-24 00:00:00,0.9051009609848546
2021-11-26 00:00:00,0.8987677951795431
2021-11-29 00:00:00,0.8988552242004264
2021-11-30 00:00:00,0.8971533071222063
2021-12-01 00:00:00,0.8979775257133088
2021-12-02 00:00:00,0.8978544434284154
2021-12-03 00:00:00,0.8943631802510915
2021-12-06 00:00:00,0.8967662336355205
2021-12-07 00:00:00,0.898748264408396
2021-12-08 00:00:00,0.9014670847514904
2021-12-09 00:00:00,0.9010282355079315
2021-12-10 00:00:00,0.9006946419172612
2021-12-13 00:00:00,0.8976244013514914
2021-12-14 00:00:00,0.8990801538599245
2021-12-15 00:00:00,0.9002201394096921
2021-12-16 00:00:00,0.8990445005959142
2021-12-17 00:00:00,0.8974478391705826
2021-12-20 00:00:00,0.8989035916790157
2021-12-21 00:00:00,0.8998330659230066
2021-12-22 00:00:00,0.8988679384150055
2021-12-23 00:00:00,0.9030603378985381
2021-12-27 00:00:00,0.9026214886549793
2021-12-28 00:00:00,0.9027089176758626
2021-12-29 00:00:00,0.9056382493247339
2021-12-30 00:00:00,0.9036205652878485
2021-12-31 00:00:00,0.9038132499616203
2022-01-03 00:00:00,0.9097949955442562
2022-01-04 00:00:00,0.9098824245651397
2022-01-05 00:00:00,0.9129170118668993
2022-01-06 00:00:00,0.9138464861108903
2022-01-07 00:00:00,0.9162495394953193
2022-01-10 00:00:00,0.9169685024335333
2022-01-11 00:00:00,0.9151613297024248
2022-01-12 00:00:00,0.915459270029085
2022-01-13 00:00:00,0.9139678642566418
2022-01-14 00:00:00,0.918791797657505
2022-01-18 00:00:00,0.9242472649756988
2022-01-19 00:00:00,0.9221243252859249
2022-01-20 00:00:00,0.9211591977779239
2022-01-21 00:00:00,0.9178784459063771
2022-01-24 00:00:00,0.9192289427619218
2022-01-25 00:00:00,0.9203689283116895
2022-01-26 00:00:00,0.9251928617125528
2022-01-27 00:00:00,0.9223331324525599
2022-01-28 00:00:00,0.9212627492916703
2022-01-31 00:00:00,0.9218764565769959
2022-02-01 00:00:00,0.9236479760440943
2022-02-02 00:00:00,0.9223670815774279
2022-02-03 00:00:00,0.9260332027965184
2022-02-04 00:00:00,0.9313834144618237
2022-02-07 00:00:00,0.9306287982595995
2022-02-08 00:00:00,0.9334528742555823
2022-02-09 00:00:00,0.9328035137062466
2022-02-10 00:00:00,0.9406798610408746
2022-02-11 00:00:00,0.9350834848057822
2022-02-14 00:00:00,0.9399074182066454
2022-02-15 00:00:00,0.9416789376737438
2022-02-16 00:00:00,0.9405032988599659
2022-02-17 00:00:00,0.9385908704759689
2022-02-18 00:00:00,0.9370994647035256
2022-02-22 00:00:00,0.9376079163359627
2022-02-23 00:00:00,0.9419055714723839
2022-02-24 00:00:00,0.9399931430883868
2022-02-25 00:00:00,0.9392385268861626
2022-02-28 00:00:00,0.9329053610808511
2022-03-01 00:00:00,0.9297298648621928
2022-03-02 00:00:00,0.9403428591719203
2022-03-03 00:00:00,0.9365358290359314
2022-03-04 00:00:00,0.9334655884701614
2022-03-07 00:00:00,0.937657987953694
2022-03-08 00:00:00,0.9416398761314496
2022-03-09 00:00:00,0.9439376738629902
2022-03-10 00:00:00,0.9484458403051881
2022-03-11 00:00:00,0.9490595475905137
2022-03-14 00:00:00,0.9568306392722533
2022-03-15 00:00:00,0.9554444891526984
2022-03-16 00:00:00,0.9541635946860321
2022-03-17 00:00:00,0.9534089784838079
2022-03-18 00:00:00,0.9509702718353686
2022-03-21 00:00:00,0.9595834087402157
2022-03-22 00:00:00,0.9616706951659795
2022-03-23 00:00:00,0.9578636650299905
2022-03-24 00:00:00,0.9588983949268699
2022-03-25 00:00:00,0.9662484639970557
2022-03-28 00:00:00,0.9638097573486164
2022-03-29 00:00:00,0.960107982865516
2022-03-30 00:00:00,0.9581955544815189
2022-03-31 00:00:00,0.9575461939321832
2022-04-01 00:00:00,0.9614228264570505
2022-04-04 00:00:00,0.9607734659077147
2022-04-05 00:00:00,0.9691760915067849
2022-04-06 00:00:00,0.9716844005441024
2022-04-07 00:00:00,0.9733506643583124
2022-04-08 00:00:00,0.9777535751476218
2022-04-11 00:00:00,0.9815249520196007
2022-04-12 00:00:00,0.9788757340653845
2022-04-13 00:00:00,0.9779106065573835
2022-04-14 00:00:00,0.9834713295284658
2022-04-18 00:00:00,0.9860848942186717
2022-04-19 00:00:00,0.9911193389253118
2022-04-20 00:00:00,0.9860492409546615
2022-04-21 00:00:00,0.9903468960910825
2022-04-22 00:00:00,0.991381625987962
2022-04-25 00:00:00,0.9863115280173117
2022-04-26 00:00:00,0.9841885883275378
2022-04-27 00:00:00,0.9866968973648553
2022-04-28 00:00:00,0.9869948376915156
2022-04-29 00:00:00,0.9924503050097094
2022-05-02 00:00:00,0.9980110279807917
2022-05-03 00:00:00,0.9960985995967946
2022-05-04 00:00:00,0.990923245973256
2022-05-05 00:00:00,0.9989048489607725
2022-05-06 00:00:00,1.0022552032211975
2022-05-09 00:00:00,0.9986586843909854
2022-05-10 00:00:00,0.9963252333954347
2022-05-11 00:00:00,0.9935707597883301
2022-05-12 00:00:00,0.9919740983629984
2022-05-13 00:00:00,0.9949034300118696
2022-05-16 00:00:00,0.9936225355452033
2022-05-17 00:00:00,0.998341213293178
2022-05-18 00:00:00,0.9949552057687429
2022-05-19 00:00:00,0.9932532886905228
2022-05-20 00:00:00,0.9908145820420836
2022-05-23 00:00:00,0.9936386580380664
2022-05-24 00:00:00,0.987094980926978
2022-05-25 00:00:00,0.9838142290554313
2022-05-26 00:00:00,0.9846384476465336
2022-05-27 00:00:00,0.9823049966509829
2022-05-31 00:00:00,0.9869184187460692
2022-06-01 00:00:00,0.9920581191055978
2022-06-02 00:00:00,0.9913035029033735
2022-06-03 00:00:00,0.9924434884531413
2022-06-06 00:00:00,0.9971621662011161
2022-06-07 00:00:00,0.9944076925940116
2022-06-08 00:00:00,0.9976527912015482
2022-06-09 00:00:00,0.9986875210984275
2022-06-10 00:00:00,1.0054060562512828
2022-06-13 00:00:00,1.0181241636187788
2022-06-14 00:00:00,1.0223165631023114
2022-06-15 00:00:00,1.0134572616276774
2022-06-16 00:00:00,1.0117553445494574
2022-06-17 00:00:00,1.0113164953058984
2022-06-21 00:00:00,1.0148773608721002
2022-06-22 00:00:00,1.0084389394139004
2022-06-23 00:00:00,1.0046319092779115
2022-06-24 00:00:00,1.0060876617863446
2022-06-27 00:00:00,1.0098590386583233
2022-06-28 00:00:00,1.0094201894147645
2022-06-29 00:00:00,1.0048763697085565
2022-06-30 00:00:00,1.0014903621841211
2022-07-01 00:00:00,0.9967360311721364
2022-07-05 00:00:00,0.9953498810525816
2022-07-06 00:00:00,1.0001738144534449
2022-07-07 00:00:00,1.0023663565320968
2022-07-08 00:00:00,1.004979921222303
2022-07-11 00:00:00,1.0020149363094215
2022-07-12 00:00:00,1.0006287861898666
2022-07-13 00:00:00,0.998084823888539
2022-07-14 00:00:00,1.0005931329258566
2022-07-15 00:00:00,0.9977334036658636
2022-07-18 00:00:00,1.0001364570502926
2022-07-19 00:00:00,1.0007501643356183
2022-07-20 00:00:00,1.0014691272738323
2022-07-21 00:00:00,0.9949254501627438
2022-07-22 00:00:00,0.9883817730516553
2022-07-25 00:00:00,0.9913111047005266
2022-07-26 00:00:00,0.9910827667627448
2022-07-27 00:00:00,0.9888545714200824
2022-07-28 00:00:00,0.98325819518499
2022-07-29 00:00:00,0.9838719024703155
2022-08-01 00:00:00,0.9834946909370881
2022-08-02 00:00:00,0.9734160710662837
2022-08-03 00:00:00,0.9782640148016074
2022-08-04 00:00:00,0.9806879866692692
2022-08-05 00:00:00,0.9695887470647125
2022-08-08 00:00:00,0.97392638093316
2022-08-09 00:00:00,0.9717575639989362
2022-08-10 00:00:00,0.974436690800036
2022-08-11 00:00:00,0.9689508597311174
2022-08-12 00:00:00,0.9734160710662837
2022-08-15 00:00:00,0.974436690800036
2022-08-16 00:00:00,0.9731609161328457
2022-08-17 00:00:00,0.9674199301304889
2022-08-18 00:00:00,0.9692060146645555
2022-08-19 00:00:00,0.9631992082525429
2022-08-22 00:00:00,0.9608976569783434
2022-08-23 00:00:00,0.9605140650993101
2022-08-24 00:00:00,0.9580846498654327
2022-08-25 00:00:00,0.9583386899805204
2022-08-26 00:00:00,0.9588482413243888
2022-08-29 00:00:00,0.9631604130907233
2022-08-30 00:00:00,0.9623770714183734
2022-08-31 00:00:00,0.9663070796768064
2022-09-01 00:00:00,0.9734217838344168
2022-09-02 00:00:00,0.9709824002944946
2022-09-06 00:00:00,0.9794983706477433
2022-09-07 00:00:00,0.9727278006849396
2022-09-08 00:00:00,0.9756387062556358
2022-09-09 00:00:00,0.9760018551069899
2022-09-12 00:00:00,0.9771293309741467
2022-09-13 00:00:00,0.981823666248382
2022-09-14 00:00:00,0.9806581610681311
2022-09-15 00:00:00,0.98344167880286
2022-09-16 00:00:00,0.9844417668340497
2022-09-19 00:00:00,0.985059691357338
2022-09-20 00:00:00,0.9896266387956064
2022-09-21 00:00:00,0.9870598674197172
2022-09-22 00:00:00,0.9965949404607026
2022-09-23 00:00:00,0.9991236825234975
2022-09-26 00:00:00,1.0108243487759239
2022-09-27 00:00:00,1.014754357034357
2022-09-28 00:00:00,1.000722680421428
2022-09-29 00:00:00,1.0054170156956639
2022-09-30 00:00:00,1.0075635942505572
2022-10-03 00:00:00,1.0019395148114576
2022-10-04 00:00:00,0.9996275191075024
2022-10-05 00:00:00,1.0044492422177052
2022-10-06 00:00:00,1.0078696991322698
2022-10-07 00:00:00,1.0125640344065052
2022-10-10 00:00:00,1.0166214305009054
2022-10-11 00:00:00,1.0163476401724238
2022-10-12 00:00:00,1.01530952282814
2022-10-13 00:00:00,1.0184752040707703
2022-10-14 00:00:00,1.0227873758371044
2022-10-17 00:00:00,1.0208575436410507
2022-10-18 00:00:00,1.0188003236090297
2022-10-19 00:00:00,1.0261698034385747
2022-10-20 00:00:00,1.0321380170724814
2022-10-21 00:00:00,1.0305903483843288
2022-10-24 00:00:00,1.0318452120874526
2022-10-25 00:00:00,1.0234186002570764
2022-10-26 00:00:00,1.0198327261934503
2022-10-27 00:00:00,1.0151003616061203
2022-10-28 00:00:00,1.0168647766531127
2022-10-31 00:00:00,1.0196482943878415
2022-11-01 00:00:00,1.0207757702549982
2022-11-02 00:00:00,1.022158021794089
2022-11-03 00:00:00,1.0255784787086537
2022-11-04 00:00:00,1.0253046883801722
2022-11-07 00:00:00,1.0287251452947368
2022-11-08 00:00:00,1.0247571077232094
2022-11-09 00:00:00,1.023464214706991
2022-11-10 00:00:00,1.004973963835214
2022-11-11 00:00:00,1.0049549491786667
2022-11-14 00:00:00,1.0078658547493626
2022-11-15 00:00:00,1.0014774482944602
2022-11-16 00:00:00,0.9962355323632619
2022-11-17 00:00:00,1.0000381527857276
2022-11-18 00:00:00,1.0015477921607858
2022-11-21 00:00:00,1.0015287775042385
2022-11-22 00:00:00,0.9967964129169085
2022-11-23 00:00:00,0.9911723334778086
2022-11-25 00:00:00,0.9911533188212613
2022-11-28 00:00:00,0.9922807946884181
2022-11-29 00:00:00,0.9957012516029827
2022-11-30 00:00:00,0.9885485181322776
2022-12-01 00:00:00,0.9829244386931779
2022-12-02 00:00:00,0.9790837889576176
2022-12-05 00:00:00,0.9864532687871623
2022-12-06 00:00:00,0.9840127132791493
2022-12-07 00:00:00,0.9882980163309909
2022-12-08 00:00:00,0.9854857862032199
2022-12-09 00:00:00,0.9797274102273076
2022-12-12 00:00:00,0.9797274102273076
2022-12-13 00:00:00,0.9864231962458102
2022-12-14 00:00:00,0.9888336792124711
2022-12-15 00:00:00,0.9893693420939513
2022-12-16 00:00:00,0.9868249434069204
2022-12-19 00:00:00,0.980932651710638
2022-12-20 00:00:00,0.9745046971328755
2022-12-21 00:00:00,0.9767812643791665
2022-12-22 00:00:00,0.9766473486587964
2022-12-23 00:00:00,0.9712907198439942
2022-12-27 00:00:00,0.9640985009007161
2022-12-28 00:00:00,0.9607565066518923
2022-12-29 00:00:00,0.964365860440622
2022-12-30 00:00:00,0.9603554673420334
2023-01-03 00:00:00,0.9654352986002457
2023-01-04 00:00:00,0.9709161691683167
2023-01-05 00:00:00,0.9698467310086932
2023-01-06 00:00:00,0.9805411126049295
2023-01-09 00:00:00,0.9832147080039888
2023-01-10 00:00:00,0.9793379946753531
2023-01-11 00:00:00,0.9845515057035183
2023-01-12 00:00:00,0.9921712525908368
2023-01-13 00:00:00,0.988829258342013
2023-01-17 00:00:00,0.9874924606424833
2023-01-18 00:00:00,0.9965826849992844
2023-01-19 00:00:00,0.99457748844999
2023-01-20 00:00:00,0.9901660560415423
2023-01-23 00:00:00,0.9877598201823893
2023-01-24 00:00:00,0.9921712525908368
2023-01-25 00:00:00,0.9933743705204134
2023-01-26 00:00:00,0.991502853741072
2023-01-27 00:00:00,0.9904334155814484
2023-01-30 00:00:00,0.9876261404124363
2023-01-31 00:00:00,0.9921712525908368
2023-02-01 00:00:00,0.9961816456894255
2023-02-02 00:00:00,0.99685004453919
2023-02-03 00:00:00,0.9880271797222951
2023-02-06 00:00:00,0.9818779103044593
2023-02-07 00:00:00,0.9805411126049295
2023-02-08 00:00:00,0.982278949614318
2023-02-09 00:00:00,0.9782685565157294
2023-02-10 00:00:00,0.9741244836471878
2023-02-13 00:00:00,0.9767980790462467
2023-02-14 00:00:00,0.9734560847974228
2023-02-15 00:00:00,0.9713172084781757
2023-02-16 00:00:00,0.9675741749194927
2023-02-17 00:00:00,0.9697130512387403
2023-02-21 00:00:00,0.961291225731704
2023-02-22 00:00:00,0.9634301020509513
2023-02-23 00:00:00,0.9638465412703086
2023-02-24 00:00:00,0.9642483672324833
2023-02-27 00:00:00,0.9626219394444728
2023-02-28 00:00:00,0.9623349315303786
2023-03-01 00:00:00,0.9702183848471748
2023-03-02 00:00:00,0.9722083907187388
2023-03-03 00:00:00,0.9648224574728872
2023-03-06 00:00:00,0.9670803473192343
2023-03-07 00:00:00,0.9681327592790565
2023-03-08 00:00:00,0.9689172872640955
2023-03-09 00:00:00,0.965683555627385
2023-03-10 00:00:00,0.9541454207723921
2023-03-13 00:00:00,0.9449005870487243
2023-03-14 00:00:00,0.9476187942169466
2023-03-15 00:00:00,0.9378921634457744
2023-03-16 00:00:00,0.9424037606986244
2023-03-17 00:00:00,0.9355247755322565
2023-03-20 00:00:00,0.9396480574753604
2023-03-21 00:00:00,0.9422180781794798
2023-03-22 00:00:00,0.933785831774128
2023-03-23 00:00:00,0.9340363156946978
2023-03-24 00:00:00,0.9331556241254815
2023-03-27 00:00:00,0.9234680168641005
2023-03-28 00:00:00,0.9218324468069843
2023-03-29 00:00:00,0.9228389514575173
2023-03-30 00:00:00,0.9240970822706838
2023-03-31 00:00:00,0.9288779793607158
2023-04-03 00:00:00,0.930513549417832
2023-04-04 00:00:00,0.9342879418573311
2023-04-05 00:00:00,0.9368042034836638
2023-04-06 00:00:00,0.9365525773210305
2023-04-10 00:00:00,0.9302619232551989
2023-04-11 00:00:00,0.9306393624991487
2023-04-12 00:00:00,0.9316458671496818
2023-04-13 00:00:00,0.9311426148244154
2023-04-14 00:00:00,0.9269907831409664
2023-04-17 00:00:00,0.9219582598883009
2023-04-18 00:00:00,0.9233422037827839
2023-04-19 00:00:00,0.9220840729696177
2023-04-20 00:00:00,0.9261100915717498
2023-04-21 00:00:00,0.9244745215146336
2023-04-24 00:00:00,0.928123100872816
2023-04-25 00:00:00,0.9341621287760145
2023-04-26 00:00:00,0.930890988661782
2023-04-27 00:00:00,0.9268649700596497
2023-04-28 00:00:00,0.9320233063936317
2023-05-01 00:00:00,0.920196876749868
2023-05-02 00:00:00,0.9292554186046658
2023-05-03 00:00:00,0.9331556241254815
2023-05-04 00:00:00,0.931897493312315
2023-05-05 00:00:00,0.9285005401167659
2023-05-08 00:00:00,0.9240970822706838
2023-05-09 00:00:00,0.9230905776201507
2023-05-10 00:00:00,0.928752166279399
2023-05-11 00:00:00,0.9317716802309984
2023-05-12 00:00:00,0.9268649700596497
2023-05-15 00:00:00,0.9244745215146336
2023-05-16 00:00:00,0.9222098860509341
2023-05-17 00:00:00,0.9205743159938179
2023-05-18 00:00:00,0.9167999235543189
2023-05-19 00:00:00,0.9142836619279862
2023-05-22 00:00:00,0.914032035765353
2023-05-23 00:00:00,0.9125261035072253
2023-05-24 00:00:00,0.9095152942572703
2023-05-25 00:00:00,0.9086484822742081
2023-05-26 00:00:00,0.9066337406283673
2023-05-30 00:00:00,0.9005714869511172
2023-05-31 00:00:00,0.8975313457426282
2023-06-01 00:00:00,0.8973873956500356
2023-06-02 00:00:00,0.9025321423777751
2023-06-05 00:00:00,0.9023881922851823
2023-06-06 00:00:00,0.9011109500168041
2023-06-07 00:00:00,0.9062556967445434
2023-06-08 00:00:00,0.901704499301674
2023-06-09 00:00:00,0.9035752908549222
2023-06-12 00:00:00,0.9016684418222187
2023-06-13 00:00:00,0.9056798963741728
2023-06-14 00:00:00,0.9049063395172547
2023-06-15 00:00:00,0.8992218498985997
2023-06-16 00:00:00,0.9012185628047128
2023-06-20 00:00:00,0.8999413205363348
2023-06-21 00:00:00,0.8984122355622265
2023-06-22 00:00:00,0.9028014541727756
2023-06-23 00:00:00,0.9001390770228819
2023-06-26 00:00:00,0.8989877561073686
2023-06-27 00:00:00,0.9007326263077516
2023-06-28 00:00:00,0.897818406452128
2023-06-29 00:00:00,0.9047260521199781
2023-06-30 00:00:00,0.9015599895586242
2023-07-03 00:00:00,0.9064528935806335
2023-07-05 00:00:00,0.9102125054268574
2023-07-06 00:00:00,0.915986858918922
2023-07-07 00:00:00,0.9164725155906546
2023-07-10 00:00:00,0.9133064530293006
2023-07-11 00:00:00,0.9113996039965971
2023-07-12 00:00:00,0.9042040581435616
2023-07-13 00:00:00,0.8986454898777717
2023-07-14 00:00:00,0.9029087871354559
2023-07-17 00:00:00,0.9018833875728077
2023-07-18 00:00:00,0.9007320666572947
2023-07-19 00:00:00,0.898573374918861
2023-07-20 00:00:00,0.9028366721765453
2023-07-21 00:00:00,0.9021890366724921
2023-07-24 00:00:00,0.903682064167145
2023-07-25 00:00:00,0.9046714062503379
2023-07-26 00:00:00,0.9016312650418491
2023-07-27 00:00:00,0.9094203601797544
2023-07-28 00:00:00,0.9062542976184005
2023-07-31 00:00:00,0.9045992912914272
2023-08-01 00:00:00,0.9126402291350629
2023-08-02 00:00:00,0.9155183915112314
2023-08-03 00:00:00,0.921040902297566
2023-08-04 00:00:00,0.9135935137388002
2023-08-07 00:00:00,0.9149606198805882
2023-08-08 00:00:00,0.9116686359663693
2023-08-09 00:00:00,0.9113987645209114
2023-08-10 00:00:00,0.9164175898957858
2023-08-11 00:00:00,0.9192957522719544
2023-08-14 00:00:00,0.9204110157080121
2023-08-15 00:00:00,0.9224077286141253
2023-08-16 00:00:00,0.9249081269316985
2023-08-17 00:00:00,0.9257715476620263
2023-08-18 00:00:00,0.9238646986293227
2023-08-21 00:00:00,0.9281279958870069
2023-08-22 00:00:00,0.9269766749714938
2023-08-23 00:00:00,0.9188996796484028
2023-08-24 00:00:00,0.9210223139073811
2023-08-25 00:00:00,0.9210042851676534
2023-08-28 00:00:00,0.9193492788406801
2023-08-29 00:00:00,0.9137907105748903
2023-08-30 00:00:00,0.9141504458937577
2023-08-31 00:00:00,0.9126213609196494
2023-09-01 00:00:00,0.9194030852346345
2023-09-05 00:00:00,0.924295989256644
2023-09-06 00:00:00,0.9252853313398366
2023-09-07 00:00:00,0.9222451901313476
2023-09-08 00:00:00,0.9219753186858899
2023-09-11 00:00:00,0.9233424248276779
2023-09-12 00:00:00,0.9226947893236249
2023-09-13 00:00:00,0.9212916257023818
2023-09-14 00:00:00,0.9227846531970345
2023-09-15 00:00:00,0.9245295233974176
2023-09-18 00:00:00,0.9235670845112022
2023-09-19 00:00:00,0.9255008367408829
2023-09-20 00:00:00,0.9266161001769405
2023-09-21 00:00:00,0.9321386109632751
2023-09-22 00:00:00,0.928468862990461
2023-09-25 00:00:00,0.934998744599716
2023-09-26 00:00:00,0.9358621653300437
2023-09-27 00:00:00,0.9389921704119424
2023-09-28 00:00:00,0.9367075573206437
2023-09-29 00:00:00,0.9370672926395113
2023-10-02 00:00:00,0.945485994541742
2023-10-03 00:00:00,0.9525195615624572
2023-10-04 00:00:00,0.9468350719438022
2023-10-05 00:00:00,0.9461874364397493
2023-10-06 00:00:00,0.949569284227378
2023-10-09 00:00:00,0.9407367607870967
2023-10-10 00:00:00,0.9416001815174245
2023-10-11 00:00:00,0.9375526694860151
2023-10-12 00:00:00,0.9450899219181906
2023-10-13 00:00:00,0.9410424098867812
2023-10-16 00:00:00,0.9455575498501955
2023-10-17 00:00:00,0.9512689426658275
2023-10-18 00:00:00,0.954965593835619
2023-10-19 00:00:00,0.9587252056818428
2023-10-20 00:00:00,0.9556221037969215
2023-10-23 00:00:00,0.9522671592062699
2023-10-24 00:00:00,0.949352939350646
2023-10-25 00:00:00,0.9558828209599011
2023-10-26 00:00:00,0.950072409988381
2023-10-27 00:00:00,0.9501173419250858
2023-10-30 00:00:00,0.9521770155076317
2023-10-31 00:00:00,0.9524108294736341
2023-11-01 00:00:00,0.9466004185021141
2023-11-02 00:00:00,0.9416084963242167
2023-11-03 00:00:00,0.9363647314405896
2023-11-06 00:00:00,0.9401243432868135
2023-11-07 00:00:00,0.9356990671968091
2023-11-08 00:00:00,0.9329107686940503
2023-11-09 00:00:00,0.9394406503033051
2023-11-10 00:00:00,0.9377856439763317
2023-11-13 00:00:00,0.9380194579423343
2023-11-14 00:00:00,0.9272981142090772
2023-11-15 00:00:00,0.9321910182310866
2023-11-16 00:00:00,0.9268842926710268
2023-11-17 00:00:00,0.9256070504026487
2023-11-20 00:00:00,0.9243298081342705
2023-11-21 00:00:00,0.9230525658658922
2023-11-22 00:00:00,0.9209081787931441
2023-11-24 00:00:00,0.9197350473551911
2023-11-27 00:00:00,0.9253400086698556
2023-11-28 00:00:00,0.9292504467963657
2023-11-29 00:00:00,0.9340733204857282
2023-11-30 00:00:00,0.9310753179220705
2023-12-01 00:00:00,0.9360285395489834
2023-12-04 00:00:00,0.9322484493600234
2023-12-05 00:00:00,0.9382444544873392
2023-12-06 00:00:00,0.9409817611758963
2023-12-07 00:00:00,0.9407210653007955
2023-12-08 00:00:00,0.9361588874865335
2023-12-11 00:00:00,0.9363544093928592
2023-12-12 00:00:00,0.9390265421126411
2023-12-13 00:00:00,0.9510185523672722
2023-12-14 00:00:00,0.9581876889325409
2023-12-15 00:00:00,0.9567538616194874
2023-12-18 00:00:00,0.954798642556232
2023-12-19 00:00:00,0.9566235136819369
2023-12-20 00:00:00,0.9597518641831451
2023-12-21 00:00:00,0.9596215162455948
2023-12-22 00:00:00,0.9562324698692859
2023-12-26 00:00:00,0.9571449054321384
2023-12-27 00:00:00,0.9632712584970042
2023-12-28 00:00:00,0.9609901695898733
2023-12-29 00:00:00,0.9587090806827423
